0,0.902603742444351
0.500250125062531,0.899010939647211
1.00050025012506,0.884233603016557
1.50075037518759,0.873605983774429
2.00100050025013,0.875795442222155
2.50125062531266,0.876151304614485
3.00150075037519,0.882448259488935
3.50175087543772,0.895331684404477
4.00200100050025,0.890747694265988
4.50225112556278,0.880578474037709
5.00250125062531,0.884348202770019
5.50275137568784,0.889891211898008
6.00300150075037,0.881453051103605
6.50325162581291,0.870529885128864
7.00350175087544,0.874016130260505
7.50375187593797,0.880668947527285
8.0040020010005,0.876555419534588
8.50425212606303,0.875156096229155
9.00450225112556,0.879933096478738
9.50475237618809,0.869058183031771
10.0050025012506,0.862875827910783
10.5052526263132,0.875711000298551
11.0055027513757,0.876875092531088
11.5057528764382,0.869208972181063
12.0060030015007,0.874938959854174
12.5062531265633,0.890536589456979
13.0065032516258,0.891411166522875
13.5067533766883,0.875825600052013
14.0070035017509,0.873744709791778
14.5072536268134,0.874914833590287
15.0075037518759,0.874456434576438
15.5077538769385,0.883925993152
16.008004002001,0.882424133225048
16.5082541270635,0.882966974162501
17.0085042521261,0.894185686869855
17.5087543771886,0.888932192908508
18.0090045022511,0.877019850114409
18.5092546273137,0.878413141853871
19.0095047523762,0.877972837537937
19.5097548774387,0.876362409423494
20.0100050025013,0.88623608291916
20.5102551275638,0.895217084651015
21.0105052526263,0.9032752567892
21.5107553776888,0.903691434841247
22.0110055027514,0.894246002529572
22.5112556278139,0.895711673060694
23.0115057528764,0.900633430893597
23.511755877939,0.891839407706865
24.0120060030015,0.881260040992511
24.512256128064,0.887213196606575
25.0125062531266,0.900711841251229
25.5127563781891,0.891091493526375
26.0130065032516,0.868756604733186
26.5132566283142,0.875578305847174
27.0135067533767,0.893256825710214
27.5137568784392,0.889553444203593
28.0140070035017,0.883865677492284
28.5142571285643,0.888751245929357
29.0145072536268,0.888389351971055
29.5147573786893,0.894625991185789
30.0150075037519,0.910585514746895
30.5152576288144,0.902654005494115
31.0155077538769,0.880681010659228
31.5157578789395,0.880789578846719
32.016008004002,0.892641605981101
32.5162581290645,0.900066463692258
33.0165082541271,0.900078526824201
33.5167583791896,0.897201469855703
34.0170085042521,0.900241379105437
34.5172586293147,0.896091661716911
35.0175087543772,0.888576330516178
35.5177588794397,0.891923849630469
36.0180090045023,0.89498788514409
36.5182591295648,0.889867085634121
37.0185092546273,0.891344819297186
37.5187593796898,0.902020691067087
38.0190095047524,0.906767533486812
38.5192596298149,0.903420014372521
39.0195097548774,0.890228979592422
39.51975987994,0.878214100176805
40.0200100050025,0.890192790196592
40.520260130065,0.899632190942296
41.0205102551276,0.888570298950206
41.5207603801901,0.884221539884614
42.0210105052526,0.888739182797414
42.5212606303152,0.884637717936661
43.0215107553777,0.875318948510391
43.5217608804402,0.877870300916418
44.0220110055028,0.887345891057952
44.5222611305653,0.899029034345126
45.0225112556278,0.906182471587557
45.5227613806903,0.901327060980343
46.0230115057529,0.892955247411629
46.5232616308154,0.881875260721624
47.0235117558779,0.884215508318642
47.5237618809405,0.896393240015495
48.024012006003,0.905573283424416
48.5242621310655,0.91458444298613
49.0245122561281,0.904294591438417
49.5247623811906,0.892309869852657
50.0250125062531,0.896779260237684
50.5252626313157,0.904578075039086
51.0255127563782,0.9139089075973
51.5257628814407,0.910482978125376
52.0260130065032,0.902684163323974
52.5262631315658,0.901327060980343
53.0265132566283,0.899511559622862
53.5267633816908,0.90188799661571
54.0270135067534,0.909373169986585
54.5272636318159,0.910193462958735
55.0275137568784,0.900199158143635
55.527763881941,0.898751582310428
56.0280140070035,0.899903611411022
56.528264132066,0.900319789463069
57.0285142571286,0.908782076521358
57.5287643821911,0.913317814132073
58.0290145072536,0.913794307843837
58.5292646323162,0.918565276527449
59.0295147573787,0.918860823260062
59.5297648824412,0.914964431642346
60.0300150075037,0.91775101512127
60.5302651325663,0.918263698228864
61.0305152576288,0.9232638664194
61.5307653826913,0.928939569998765
62.0310155077539,0.923879086148513
62.5312656328164,0.922853719933324
63.0315157578789,0.920429030412703
63.5317658829415,0.912618152479357
64.032016008004,0.910253778618452
64.5322661330665,0.915374578128422
65.0325162581291,0.924753663214408
65.5327663831916,0.926949153228106
66.0330165082541,0.926237428443446
66.5332666333167,0.930453493057661
67.0335167583792,0.925857439787229
67.5337668834417,0.916526607229016
68.0340170085043,0.917401184294911
68.5342671335668,0.916906595885232
69.0345172586293,0.914578411420158
69.5347673836918,0.926195207481644
70.0350175087544,0.937727561619526
70.5352676338169,0.937540583074403
71.0355177588794,0.936129196637026
71.535767883942,0.933662286154603
72.0360180090045,0.926249491575389
72.536268134067,0.922316910561843
73.0365182591296,0.933282297498386
73.5367683841921,0.949519273094191
74.0370185092546,0.950436071121889
74.5372686343172,0.938662454345139
75.0375187593797,0.931050618088859
75.5377688844422,0.925447293301153
76.0380190095048,0.922606425728485
76.5382691345673,0.929017980356397
77.0385192596298,0.928040866668983
77.5387693846923,0.933071192689377
78.0390195097549,0.952842665944595
78.5392696348174,0.959308504666253
79.0395197598799,0.956316847944292
79.5397698849425,0.952547119211982
80.040020010005,0.947438382833956
80.5402701350675,0.943089623768363
81.0405202601301,0.939886862237393
81.5407703851926,0.937504393678573
82.0410205102551,0.925658398110163
82.5412706353177,0.922075647922976
83.0415207603802,0.943192160389882
83.5417708854427,0.957879023530961
84.0420210105053,0.954621977906245
84.5422711355678,0.950550670875351
85.0425212606303,0.951570005524567
85.5427713856928,0.946394921920853
86.0430215107554,0.939524968279091
86.5432716358179,0.949169442267833
87.0435217608804,0.951811268163435
87.543771885943,0.942667414150345
88.0440220110055,0.942287425494128
88.544272136068,0.94336104423709
89.0445222611306,0.948180265448474
89.5447723861931,0.953469948805652
90.0450225112556,0.950526544611464
90.5452726363182,0.948873895535219
91.0455227613807,0.944983535483476
91.5457728864432,0.949187536965748
92.0460230115058,0.959742777416215
92.5462731365683,0.950218934746908
93.0465232616308,0.946780942143041
93.5467733866933,0.956190185058886
94.0470235117559,0.955321639558962
94.5472736368184,0.956552079017188
95.0475237618809,0.961407489624403
95.5477738869435,0.954163578892397
96.048024012006,0.945031788011249
96.5482741370685,0.944096895285636
97.0485242621311,0.943584212178042
97.5487743871936,0.956944130805348
98.0490245122561,0.969236462255664
98.5492746373187,0.959079305159328
99.0495247623812,0.952746160889048
99.5497748874437,0.959380883457913
100.050025012506,0.959205968044734
100.550275137569,0.950876375437822
101.050525262631,0.954169610458368
101.550775387694,0.959917692829394
102.051025512756,0.95413945262851
102.551275637819,0.944157210945353
103.051525762881,0.941666174199043
103.551775887944,0.951576037090539
104.052026013006,0.958789789992687
104.552276138069,0.954833082715255
105.052526263132,0.957764423777499
105.552776388194,0.971721467436003
106.053026513257,0.972312560901229
106.553276638319,0.970907206029824
107.053526763382,0.969743113797287
107.553776888444,0.963820116013081
108.054027013507,0.967939675571749
108.554277138569,0.970665943390956
109.054527263632,0.967312392710693
109.554777388694,0.967644128839136
110.055027513757,0.972427160654691
110.555277638819,0.970732290616645
111.055527763882,0.967306361144721
111.555777888944,0.970068818359758
112.056028014007,0.967650160405108
112.55627813907,0.96353060084644
113.056528264132,0.96150399467995
113.556778389195,0.959242157440564
114.057028514257,0.964622314287317
114.55727863932,0.973856641789983
115.057528764382,0.976854330077916
115.557778889445,0.977421297279255
116.058029014507,0.978911094074264
116.55827913957,0.973006190987974
117.058529264632,0.96103956410013
117.558779389695,0.95175698406969
118.059029514757,0.960599259784196
118.55927963982,0.980262164851924
119.059529764882,0.982849706653781
119.559779889945,0.976263236612689
120.060030015007,0.973078569779634
120.56028014007,0.974043620335105
121.060530265133,0.975539448696086
121.560780390195,0.97676385658834
122.061030515258,0.979140293581188
122.56128064032,0.981197057577537
123.061530765383,0.990202185573278
123.561780890445,0.989255229715722
124.062031015508,0.966486068172571
124.56228114057,0.950182745351077
125.062531265633,0.956871752013688
125.562781390695,0.972982064724087
126.063031515758,0.982156076567036
126.56328164082,0.976468309855727
127.063531765883,0.97181797249155
127.563781890945,0.981118647219904
128.064032016008,0.99056407953158
128.564282141071,0.987029581872166
129.064532266133,0.976450215157812
129.564782391196,0.968271411700193
130.065032516258,0.964218199367213
130.565282641321,0.968452358679344
131.065532766383,0.97192654067904
131.565782891446,0.973983304675389
132.066033016508,0.981914813928168
132.566283141571,0.986432456840968
133.066533266633,0.98668578261178
133.566783391696,0.989454271392788
134.067033516758,0.980618027244254
134.567283641821,0.96801205436341
135.067533766883,0.968343790491853
135.567783891946,0.968862505165419
136.068034017009,0.970557375203465
136.568284142071,0.980382796171358
137.068534267134,0.985871521205601
137.568784392196,0.976347678536293
138.069034517259,0.977825412199359
138.569284642321,0.991740234896061
139.069534767384,0.995624563381833
139.569784892446,0.995292827253389
140.070035017509,0.994267461038201
140.570285142571,0.993067179409834
141.070535267634,0.988477157705373
141.570785392696,0.979158388279103
142.071035517759,0.977771128105613
142.571285642821,0.981384036122659
143.071535767884,0.978313969043066
143.571785892946,0.977728907143812
144.072036018009,0.981872592966366
144.572286143072,0.986100720712525
145.072536268134,0.984815997160554
145.572786393197,0.981058331560188
146.073036518259,0.984436008504337
146.573286643322,0.984809965594582
147.073536768384,0.984460134768224
147.573786893447,0.998338768069096
148.074037018509,1.0136167246754
148.574287143572,1.00013617472866
149.074537268634,0.976432120459897
149.574787393697,0.972867464970625
150.075037518759,0.974290914539945
150.575287643822,0.982493844261451
151.075537768884,0.994816333541625
151.575787893947,0.985503595681327
152.07603801901,0.970702132786786
152.576288144072,0.985702637358393
153.076538269135,1.00333290469366
153.576788394197,0.993254157954956
154.07703851926,0.987928285201949
154.577288644322,1.00100472022859
155.077538769385,1.00665629754406
155.577788894447,0.999545081263435
156.07803901951,0.996601677069247
156.578289144572,1.00127614069731
157.078539269635,1.00636678237742
157.578789394697,1.00456334415189
158.07903951976,0.996348351298436
158.579289644822,0.990111712083703
159.079539769885,1.00165009778756
159.579789894947,1.01433448102603
160.08004002001,1.00461159667966
160.580290145073,0.992228791739768
161.080540270135,0.989972986066354
161.580790395198,0.989412050430986
162.08104052026,0.987855906410289
162.581290645323,0.983567463004413
163.081540770385,0.991336119975957
163.581790895448,1.0097806487174
164.08204102051,1.00944891258896
164.582291145573,1.00345956757907
165.082541270635,0.994599197166644
165.582791395698,0.98786193797626
166.08304152076,0.997247054628219
166.583291645823,1.00263927460691
167.083541770885,0.99742800160737
167.583791895948,0.996402635392181
168.084042021011,1.0061798038323
168.584292146073,1.00794102109604
169.084542271136,1.00023267978421
169.584792396198,0.995184259065899
170.085042521261,0.991891024045353
170.585292646323,0.993429073368135
171.085542771386,0.995540121458229
171.585792896448,0.994526818374984
172.086043021511,0.992162444514079
172.586293146573,0.992445928114749
173.086543271636,1.00080567855152
173.586793396698,1.00472016486715
174.087043521761,0.991251678052353
174.587293646823,0.980147565098461
175.087543771886,0.991414530333589
175.587793896948,1.00342337818324
176.088044022011,1.00703025463431
176.588294147074,1.01598109853631
177.088544272136,1.01588459348076
177.588794397199,1.00424970272136
178.089044522261,1.00714485438777
178.589294647324,1.01264564255396
179.089544772386,1.00371289334988
179.589794897449,0.999466670905803
180.090045022511,1.00519665857891
180.590295147574,1.0009383730029
181.090545272636,0.988724451910213
181.590795397699,0.996680087426879
182.091045522761,1.00699406523848
182.591295647824,1.0001482378606
183.091545772886,0.99707213921504
183.591795897949,0.997970842544822
184.092046023012,1.00076948915569
184.592296148074,1.00860449335292
185.092546273137,1.01684964403623
185.592796398199,1.01498589015098
186.093046523262,0.999237471398878
186.593296648324,0.993507483725767
187.093546773387,0.996167404319285
187.593796898449,0.996179467451229
188.094047023512,1.00012411159672
188.594297148574,1.00549220531153
189.094547273637,1.01099902504368
189.594797398699,1.01245866400884
190.095047523762,1.00235579100625
190.595297648824,0.991746266462032
191.095547773887,0.998519715048246
191.595797898949,1.00537157399209
192.096048024012,1.00221103342292
192.596298149075,1.00552839470736
193.096548274137,1.01326689384904
193.5967983992,1.01069141517913
194.097048524262,1.00172247657922
194.597298649325,0.996891192235889
195.097548774387,0.99832067337118
195.59779889945,1.00009395376686
196.098049024512,0.994026198399333
196.598299149575,0.992439896548777
197.098549274637,1.00248848545762
197.5987993997,1.01186153897764
198.099049524762,1.01037174218263
198.599299649825,1.00508809039142
199.099549774887,1.00252467485345
199.59979989995,0.997723548339983
200.100050025013,0.997699422076096
200.600300150075,0.998827324912803
201.100550275138,0.994068419361135
201.6008004002,0.999412386812057
202.101050525263,1.0119761387311
202.601300650325,1.0191778285013
203.101550775388,1.01963622751515
203.60180090045,1.02595730865349
204.102051025513,1.03174158042035
204.602301150575,1.01484113256765
205.102551275638,1.00557664723513
205.6028014007,1.01207867535262
206.103051525763,1.01145742405753
206.603301650825,1.00523887954072
207.103551775888,1.00196373921808
207.60380190095,1.01604744576199
208.104052026013,1.02852072419146
208.604302151076,1.01865308226177
209.104552276138,1.00764547436342
209.604802401201,1.00759119026968
210.105052526263,1.01383989261635
210.605302651326,1.01686773873414
211.105552776388,1.0116986866964
211.605802901451,1.00792895796409
212.106053026513,1.0096962067938
212.606303151576,1.01328498854696
213.106553276638,1.01318245192544
213.606803401701,1.01195804403318
214.107053526763,1.01811024132431
214.607303651826,1.03001655255244
215.107553776888,1.03058955131975
215.607803901951,1.01243453774495
216.108054027014,1.00124598286745
216.608304152076,1.0022170649889
217.108554277139,0.996836908142143
217.608804402201,0.990533921701721
218.109054527264,0.988742546608128
218.609304652326,0.996300098770663
219.109554777389,1.01405702899133
219.609804902451,1.01910544970964
220.110055027514,1.01165043416863
220.610305152576,1.01471446968225
221.110555277639,1.02691029607702
221.610805402701,1.03333391383687
222.111055527764,1.02136125538306
222.611305652826,1.00368273552002
223.111555777889,1.00228944378056
223.611805902951,1.00697597054056
224.112056028014,1.00529316363446
224.612306153077,1.00496745907199
225.112556278139,1.00386368249917
225.612806403202,0.998368925898954
226.113056528264,1.00181295006879
226.613306653327,1.00095646770081
227.113556778389,0.993043053145947
227.613806903452,0.993796998892409
228.114057028514,1.00218690715904
228.614307153577,1.01120409828672
229.114557278639,1.01382782948441
229.614807403702,1.01028126869305
230.115057528764,0.998905735270435
230.615307653827,0.99237958088906
231.115557778889,0.995871857586672
231.615807903952,0.999400323680114
232.116058029015,1.00456937571786
232.616308154077,1.01098696191174
233.11655827914,1.01003397448821
233.616808404202,1.00239801196805
234.117058529265,1.00082980481541
234.617308654327,1.00836323071405
235.11755877939,1.01265167411993
235.617808904452,1.00900257670705
236.118059029515,1.00312179988465
236.618309154577,0.995630594947804
237.11855927964,0.992657032923758
237.618809404702,1.00169835031533
238.119059529765,1.01048031037012
238.619309654827,1.00900257670705
239.11955977989,1.01073363614093
239.619809904952,1.01514874243221
240.120060030015,1.01671694958485
240.620310155078,1.02185584379274
241.12056028014,1.02728425316726
241.620810405203,1.01941909114017
242.121060530265,1.0017043818813
242.621310655328,1.00256086424928
243.12156078039,1.00736199076275
243.621810905453,1.00222912812084
244.122061030515,1.01103521443951
244.622311155578,1.02086063540741
245.12256128064,1.02068571999423
245.622811405703,1.01903307091798
246.123061530765,1.01603538263005
246.623311655828,1.02038414169564
247.12356178089,1.02082444601158
247.623811905953,1.01347799865805
248.124062031016,1.0138519557483
248.624312156078,1.01355037744971
249.124562281141,1.01002794292224
249.624812406203,1.0090568608008
250.125062531266,1.00567918385665
250.625312656328,1.00286847411384
251.125562781391,1.01022095303334
251.625812906453,1.01560714144606
252.126063031516,1.01583634095298
252.626313156578,1.02314659891068
253.126563281641,1.02657855994857
253.626813406703,1.02622872912222
254.127063531766,1.02651221272289
254.627313656828,1.01687980186609
255.127563781891,1.00687946548502
255.627813906953,1.00355004106864
256.128064032016,1.00464778607549
256.628314157079,1.01520905809193
257.128564282141,1.02399101814672
257.628814407204,1.02215742209132
258.129064532266,1.01944924897003
258.629314657329,1.01788104181739
259.129564782391,1.01259739002618
259.629814907454,1.01221740136997
260.130065032516,1.01613791925157
260.630315157579,1.011572023811
261.130565282641,1.00944288102299
261.630815407704,1.02084254070949
262.131065532766,1.02601762431321
262.631315657829,1.0196905116089
263.131565782891,1.02385832369534
263.631815907954,1.03031209928505
264.132066033016,1.02788740976443
264.632316158079,1.02858707141715
265.132566283142,1.02995020532675
265.632816408204,1.02432878584113
266.133066533267,1.02381610273354
266.633316658329,1.03218791630225
267.133566783392,1.03490212098951
267.633816908454,1.0301311523059
268.134067033517,1.02754361050405
268.634317158579,1.02286311531001
269.134567283642,1.01501604798083
269.634817408704,1.02457004848
270.135067533767,1.04083718190566
270.635317658829,1.03640398091647
271.135567783892,1.02860516611506
271.635817908954,1.03341232419451
272.136068034017,1.03101779250374
272.63631815908,1.0276823365214
273.136568284142,1.03206125341685
273.636818409205,1.02283295748015
274.137068534267,1.00721120161346
274.63731865933,1.00943081789104
275.137568784392,1.02217551678924
275.637818909455,1.02765217869154
276.138069034517,1.03090319275028
276.63831915958,1.02194631728231
277.138569284642,1.00408081887415
277.638819409705,1.01287484206088
278.139069534767,1.02702489583048
278.63931965983,1.02254947387948
279.139569784892,1.02130697128931
279.639819909955,1.02425640704947
280.140070035018,1.02025747881024
280.64032016008,1.01974479570264
281.140570285143,1.01440082825172
281.640820410205,0.999852691127991
282.141070535268,1.00613155130453
282.64132066033,1.02638554983748
283.141570785393,1.0326885362779
283.641820910455,1.02481131111887
284.142071035518,1.02068571999423
284.64232116058,1.02631920261179
285.142571285643,1.03343041889242
285.642821410705,1.0400410151974
286.143071535768,1.04000482580157
286.64332166083,1.0315606334412
287.143571785893,1.02741091605267
287.643821910955,1.02115015057405
288.144072036018,1.01146345562351
288.644322161081,1.01485922726557
289.144572286143,1.02357484009467
289.644822411206,1.02954609040665
290.145072536268,1.03252568399667
290.645322661331,1.02017303688663
291.145572786393,1.00508809039142
291.645822911456,1.01090855155411
292.146073036518,1.02121649779974
292.646323161581,1.02187997005662
293.146573286643,1.02225392714687
293.646823411706,1.02502241592788
294.147073536768,1.03436531161803
294.647323661831,1.03748966279137
295.147573786893,1.02733250569504
295.647823911956,1.02038414169564
296.148074037018,1.0186892716576
296.648324162081,1.02713346401797
297.148574287144,1.03618684454149
297.648824412206,1.0242925964453
298.149074537269,1.00870702997444
298.649324662331,1.01142726622768
299.149574787394,1.01069141517913
299.649824912456,1.00264530617289
300.150075037519,1.00988921690489
300.650325162581,1.0257642985424
301.150575287644,1.02739885292073
301.650825412706,1.01552873108843
302.151075537769,1.01540809976899
302.651325662831,1.02303803072319
303.151575787894,1.02263391580309
303.651825912956,1.02085460384144
304.152076038019,1.02507066845565
304.652326163082,1.03454625859718
305.152576288144,1.03877438634334
305.652826413207,1.02947974318096
306.153076538269,1.02025747881024
306.653326663332,1.01350815648791
307.153576788394,1.00501571159976
307.653826913457,1.01035364748471
308.154077038519,1.01944924897003
308.654327163582,1.0262106344243
309.154577288644,1.02424434391753
309.654827413707,1.00619789853022
310.155077538769,1.00008792220089
310.655327663832,1.01176503392209
311.155577788894,1.02083650914352
311.655827913957,1.01550460482454
312.15607803902,1.02248312665379
312.656328164082,1.04062004553068
313.156578289145,1.0443234270373
313.656828414207,1.04312314540894
314.15707853927,1.03362342900352
314.657328664332,1.03221204256614
315.157578789395,1.03437737474998
315.657828914457,1.0182188095118
316.15807903952,1.01391830297399
316.658329164582,1.02631920261179
317.158579289645,1.03095747684403
317.658829414707,1.02487765834456
318.15907953977,1.01198820186304
318.659329664832,1.00738008546067
319.159579789895,1.01400877646356
319.659829914957,1.01997399520957
320.16008004002,1.02540240458409
320.660330165083,1.02382816586548
321.160580290145,1.02294152566764
321.660830415208,1.02038414169564
322.16108054027,1.01730804305008
322.661330665333,1.03063780384753
323.161580790395,1.03583701371513
323.661830915458,1.02827342998662
324.16208104052,1.02747123171239
324.662331165583,1.0254446255459
325.162581290645,1.02500432122996
325.662831415708,1.03221807413211
326.16308154077,1.03246536833695
326.663331665833,1.02358087166064
327.163581790895,1.01809817819237
327.663831915958,1.01499795328292
328.16408204102,1.01470240655031
328.664332166083,1.02187997005662
329.164582291146,1.02212123269549
329.664832416208,1.02628904478193
330.165082541271,1.03956452148564
330.665332666333,1.03713983196501
331.165582791396,1.02357484009467
331.665832916458,1.01363481937332
332.166083041521,1.02122252936571
332.666333166583,1.02755567363599
333.166583291646,1.01403290272745
333.666833416708,1.01109553009923
334.167083541771,1.02636142357359
334.667333666833,1.03607224478802
335.167583791896,1.02770646278528
335.667833916959,1.0122535907658
336.168084042021,1.00386368249917
336.668334167084,1.00528110050252
337.168584292146,1.01687980186609
337.668834417209,1.02762202086168
338.169084542271,1.03351486081602
338.669334667334,1.03295995674663
339.169584792396,1.02466052196958
339.669834917459,1.03265837844804
340.170085042521,1.04549958240178
340.670335167584,1.03718205292682
341.170585292646,1.02836993504217
341.670835417709,1.03075843516696
342.171085542771,1.03444372197567
342.671335667834,1.03445578510761
343.171585792896,1.02959434293442
343.671835917959,1.02290533627181
344.172086043022,1.02431069114322
344.672336168084,1.0321999794342
345.172586293147,1.03084890865654
345.672836418209,1.02952799570873
346.173086543272,1.04279140928049
346.673336668334,1.05421519523088
347.173586793397,1.0483525131064
347.673836918459,1.03766457820455
348.174087043522,1.03572241396167
348.674337168584,1.0326885362779
349.174587293647,1.02575223541045
349.674837418709,1.02856294515326
350.175087543772,1.03284535699317
350.675337668834,1.02438910150085
351.175587793897,1.01499795328292
351.675837918959,1.0185384825083
352.176088044022,1.02350849286898
352.676338169085,1.01576396216132
353.176588294147,1.01381576635247
353.67683841921,1.03144000212176
354.177088544272,1.03691063245809
354.677338669335,1.02516114194523
355.177588794397,1.02709124305617
355.67783891946,1.0318803064377
356.178089044522,1.03101176093777
356.678339169585,1.03910009090582
357.178589294647,1.04352726032904
357.67883941971,1.03792996710731
358.179089544772,1.03254377869458
358.679339669835,1.02353865069884
359.179589794897,1.01511858460235
359.67983991996,1.01463002775865
360.180090045022,1.02431672270919
360.680340170085,1.03887692296486
361.180590295148,1.04172985366947
361.68084042021,1.0385270921385
362.181090545273,1.0370795163053
362.681340670335,1.03675381174283
363.181590795398,1.036928727156
363.68184092046,1.0300044894205
364.182091045523,1.02350246130301
364.682341170585,1.03289964108691
365.182591295648,1.05460121545307
365.68284142071,1.06136863247332
366.183091545773,1.03964293184327
366.683341670835,1.00962382800214
367.183591795898,1.00601091998509
367.683841920961,1.0273626635249
368.184092046023,1.03227235822586
368.684342171086,1.03023972049339
369.184592296148,1.03762838880872
369.684842421211,1.03531226747559
370.185092546273,1.03185618017381
370.685342671336,1.03355105021186
371.185592796398,1.03305646180218
371.685842921461,1.03443165884372
372.186093046523,1.03534242530545
372.686343171586,1.03266441001402
373.186593296648,1.02789947289638
373.686843421711,1.02203679077189
374.187093546773,1.02253137918157
374.687343671836,1.0309212874482
375.187593796898,1.04150668572852
375.687843921961,1.04331012395406
376.188094047024,1.0362471602012
376.688344172086,1.03050510939615
377.188594297149,1.03528210964573
377.688844422211,1.0436418600825
378.189094547274,1.03948007956203
378.689344672336,1.02834580877828
379.189594797399,1.02376181863979
379.689844922461,1.02705505366034
380.190095047524,1.02806835674358
380.690345172586,1.02874389213241
381.190595297649,1.03473323714231
381.690845422711,1.03363549213546
382.191095547774,1.02219964305312
382.691345672836,1.02019113158455
383.191595797899,1.02794772542415
383.691845922961,1.03507703640269
384.192096048024,1.03019146796562
384.692346173087,1.02104158238656
385.192596298149,1.02832771408037
385.692846423212,1.03646429657618
386.193096548274,1.03593351877067
386.693346673337,1.02695854860479
387.193596798399,1.011572023811
387.693846923462,1.01124631924852
388.194097048524,1.02784518880263
388.694347173587,1.03689856932615
389.194597298649,1.0342869012604
389.694847423712,1.03203109558699
390.195097548774,1.03601192912831
390.695347673837,1.0368020642706
391.195597798899,1.02983560557329
391.695847923962,1.03033622554894
392.196098049024,1.03587923467693
392.696348174087,1.03815313504826
393.19659829915,1.03769473603441
393.696848424212,1.02777884157694
394.197098549275,1.01382179791844
394.697348674337,1.0140208395955
395.1975987994,1.02462433257375
395.697848924462,1.03327962974313
396.198099049525,1.04267680952703
396.698349174587,1.03896136488847
397.19859929965,1.02513098411537
397.698849424712,1.03934135354468
398.199099549775,1.0552767508419
398.699349674837,1.04467928942963
399.1995997999,1.04029434096821
399.699849924963,1.047797609037
400.200100050025,1.04460691063797
400.700350175088,1.03415420680902
401.20060030015,1.036078276354
401.700850425213,1.04210381075972
402.201100550275,1.04029434096821
402.701350675338,1.03206728498282
403.2016008004,1.02855088202132
403.701850925463,1.03053526722601
404.202101050525,1.02997433159064
404.702351175588,1.03623509706926
405.20260130065,1.04010736242309
405.702851425713,1.03134952863219
406.203101550775,1.0233757984176
406.703351675838,1.02057112024077
407.2036018009,1.02507066845565
407.703851925963,1.03172348572243
408.204102051026,1.02402720754255
408.704352176088,1.01818262011597
409.204602301151,1.02876198683033
409.704852426213,1.03341835576048
410.205102551276,1.03308058806606
410.705352676338,1.03315296685772
411.205602801401,1.02701886426451
411.705852926463,1.02107174021642
412.206103051526,1.0167712336786
412.706353176588,1.02498019496608
413.206603301651,1.0384426502149
413.706853426713,1.03978165786062
414.207103551776,1.04165747487781
414.707353676838,1.04930550052992
415.207603801901,1.04292410373187
415.707853926963,1.02630110791388
416.208104052026,1.02040223639356
416.708354177089,1.02107777178239
417.208604302151,1.0246544904036
417.708854427214,1.03273678880568
418.209104552276,1.03485990002771
418.709354677339,1.02578842480628
419.209604802401,1.02113205587613
419.709854927464,1.02751345267419
420.210105052526,1.03099969780583
420.710355177589,1.02605381370904
421.210605302651,1.0284905663616
421.710855427714,1.02982957400732
422.211105552776,1.02034795229981
422.711355677839,1.0229716834975
423.211605802901,1.02585477203197
423.711855927964,1.02121046623377
424.212106053027,1.02307422011902
424.712356178089,1.02330341962594
425.212606303152,1.02230821124061
425.712856428214,1.02998639472258
426.213106553277,1.0385270921385
426.713356678339,1.03654873849979
427.213606803402,1.0345221323333
427.713856928464,1.03393707043404
428.214107053527,1.02905150199697
428.714357178589,1.02703695896242
429.214607303652,1.02662681247635
429.714857428714,1.0220971064316
430.215107553777,1.02672934909787
430.715357678839,1.03990832074602
431.215607803902,1.04426311137759
431.715857928965,1.03985403665228
432.216108054027,1.02493797400427
432.71635817909,1.02247709508782
433.216608304152,1.03666333825325
433.716858429215,1.03865375502391
434.217108554277,1.038207419142
434.71735867934,1.04609067586701
435.217608804402,1.04151874886046
435.717858929465,1.02942545908722
436.218109054527,1.03354501864588
436.71835917959,1.03223013726405
437.218609304652,1.01763374761255
437.718859429715,1.01635505562655
438.219109554777,1.02743504231656
438.71935967984,1.03664524355533
439.219609804902,1.04011942555503
439.719859929965,1.03479355280202
440.220110055028,1.02148188670249
440.72036018009,1.01625251900503
441.220610305153,1.02112602431016
441.720860430215,1.01676520211263
442.221110555278,1.01192788620333
442.72136068034,1.02004637400123
443.221610805403,1.02479924798692
443.721860930465,1.0223745584663
444.222111055528,1.03410595428125
444.72236118059,1.05094608647423
445.222611305653,1.0447938891831
445.722861430715,1.03530623590962
446.223111555778,1.03761632567678
446.72336168084,1.03822551383992
447.223611805903,1.0351614783263
447.723861930965,1.03243521050709
448.224112056028,1.03717602136084
448.724362181091,1.03368374466323
449.224612306153,1.02084254070949
449.724862431216,1.02061937276854
450.225112556278,1.02642173923331
450.725362681341,1.02774868374708
451.225612806403,1.02254344231351
451.725862931466,1.01998605834151
452.226113056528,1.02535415205632
452.726363181591,1.02736869509087
453.226613306653,1.02495003713622
453.726863431716,1.01812833602223
454.227113556778,1.01405099742536
454.727363681841,1.02636142357359
455.227613806903,1.03357517647574
455.727863931966,1.03031813085103
456.228114057029,1.0324110842432
456.728364182091,1.02744107388253
457.228614307154,1.02479321642095
457.728864432216,1.03569225613181
458.229114557279,1.04353932346098
458.729364682341,1.0451980041032
459.229614807404,1.03631350742689
459.729864932466,1.02538430988618
460.230115057529,1.02371959767799
460.730365182591,1.01818865168195
461.230615307654,1.01499795328292
461.730865432716,1.02195838041426
462.231115557779,1.02844231383383
462.731365682841,1.02982354244135
463.231615807904,1.03464276365273
463.731865932966,1.04431739547133
464.232116058029,1.04524625663097
464.732366183092,1.04094575009315
465.232616308154,1.03838836612115
465.732866433217,1.02963656389622
466.233116558279,1.01721153799453
466.733366683342,1.01687377030012
467.233616808404,1.02920229114626
467.733866933467,1.03209744281268
468.234117058529,1.0255290674695
468.734367183592,1.02626491851805
469.234617308654,1.0307282773371
469.734867433717,1.03222410569808
470.235117558779,1.03018543639965
470.735367683842,1.02605381370904
471.235617808904,1.02171108620942
471.735867933967,1.01775437893198
472.23611805903,1.02215742209132
472.736368184092,1.03536052000336
473.236618309155,1.03867184972182
473.736868434217,1.03081271926071
474.23711855928,1.02835184034425
474.737368684342,1.02564969878893
475.237618809405,1.01999812147345
475.737868934467,1.01794135747711
476.23811905953,1.01187963367555
476.738369184592,1.01151773971725
477.238619309655,1.02645792862914
477.738869434717,1.03280916759734
478.23911955978,1.03414817524305
478.739369684842,1.03868994441974
479.239619809905,1.02963656389622
479.739869934967,1.02040826795953
480.24012006003,1.0165360026057
480.740370185093,1.01701852788344
481.240620310155,1.01966638534501
481.740870435218,1.01735026401188
482.24112056028,1.02326119866414
482.741370685343,1.02986576340315
483.241620810405,1.03034225711491
483.741870935468,1.03377421815281
484.24212106053,1.03257393652444
484.742371185593,1.02759789459779
485.242621310655,1.03011908917396
485.742871435718,1.03569828769778
486.24312156078,1.03726046328445
486.743371685843,1.03663921198936
487.243621810905,1.0326885362779
487.743871935968,1.0311323922572
488.244122061031,1.0322844213578
488.744372186093,1.02586080359794
489.244622311156,1.02198853824411
489.744872436218,1.02831565094842
490.245122561281,1.03110223442735
490.745372686343,1.02507670002162
491.245622811406,1.02326723023011
491.745872936468,1.03205522185087
492.246123061531,1.04302060878742
492.746373186593,1.04048131951333
493.246623311656,1.03564400360403
493.746873436718,1.04352726032904
494.247123561781,1.04544529830804
494.747373686843,1.04390121741928
495.247623811906,1.04081908720775
495.747873936968,1.0324110842432
496.248124062031,1.03430499595832
496.748374187094,1.04016164651683
497.248624312156,1.03864772345794
497.748874437219,1.03481164749994
498.249124562281,1.03434118535415
498.749374687344,1.03609033948594
499.249624812406,1.03862962876002
499.749874937469,1.03385262851044
500.250125062531,1.02633729730971
500.750375187594,1.03237489484737
501.250625312656,1.03773695699621
501.750875437719,1.03084287709056
502.251125562781,1.02219964305312
502.751375687844,1.01774231580004
503.251625812906,1.01634299249461
503.751875937969,1.02259169484128
504.252126063032,1.0294495853511
504.752376188094,1.03103588720166
505.252626313157,1.03229045292377
505.752876438219,1.03251362086472
506.253126563282,1.03788171457953
506.753376688344,1.03794806180522
507.253626813407,1.02560747782713
507.753876938469,1.01815849385209
508.254127063532,1.0180077047028
508.754377188594,1.02286914687598
509.254627313657,1.02891880754559
509.754877438719,1.02246503195588
510.255127563782,1.01827912517152
510.755377688844,1.02234440063644
511.255627813907,1.02066159373034
511.755877938969,1.02536018362229
512.256128064032,1.03354501864588
512.756378189095,1.03037241494477
513.256628314157,1.02664490717426
513.75687843922,1.03212760064253
514.257128564282,1.03192855896547
514.757378689345,1.02873182900047
515.257628814407,1.03858137623225
515.75787893947,1.04635003320379
516.258129064532,1.03785155674967
516.758379189595,1.03375612345489
517.258629314657,1.04014958338489
517.75887943972,1.0223323375045
518.259129564782,0.999683807280784
518.759379689845,1.0125310428005
519.259629814907,1.03485386846174
519.75987993997,1.03517957302421
520.260130065033,1.02830961938245
520.760380190095,1.03099366623986
521.260630315158,1.02628301321596
521.76088044022,1.01943718583809
522.261130565283,1.02311644108082
522.761380690345,1.02596937178543
523.261630815408,1.02798391481998
523.76188094047,1.03441959571178
524.262131065533,1.04311108227699
524.762381190595,1.04732111532524
525.262631315658,1.04308695601311
525.76288144072,1.03900358585027
526.263131565783,1.03768870446844
526.763381690845,1.03180792764603
527.263631815908,1.03033019398297
527.76388194097,1.02642777079928
528.264132066033,1.01549857325857
528.764382191096,1.02421418608767
529.264632316158,1.04162128548198
529.764882441221,1.04085527660358
530.265132566283,1.02851469262549
530.765382691346,1.01830928300138
531.265632816408,1.01788707338336
531.765882941471,1.02570398288268
532.266133066533,1.03016734170173
532.766383191596,1.02907562826086
533.266633316658,1.03349676611811
533.766883441721,1.04717635774192
534.267133566783,1.04991468869307
534.767383691846,1.03801440903091
535.267633816908,1.0326463153161
535.767883941971,1.02746520014641
536.268134067034,1.02235646376839
536.768384192096,1.02435894367099
537.268634317159,1.0164093397203
537.768884442221,1.01041396314443
538.269134567284,1.02262185267114
538.769384692346,1.02251931604962
539.269634817409,1.01231993799149
539.769884942471,1.01960003811932
540.270135067534,1.02190409632051
540.770385192596,1.01296531555046
541.270635317659,1.01861086129996
541.770885442721,1.02841818756994
542.271135567784,1.03575257179152
542.771385692846,1.04730302062732
543.271635817909,1.04621130718644
543.771885942971,1.0278934413304
544.272136068034,1.01923814416102
544.772386193097,1.02795375699012
545.272636318159,1.02850866105952
545.772886443222,1.02572207758059
546.273136568284,1.03269456784387
546.773386693347,1.03995054170782
547.273636818409,1.03753188375317
547.773886943472,1.0222901165427
548.274137068534,1.01048634193609
548.774387193597,1.00945494415493
549.274637318659,1.01306785217198
549.774887443722,1.02605984527501
550.275137568784,1.04375645983596
550.775387693847,1.0514406748839
551.275637818909,1.04318346106865
551.775887943972,1.03384659694447
552.276138069035,1.02965465859414
552.776388194097,1.02049270988313
553.27663831916,1.01641537128627
553.776888444222,1.01321864132127
554.277138569285,1.0075429377419
554.777388694347,1.01901497622007
555.27763881941,1.03427483812846
555.777888944472,1.03320725095147
556.278139069535,1.02833374564634
556.778389194597,1.02415387042795
557.27863931966,1.02352055600093
557.778889444722,1.03148825464954
558.279139569785,1.03181999077798
558.779389694847,1.03350279768408
559.27963981991,1.04062004553068
559.779889944973,1.03610843418385
560.280140070035,1.02830358781648
560.780390195098,1.03022162579548
561.28064032016,1.04029434096821
561.780890445223,1.0424053890583
562.281140570285,1.03473926870828
562.781390695348,1.03444372197567
563.28164082041,1.04286378807215
563.781890945473,1.0452824460268
564.282141070535,1.0381651981802
564.782391195598,1.03636779152064
565.28264132066,1.0474357150787
565.782891445723,1.05202573678316
566.283141570785,1.04450437401645
566.783391695848,1.03762838880872
567.28364182091,1.03246536833695
567.783891945973,1.022652010501
568.284142071035,1.01911751284159
568.784392196098,1.02528177326466
569.284642321161,1.02444338559459
569.784892446223,1.03005274194827
570.285142571286,1.04394946994706
570.785392696348,1.04083718190566
571.285642821411,1.02712140088603
571.785892946473,1.01909941814367
572.286143071536,1.01798357843891
572.786393196598,1.02185584379274
573.286643321661,1.02322500926831
573.786893446723,1.02806232517761
574.287143571786,1.03722427388862
574.787393696848,1.03687444306226
575.287643821911,1.02637348670554
575.787893946973,1.02468464823346
576.288144072036,1.03782139891982
576.788394197099,1.04524625663097
577.288644322161,1.04230285243679
577.788894447224,1.03663318042339
578.289144572286,1.03170539102452
578.789394697349,1.03418436463888
579.289644822411,1.04055369830499
579.789894947474,1.03359327117366
580.290145072536,1.01539000507108
580.790395197599,1.01324276758516
581.290645322661,1.02579445637225
581.790895447724,1.03106604503152
582.291145572786,1.032242200396
582.791395697849,1.03058351975378
583.291645822912,1.02889468128171
583.791895947974,1.0368442852324
584.292146073037,1.04980612050557
584.792396198099,1.05680876859871
585.292646323162,1.04113272863828
585.792896448224,1.02312247264679
586.293146573287,1.02993814219481
586.793396698349,1.04141018067297
587.293646823412,1.04554783492956
587.793896948474,1.04246570471802
588.294147073537,1.04153684355838
588.794397198599,1.04141018067297
589.294647323662,1.02630713947985
589.794897448724,1.01272405291159
590.295147573787,1.01330911481084
590.795397698849,1.02354468226481
591.295647823912,1.0326040943543
591.795897948974,1.02765821025751
592.296148074037,1.01732010618202
592.7963981991,1.02236249533436
593.296648324162,1.03227838979183
593.796898449225,1.03441959571178
594.297148574287,1.0346487952187
594.79739869935,1.03664524355533
595.297648824412,1.04800871384601
595.797898949475,1.04861790200915
596.298149074537,1.03507703640269
596.7983991996,1.02290533627181
597.298649324662,1.02011272122692
597.798899449725,1.03496243664923
598.299149574787,1.04741762038078
598.79939969985,1.0429602931277
599.299649824912,1.03063177228155
599.799899949975,1.02651221272289
600.300150075038,1.0238462605634
600.8004002001,1.0172175695605
601.300650325163,1.02242884256005
601.800900450225,1.0222478955809
602.301150575288,1.00746452738427
602.80140070035,1.00779626351271
603.301650825413,1.0216085495879
603.801900950475,1.02827342998662
604.302151075538,1.03355105021186
604.8024012006,1.03436531161803
605.302651325663,1.03446784823955
605.802901450725,1.04338250274572
606.303151575788,1.04778554590506
606.80340170085,1.04325583986031
607.303651825913,1.0290032494692
607.803901950976,1.0161318876856
608.304152076038,1.02013081592483
608.804402201101,1.02394879718492
609.304652326163,1.022652010501
609.804902451226,1.02536018362229
610.305152576288,1.02322500926831
610.805402701351,1.02128284502543
611.305652826413,1.02632523417776
611.805902951476,1.02539637301812
612.306153076538,1.02166283368164
612.806403201601,1.02325516709817
613.306653326663,1.02136125538306
613.806903451726,1.02275454712252
614.307153576788,1.0348840262916
614.807403701851,1.04024005687447
615.307653826913,1.03698904281572
615.807903951976,1.04378058609985
616.308154077038,1.0375258521872
616.808404202101,1.02243487412602
617.308654327164,1.02789947289638
617.808904452226,1.03271266254179
618.309154577289,1.02858103985118
618.809404702351,1.0225253476156
619.309654827414,1.03096350841
619.809904952476,1.04074067685012
620.310155077539,1.03251965243069
620.810405202601,1.02496210026816
621.310655327664,1.02421418608767
621.810905452726,1.02934704872958
622.311155577789,1.02955212197262
622.811405702851,1.03098160310791
623.311655827914,1.03934738511065
623.811905952977,1.03378024971878
624.312156078039,1.02150601296638
624.812406203102,1.01314626252961
625.312656328164,1.0178569155535
625.812906453227,1.03732681051014
626.313156578289,1.03931119571482
626.813406703352,1.02555319373339
627.313656828414,1.02402720754255
627.813906953477,1.03002258411841
628.314157078539,1.0314520652537
628.814407203602,1.02823120902482
629.314657328664,1.02439513306682
629.814907453727,1.02507066845565
630.315157578789,1.03020956266354
630.815407703852,1.03796012493716
631.315657828914,1.04169366427364
631.815907953977,1.03390088103821
632.316158079039,1.03125302357664
632.816408204102,1.04235713653053
633.316658329165,1.04554783492956
633.816908454227,1.03426277499651
634.31715857929,1.01815849385209
634.817408704352,1.01681948620637
635.317658829415,1.02350849286898
635.817908954477,1.01933464921657
636.31815907954,1.02362912418842
636.818409204602,1.03959467931549
637.318659329665,1.04796046131824
637.818909454727,1.04036671975987
638.31915957979,1.03487799472563
638.819409704852,1.04514975157543
639.319659829915,1.04320155576657
639.819909954977,1.0252938363966
640.32016008004,1.0172597905223
640.820410205103,1.02131903442126
641.320660330165,1.02969084798997
641.820910455228,1.03554146698251
642.32116058029,1.03883470200306
642.821410705353,1.03765251507261
643.321660830415,1.030324162417
643.821910955478,1.02627095008402
644.32216108054,1.03033622554894
644.822411205603,1.03992038387797
645.322661330665,1.05136829609224
645.822911455728,1.05119941224504
646.32316158079,1.0306860563753
646.823411705853,1.01973876413667
647.323661830916,1.02643983393123
647.823911955978,1.03607224478802
648.324162081041,1.04800871384601
648.824412206103,1.04814140829739
649.324662331166,1.0378033042219
649.824912456228,1.02955815353859
650.325162581291,1.02796582012206
650.825412706353,1.03303233553829
651.325662831416,1.03198887462519
651.825912956478,1.02327929336206
652.326163081541,1.02528177326466
652.826413206603,1.03696491655183
653.326663331666,1.03865978658988
653.826913456728,1.03639191778452
654.327163581791,1.03542686722905
654.827413706853,1.03368374466323
655.327663831916,1.03587923467693
655.827913956978,1.03593955033665
656.328164082041,1.03077652986488
656.828414207104,1.03386469164238
657.328664332166,1.04542117204415
657.828914457229,1.04595194984966
658.329164582291,1.03388881790627
658.829414707354,1.02419005982378
659.329664832416,1.02400911284463
659.829914957479,1.02854485045535
660.330165082541,1.0364823912741
660.830415207604,1.04285775650618
661.330665332666,1.04522816193306
661.830915457729,1.03755601001706
662.331165582791,1.0366090541595
662.831415707854,1.04164541174587
663.331665832916,1.02844231383383
663.831915957979,1.01966638534501
664.332166083042,1.02392467092103
664.832416208104,1.02827946155259
665.332666333167,1.03753188375317
665.832916458229,1.04457072124214
666.333166583292,1.04258633603746
666.833416708354,1.04638622259962
667.333666833417,1.04970961545003
667.833916958479,1.04052957204111
668.334167083542,1.03045685686837
668.834417208604,1.03179586451409
669.334667333667,1.02592715082363
669.834917458729,1.01149361345336
670.335167583792,1.01052253133192
670.835417708854,1.01764581074449
671.335667833917,1.02214535895938
671.83591795898,1.01320054662335
672.336168084042,1.00932224970355
672.836418209105,1.02181362283094
673.336668334167,1.02991401593092
673.83691845923,1.0291721333164
674.337168584292,1.02442529089668
674.837418709355,1.02496813183413
675.337668834417,1.03107810816346
675.83791895948,1.04025815157238
676.338169084542,1.04990262556112
676.838419209605,1.0509521180402
677.338669334667,1.03610240261788
677.83891945973,1.02838199817411
678.339169584792,1.03613256044774
678.839419709855,1.03102985563569
679.339669834917,1.02004637400123
679.83991995998,1.01195201246721
680.340170085042,1.01721153799453
680.840420210105,1.0344799113715
681.340670335168,1.03852106057253
681.84092046023,1.03632557055884
682.341170585293,1.03263425218416
682.841420710355,1.03156666500717
683.341670835418,1.03697697968378
683.84192096048,1.03268250471193
684.342171085543,1.0232069145704
684.842421210605,1.01751914785909
685.342671335668,1.00878544033207
685.84292146073,1.0042195448915
686.343171585793,1.01147551875545
686.843421710855,1.02546272024381
687.343671835918,1.03275488350359
687.843921960981,1.03007083664619
688.344172086043,1.02976322678163
688.844422211106,1.02991401593092
689.344672336168,1.0297270373858
689.844922461231,1.03305646180218
690.345172586293,1.04051147734319
690.845422711356,1.0503972139708
691.345672836418,1.05608498068211
691.845922961481,1.05604275972031
692.346173086543,1.05950487858806
692.846423211606,1.05815983937637
693.346673336668,1.03437737474998
693.846923461731,1.01584840408493
694.347173586793,1.01960003811932
694.847423711856,1.02972100581983
695.347673836918,1.03812900878437
695.847923961981,1.03533639373948
696.348174087044,1.01993177424777
696.848424212106,1.01031142652291
697.348674337169,1.01552269952246
697.848924462231,1.02266407363294
698.349174587294,1.02414783886198
698.849424712356,1.01817658855
699.349674837419,1.01260342159216
699.849924962481,1.01744676906743
700.350175087544,1.03024575205937
700.850425212606,1.0468385900475
701.350675337669,1.0451557831414
701.850925462731,1.02117427683794
702.351175587794,1.01739248497368
702.851425712856,1.036717622347
703.351675837919,1.03986609978422
703.851925962981,1.03166920162869
704.352176088044,1.02896706007337
704.852426213107,1.02085460384144
705.352676338169,1.02564969878893
705.852926463232,1.03766457820455
706.353176588294,1.03148825464953
706.853426713357,1.02928070150389
707.353676838419,1.03713380039904
707.853926963482,1.04559608745733
708.354177088544,1.04425104824564
708.854427213607,1.0316872963266
709.354677338669,1.0243348174071
709.854927463732,1.03134952863219
710.355177588794,1.04238729436039
710.855427713857,1.04588560262397
711.355677838919,1.04332821865197
711.855927963982,1.03568622456584
712.356178089045,1.03191046426755
712.856428214107,1.03969721593701
713.35667833917,1.04682049534959
713.856928464232,1.04102416045079
714.357178589295,1.0294073643893
714.857428714357,1.01927433355685
715.35767883942,1.01978098509847
715.857928964482,1.02935308029555
716.358179089545,1.03882867043709
716.858429214607,1.045879571058
717.35867933967,1.04485420484281
717.858929464732,1.03595764503456
718.359179589795,1.02738678978878
718.859429714857,1.02400911284463
719.35967983992,1.02306818855305
719.859929964982,1.02736869509087
720.360180090045,1.03773092543024
720.860430215107,1.03946198486412
721.36068034017,1.02946164848305
721.860930465233,1.02513701568134
722.361180590295,1.03066796167738
722.861430715358,1.03451610076733
723.36168084042,1.03338216636465
723.861930965483,1.02960037450039
724.362181090545,1.03372596562503
724.862431215608,1.04054163517305
725.36268134067,1.03470911087842
725.862931465733,1.02927466993792
726.363181590795,1.03936547980857
726.863431715858,1.05166384282486
727.36368184092,1.04876265959247
727.863931965983,1.04725476809955
728.364182091046,1.04606654960312
728.864432216108,1.03109620286137
729.364682341171,1.02048064675119
729.864932466233,1.02537224675424
730.365182591296,1.03351486081602
730.865432716358,1.02568588818476
731.365682841421,1.00927399717578
731.865932966483,1.01610172985574
732.366183091546,1.03623509706926
732.866433216608,1.04242951532219
733.366683341671,1.03970324750298
733.866933466733,1.03682015896851
734.367183591796,1.03805059842674
734.867433716858,1.04426311137759
735.367683841921,1.05169400065472
735.867933966984,1.05138639079016
736.368184092046,1.03578876118735
736.868434217109,1.02373769237591
737.368684342171,1.02565573035491
737.868934467234,1.03194062209741
738.369184592296,1.03365961839935
738.869434717359,1.02860516611506
739.369684842421,1.03393707043404
739.869934967484,1.04679033751973
740.370185092546,1.05210414714079
740.870435217609,1.04956485786671
741.370685342671,1.03683825366643
741.870935467734,1.02222980088298
742.371185592796,1.02366531358425
742.871435717859,1.0270852114902
743.371685842921,1.01871339792148
743.871935967984,1.02179552813302
744.372186093046,1.02985973183718
744.872436218109,1.02321294613637
745.372686343172,1.02440116463279
745.872936468234,1.02952799570873
746.373186593297,1.02042033109147
746.873436718359,1.01835753552915
747.373686843422,1.03277297820151
747.873936968484,1.04117494960008
748.374187093547,1.03739315773583
748.874437218609,1.03480561593397
749.374687343672,1.03440753257984
749.874937468734,1.02835184034425
750.375187593797,1.02056508867479
750.875437718859,1.02776074687903
751.375687843922,1.02894293380948
751.875937968985,1.02120443466779
752.376188094047,1.02606587684098
752.87643821911,1.02727822160129
753.376688344172,1.02172314934136
753.876938469235,1.02268216833086
754.377188594297,1.02472686919526
754.87743871936,1.02504654219176
755.377688844422,1.03233870545154
755.877938969485,1.02628301321596
756.378189094547,1.01678329681054
756.87843921961,1.02577033010837
757.378689344672,1.02094507733101
757.878939469735,1.01801976783474
758.379189594797,1.03409992271528
758.87943971986,1.02816486179913
759.379689844922,1.02121649779974
759.879939969985,1.03493831038534
760.380190095048,1.04146446476672
760.88044022011,1.04312917697491
761.380690345173,1.03393103886807
761.880940470235,1.01840578805693
762.381190595298,1.0180499256646
762.88144072036,1.02683791728536
763.381690845423,1.0368865061942
763.881940970485,1.0443234270373
764.382191095548,1.04957088943268
764.88244122061,1.04292410373187
765.382691345673,1.02508876315357
765.882941470735,1.0078626107384
766.383191595798,1.00661407658226
766.88344172086,1.02495606870219
767.383691845923,1.03076446673293
767.883941970985,1.02671125439995
768.384192096048,1.02240471629616
768.884442221111,1.01481700630377
769.384692346173,1.02399101814672
769.884942471236,1.03192855896547
770.385192596298,1.02249518978574
770.885442721361,1.0187737135812
771.385692846423,1.02683791728536
771.885942971486,1.03359930273963
772.386193096548,1.03434721692012
772.886443221611,1.0374414102636
773.386693346673,1.03747759965943
773.886943471736,1.03227235822586
774.387193596798,1.02441925933071
774.887443721861,1.02457608004597
775.387693846923,1.03251965243069
775.887943971986,1.03581288745124
776.388194097049,1.04580719226634
776.888444222111,1.04831632371057
777.388694347174,1.04167556957573
777.888944472236,1.04885916464802
778.389194597299,1.04497483616225
778.889444722361,1.0323688632814
779.389694847424,1.04024005687447
779.889944972486,1.03698904281572
780.390195097549,1.03036035181283
780.890445222611,1.03742934713166
781.390695347674,1.02630110791388
781.890945472736,1.01643949755015
782.391195597799,1.01925623885894
782.891445722861,1.02056508867479
783.391695847924,1.02556525686533
783.891945972986,1.02470274293138
784.392196098049,1.01669885488694
784.892446223112,1.02057715180674
785.392696348174,1.02785725193457
785.892946473237,1.02450370125431
786.393196598299,1.02607190840695
786.893446723362,1.0332012193855
787.393696848424,1.0311323922572
787.893946973487,1.02718171654574
788.394197098549,1.02313453577874
788.894447223612,1.01802579940071
789.394697348674,1.02464242727166
789.894947473737,1.02870167117061
790.395197598799,1.01843594588679
790.895447723862,1.01697027535566
791.395697848924,1.03166920162869
791.895947973987,1.04113876020425
792.39619809905,1.03542686722905
792.896448224112,1.02788137819846
793.396698349175,1.03774298856218
793.896948474237,1.04756840953008
794.3971985993,1.03881660730515
794.897448724362,1.03264028375013
795.397698849425,1.03142793898982
795.897948974487,1.03717602136084
796.39819909955,1.04653701174892
796.898449224612,1.03420849090277
797.398699349675,1.02292343096973
797.898949474737,1.03567416143389
798.3991995998,1.04083718190566
798.899449724862,1.03148825464953
799.399699849925,1.03072224577113
799.899949974988,1.03485386846174
800.40020010005,1.03417230150694
800.900450225113,1.02993814219481
801.400700350175,1.03061367758364
801.900950475238,1.03457641642704
802.4012006003,1.03455229016316
802.901450725363,1.03123492887872
803.401700850425,1.02922641741015
803.901950975488,1.03311074589592
804.40220110055,1.0324110842432
804.902451225613,1.03195871679533
805.402701350675,1.03729062111431
805.902951475738,1.03381040754864
806.4032016008,1.02298977819542
806.903451725863,1.01407512368925
807.403701850925,1.0152150896579
807.903951975988,1.02803216734775
808.40420210105,1.03081875082668
808.904452226113,1.02400308127866
809.404702351176,1.02438910150085
809.904952476238,1.02327929336206
810.405202601301,1.02577636167434
810.905452726363,1.03573447709361
811.405702851426,1.04546942457193
811.905952976488,1.05041530866872
812.406203101551,1.04367201791236
812.906453226613,1.03534845687142
813.406703351676,1.02456401691403
813.906953476738,1.01015460580765
814.407203601801,1.02115618214002
814.907453726863,1.04626559128019
815.407703851926,1.04572275034274
815.907953976988,1.03726046328445
816.408204102051,1.02856294515326
816.908454227114,1.02751345267419
817.408704352176,1.04086733973552
817.908954477239,1.03826773480172
818.409204602301,1.03087906648639
818.909454727364,1.02447354342445
819.409704852426,1.01594490914048
819.909954977489,1.01562523614398
820.410205102551,1.02861119768104
820.910455227614,1.04597004454758
821.410705352676,1.04777348277311
821.910955477739,1.03992038387797
822.411205602801,1.03432309065623
822.911455727864,1.0321999794342
823.411705852927,1.02495003713622
823.911955977989,1.01674107584874
824.412206103052,1.01954575402558
824.912456228114,1.03430499595832
825.412706353177,1.04841886033208
825.912956478239,1.03904580681207
826.413206603302,1.02518526820911
826.913456728364,1.0280442304797
827.413706853427,1.04291204059993
827.913956978489,1.05057816094995
828.414207103552,1.0336475552674
828.914457228614,1.02581858263614
829.414707353677,1.03603002382622
829.914957478739,1.03425071186457
830.415207603802,1.02537224675424
830.915457728864,1.02704902209437
831.415707853927,1.02782106253874
831.915957978989,1.03179586451409
832.416208104052,1.03721221075667
832.916458229115,1.03174158042035
833.416708354177,1.03567416143389
833.91695847924,1.04093971852718
834.417208604302,1.03306852493412
834.917458729365,1.03033019398297
835.417708854427,1.03767664133649
835.91795897949,1.03892517549264
836.418209104552,1.03023368892742
836.918459229615,1.02431672270919
837.418709354677,1.02873786056644
837.91895947974,1.03969118437104
838.419209604802,1.04590972888786
838.919459729865,1.0300044894205
839.419709854927,1.01652997103973
839.91995997999,1.02351452443495
840.420210105053,1.02994417376078
840.920460230115,1.02992004749689
841.420710355178,1.02421418608767
841.92096048024,1.02762805242765
842.421210605303,1.03513735206241
842.921460730365,1.03103588720166
843.421710855428,1.0243348174071
843.92196098049,1.018815934543
844.422211105553,1.01622236117517
844.922461230615,1.02238662159825
845.422711355678,1.02795978855609
845.92296148074,1.02296565193153
846.423211605803,1.02399101814672
846.923461730865,1.030324162417
847.423711855928,1.02419005982378
847.92396198099,1.01891847116452
848.424212106053,1.02824930372273
848.924462231116,1.04014958338489
849.424712356178,1.03206728498282
849.924962481241,1.01583030938701
850.425212606303,1.01219930667205
850.925462731366,1.01187963367555
851.425712856428,1.01994383737971
851.925962981491,1.03188633800367
852.426213106553,1.02920832271223
852.926463231616,1.02667506500412
853.426713356678,1.03776711482607
853.926963481741,1.05332855503305
854.427213606803,1.05830459695969
854.927463731866,1.05142258018599
855.427713856928,1.04225459990901
855.927963981991,1.02800804108387
856.428214107054,1.02456401691403
856.928464232116,1.03225426352794
857.428714357179,1.02658459151455
857.928964482241,1.01592078287659
858.429214607304,1.01528143688359
858.929464732366,1.01830928300138
859.429714857429,1.0222901165427
859.929964982491,1.0277245574832
860.430215107554,1.02677760162564
860.930465232616,1.02042033109147
861.430715357679,1.01525127905373
861.930965482741,1.02508273158759
862.431215607804,1.04201936883612
862.931465732866,1.03961880557938
863.431715857929,1.02341198781343
863.931965982992,1.01223549606788
864.432216108054,1.01350212492194
864.932466233117,1.02532399422646
865.432716358179,1.03005274194827
865.932966483242,1.02167489681359
866.433216608304,1.01839975649096
866.933466733367,1.02196441198023
867.433716858429,1.02742901075058
867.933966983492,1.03525798338184
868.434217108554,1.03579479275333
868.934467233617,1.0304508253024
869.434717358679,1.03641604404841
869.934967483742,1.0473934941169
870.435217608804,1.04286981963812
870.935467733867,1.03181999077798
871.435717858929,1.03075240360099
871.935967983992,1.03478752123605
872.436218109054,1.03423261716666
872.936468234117,1.03747156809346
873.43671835918,1.04221841051318
873.936968484242,1.03251965243069
874.437218609305,1.02592111925766
874.937468734367,1.03175364355229
875.43771885943,1.02714552714991
875.937968984492,1.01851435624442
876.438219109555,1.01849022998053
876.938469234617,1.02899721790322
877.43871935968,1.04406406970052
877.938969484742,1.03037241494477
878.439219609805,1.00414716609984
878.939469734867,1.00599885685315
879.43971985993,1.01252501123452
879.939969984992,1.01543222603288
880.440220110055,1.02332151432386
880.940470235118,1.01918989163325
881.44072036018,1.02268216833086
881.940970485243,1.0391664381315
882.441220610305,1.0406803611904
882.941470735368,1.03411198584722
883.44172086043,1.0332856613091
883.941970985493,1.03438340631595
884.442221110555,1.03581891901721
884.942471235618,1.03307455650009
885.44272136068,1.02793566229221
885.942971485743,1.03422055403471
886.443221610805,1.05044546649857
886.943471735868,1.05287618758517
887.443721860931,1.04047528794736
887.943971985993,1.03152444404537
888.444222111056,1.0265725283826
888.944472236118,1.02440719619876
889.444722361181,1.01911148127562
889.944972486243,1.0184118196229
890.445222611306,1.02121649779974
890.945472736368,1.02095714046295
891.445722861431,1.03418436463888
891.945972986493,1.0441545431901
892.446223111556,1.03669952764908
892.946473236618,1.03504687857284
893.446723361681,1.04225459990901
893.946973486743,1.04279744084646
894.447223611806,1.03173554885437
894.947473736868,1.02704902209437
895.447723861931,1.04034259349598
895.947973986993,1.045240225065
896.448224112056,1.03074637203502
896.948474237119,1.0227364524246
897.448724362181,1.032881546389
897.948974487244,1.03285138855914
898.449224612306,1.02440719619876
898.949474737369,1.03333994540285
899.449724862431,1.04058988770082
899.949974987494,1.03381040754864
900.450225112556,1.02596334021946
900.950475237619,1.02394276561894
901.450725362681,1.02639761296942
901.950975487744,1.03005274194827
902.451225612806,1.02890674441365
902.951475737869,1.02168092837956
903.451725862931,1.02277867338641
903.951975987994,1.03152444404537
904.452226113057,1.03194062209741
904.952476238119,1.02639158140345
905.452726363182,1.02075809878589
905.952976488244,1.01952765932766
906.453226613307,1.02527574169869
906.953476738369,1.0264458654972
907.453726863432,1.02565573035491
907.953976988494,1.02624079225416
908.454227113557,1.02534812049035
908.954477238619,1.03351486081602
909.454727363682,1.04422692198176
909.954977488744,1.04457072124214
910.455227613807,1.04168763270767
910.955477738869,1.0400832361592
911.455727863932,1.03954039522175
911.955977988995,1.0373991893018
912.456228114057,1.02283295748015
912.95647823912,1.01467828028642
913.456728364182,1.0230561254211
913.956978489245,1.0259331823896
914.457228614307,1.02167489681359
914.95747873937,1.02113808744211
915.457728864432,1.0222478955809
915.957978989495,1.02225995871284
916.458229114557,1.02274248399058
916.95847923962,1.01768200014032
917.458729364682,1.01833340926527
917.958979489745,1.02248312665379
918.459229614807,1.01495573232112
918.95947973987,1.01326689384904
919.459729864932,1.02577636167434
919.959979989995,1.02862929237895
920.460230115058,1.02378594490368
920.96048024012,1.02601159274724
921.460730365183,1.02270026302877
921.960980490245,1.02487765834456
922.461230615308,1.03983594195436
922.96148074037,1.04613892839478
923.461730865433,1.03466085835065
923.961980990495,1.02405736537241
924.462231115558,1.02686807511522
924.96248124062,1.02125871876154
925.462731365683,1.0178991365153
925.962981490745,1.03799028276702
926.463231615808,1.04828616588071
926.96348174087,1.03278504133345
927.463731865933,1.02788740976443
927.963981990996,1.03169935945854
928.464232116058,1.02108380334836
928.964482241121,1.01438876511978
929.464732366183,1.02087269853935
929.964982491246,1.03137968646204
930.465232616308,1.03823757697186
930.965482741371,1.03599986599636
931.465732866433,1.02514304724731
931.965982991496,1.01307388373795
932.466233116558,1.01178916018598
932.966483241621,1.01624045587309
933.466733366683,1.01414147091494
933.966983491746,1.01766390544241
934.467233616808,1.02777884157694
934.967483741871,1.02394879718492
935.467733866933,1.01975685883459
935.967983991996,1.03347867142019
936.468234117059,1.0393172272808
936.968484242121,1.02954005884068
937.468734367184,1.02846040853174
937.968984492246,1.03311677746189
938.469234617309,1.03406373331945
938.969484742371,1.03180189608006
939.469734867434,1.0235265875669
939.969984992496,1.01681948620637
940.470235117559,1.01704265414732
940.970485242621,1.02417799669184
941.470735367684,1.02508273158759
941.970985492746,1.01460590149476
942.471235617809,1.01683154933831
942.971485742871,1.02564366722296
943.471735867934,1.02496813183413
943.971985992996,1.01857467190413
944.472236118059,1.01256723219633
944.972486243122,1.02050477301508
945.472736368184,1.03139778115996
945.972986493247,1.02973910051774
946.473236618309,1.03118064478498
946.973486743372,1.03476339497217
947.473736868434,1.03393707043404
947.973986993497,1.03308058806606
948.474237118559,1.02878008152824
948.974487243622,1.02689823294507
949.474737368684,1.03507100483672
949.974987493747,1.05436598438018
950.475237618809,1.06029501373035
950.975487743872,1.03677793800671
951.475737868935,1.01842388275484
951.975987993997,1.02620460285833
952.47623811906,1.04413041692621
952.976488244122,1.03978165786062
953.476738369185,1.02019716315052
953.976988494247,1.01697027535566
954.47723861931,1.01874355575134
954.977488744372,1.03058351975378
955.477738869435,1.04480595231504
955.977988994497,1.033520892382
956.47823911956,1.02496210026816
956.978489244622,1.03533639373948
957.478739369685,1.03193459053144
957.978989494747,1.02089682480324
958.47923961981,1.03045685686837
958.979489744872,1.04235110496456
959.479739869935,1.03230854762169
959.979989994997,1.02022732098038
960.48024012006,1.02827946155259
960.980490245123,1.04584338166217
961.480740370185,1.05410059547742
961.980990495248,1.04314727167282
962.48124062031,1.02402117597658
962.981490745373,1.00858036708903
963.481740870435,1.01385798731427
963.981990995498,1.03051717252809
964.48224112056,1.03346660828825
964.982491245623,1.03281519916331
965.482741370685,1.03777917795801
965.982991495748,1.03411198584722
966.48324162081,1.02325516709817
966.983491745873,1.01917179693533
967.483741870935,1.01133076117213
967.983991995998,1.01438876511978
968.484242121061,1.02846644009772
968.984492246123,1.03732681051014
969.484742371186,1.04487229954073
969.984992496248,1.04289997746798
970.485242621311,1.03994451014185
970.985492746373,1.03466085835065
971.485742871436,1.02640967610137
971.985992996498,1.02615031876458
972.486243121561,1.02566779348685
972.986493246623,1.03087906648639
973.486743371686,1.03941373233634
973.986993496748,1.03267647314596
974.487243621811,1.02443735402862
974.987493746873,1.0310057293718
975.487743871936,1.03279107289942
975.987993996999,1.02251328448365
976.488244122061,1.02336373528566
976.988494247124,1.02855691358729
977.488744372186,1.02949783787888
977.988994497249,1.0399987942356
978.489244622311,1.03619890767343
978.989494747374,1.02282089434821
979.489744872436,1.02455798534806
979.989994997499,1.02680172788953
980.490245122561,1.02455195378209
980.990495247624,1.01825499890763
981.490745372686,1.01207867535262
981.990995497749,1.01598713010228
982.491245622811,1.02641570766734
982.991495747874,1.03061970914961
983.491745872936,1.03447387980552
983.991995997999,1.0377610832601
984.492246123061,1.03472117401036
984.992496248124,1.03015527856979
985.492746373187,1.02212726426146
985.992996498249,1.02484146894873
986.493246623312,1.03103588720166
986.993496748374,1.0216085495879
987.493746873437,1.00792895796409
987.993996998499,1.01631886623072
988.494247123562,1.04207365292986
988.994497248624,1.03680809583657
989.494747373687,1.01659631826542
989.994997498749,1.01792326277919
990.495247623812,1.01759755821672
990.995497748874,1.01061903638747
991.495747873937,1.00600488841912
991.995997999,1.0136167246754
992.496248124062,1.03089716118431
992.996498249125,1.03330375600702
993.496748374187,1.02985370027121
993.99699849925,1.0268499804173
994.497248624312,1.0180499256646
994.997498749375,1.01811024132431
995.497748874437,1.02911181765669
995.9979989995,1.03510719423255
996.498249124562,1.03557162481237
996.998499249625,1.04074067685012
997.498749374687,1.03208537968073
997.99899949975,1.02089079323727
998.499249624812,1.03732077894416
998.999499749875,1.05214636810259
999.499749874937,1.04380471236374
1000,1.03012713126192
