0,0.90736465851801
0.500250125062531,0.903401919674606
1.00050025012506,0.900319789463069
1.50075037518759,0.899095381570815
2.00100050025013,0.897074806970297
2.50125062531266,0.896911954689061
3.00150075037519,0.902249890574012
3.50175087543772,0.904572043473115
4.00200100050025,0.907020859257623
4.50225112556278,0.91163500722597
5.00250125062531,0.913510824243168
5.50275137568784,0.906272945077133
6.00300150075037,0.895488505119741
6.50325162581291,0.893479993651166
7.00350175087544,0.89601928292525
7.50375187593797,0.897750342359127
8.0040020010005,0.897346227439023
8.50425212606303,0.893341267633817
9.00450225112556,0.888003331748867
9.50475237618809,0.889746454314687
10.0050025012506,0.900452483914447
10.5052526263132,0.905362178615407
11.0055027513757,0.894215844699713
11.5057528764382,0.888576330516178
12.0060030015007,0.894692338411477
12.5062531265633,0.897273848647363
13.0065032516258,0.897641774171636
13.5067533766883,0.894439012640666
14.0070035017509,0.882617143336142
14.5072536268134,0.871139073292006
15.0075037518759,0.880029601534285
15.5077538769385,0.896676723616165
16.008004002001,0.894173623737911
16.5082541270635,0.892689858508874
17.0085042521261,0.905193294768199
17.5087543771886,0.906236755681303
18.0090045022511,0.896924017821005
18.5092546273137,0.894867253824656
19.0095047523762,0.894215844699713
19.5097548774387,0.893124131258836
20.0100050025013,0.892321932984601
20.5102551275638,0.887128754682971
21.0105052526263,0.88445677095751
21.5107553776888,0.893606656536572
22.0110055027514,0.911840080469008
22.5112556278139,0.916532638794987
23.0115057528764,0.912600057781442
23.511755877939,0.907617984288821
24.0120060030015,0.893413646425478
24.512256128064,0.892128922873507
25.0125062531266,0.896218324602316
25.5127563781891,0.898094141619514
26.0130065032516,0.903685403275275
26.5132566283142,0.903498424730153
27.0135067533767,0.901682923372673
27.5137568784392,0.89804588909174
28.0140070035017,0.895355810668364
28.5142571285643,0.894825032862855
29.0145072536268,0.894529486130242
29.5147573786893,0.895494536685713
30.0150075037519,0.898673171952796
30.5152576288144,0.903739687369021
31.0155077538769,0.911852143600951
31.5157578789395,0.921544870117466
32.016008004002,0.921315670610542
32.5162581290645,0.913727960618149
33.0165082541271,0.903679371709304
33.5167583791896,0.895687546796807
34.0170085042521,0.902346395629559
34.5172586293147,0.918987486145467
35.0175087543772,0.921514712287608
35.5177588794397,0.912762910062678
36.0180090045023,0.910868998347565
36.5182591295648,0.90914397047966
37.0185092546273,0.912014995882187
37.5187593796898,0.915422830656195
38.0190095047524,0.908251298715849
38.5192596298149,0.903009867886446
39.0195097548774,0.904523790945341
39.51975987994,0.904385064927992
40.0200100050025,0.901622607712956
40.520260130065,0.907093238049284
41.0205102551276,0.911140418816291
41.5207603801901,0.904493633115483
42.0210105052526,0.909548085399764
42.5212606303152,0.920706482447401
43.0215107553777,0.91849892930176
43.5217608804402,0.917178016353959
44.0220110055028,0.915145378621497
44.5222611305653,0.912642278743244
45.0225112556278,0.916206934232516
45.5227613806903,0.915887261236016
46.0230115057529,0.914011444218819
46.5232616308154,0.91668342794428
47.0235117558779,0.927003437321851
47.5237618809405,0.932425815130405
48.024012006003,0.923378466172862
48.5242621310655,0.917877678006675
49.0245122561281,0.922292784297957
49.5247623811906,0.922069616357004
50.0250125062531,0.910470914993433
50.5252626313157,0.905772325101482
51.0255127563782,0.913100677757092
51.5257628814407,0.911345492059329
52.0260130065032,0.915748535218667
52.5262631315658,0.930043346571586
53.0265132566283,0.932968656067858
53.5267633816908,0.930990302429142
54.0270135067534,0.929621136953567
54.5272636318159,0.927697067408596
55.0275137568784,0.921158849895278
55.527763881941,0.924446053349852
56.0280140070035,0.937027899966809
56.528264132066,0.934132748300395
57.0285142571286,0.929518600332048
57.5287643821911,0.930290640776425
58.0290145072536,0.925978071106663
58.5292646323162,0.925218093794229
59.0295147573787,0.931147123144406
59.5297648824412,0.931846784797123
60.0300150075037,0.925236188492144
60.5302651325663,0.926918995398247
61.0305152576288,0.944295936962702
61.5307653826913,0.950134492823304
62.0310155077539,0.932630888373443
62.5312656328164,0.921412175666089
63.0315157578789,0.926665669627436
63.5317658829415,0.9364971221613
64.032016008004,0.943644527837759
64.5322661330665,0.943222318219741
65.0325162581291,0.928734496755728
65.5327663831916,0.926333933498993
66.0330165082541,0.94474830441058
66.5332666333167,0.947818371490173
67.0335167583792,0.934663526105904
67.5337668834417,0.924832073572041
68.0340170085043,0.922437541881277
68.5342671335668,0.920217925603693
69.0345172586293,0.924675252856776
69.5347673836918,0.939470684185346
70.0350175087544,0.942094415383034
70.5352676338169,0.939633536466582
71.0355177588794,0.949078968778257
71.535767883942,0.948813579875503
72.0360180090045,0.936080944109253
72.536268134067,0.93400608541499
73.0365182591296,0.933975927585131
73.5367683841921,0.929253211429293
74.0370185092546,0.935580324133602
74.5372686343172,0.943288665445429
75.0375187593797,0.937733593185498
75.5377688844422,0.933764822776122
76.0380190095048,0.938143739671573
76.5382691345673,0.936937426477234
77.0385192596298,0.928686244227954
77.5387693846923,0.923324182079117
78.0390195097549,0.927329141884322
78.5392696348174,0.94450101020574
79.0395197598799,0.963066170266619
79.5397698849425,0.952607434871699
80.040020010005,0.937534551508432
80.5402701350675,0.946195880243787
81.0405202601301,0.946515553240286
81.5407703851926,0.942311551758015
82.0410205102551,0.954965777166632
82.5412706353177,0.970316112564598
83.0415207603802,0.962089056579205
83.5417708854427,0.943095655334335
84.0420210105053,0.938813243494431
84.5422711355678,0.944434662980051
85.0425212606303,0.951744920937747
85.5427713856928,0.947396161872154
86.0430215107554,0.937287257303592
86.5432716358179,0.937908508598677
87.0435217608804,0.941841089612222
87.543771885943,0.937775814147299
88.0440220110055,0.940972544112298
88.544272136068,0.946690468653466
89.0445222611306,0.943409296764863
89.5447723861931,0.947209183327031
90.0450225112556,0.952444582590463
90.5452726363182,0.94962180971571
91.0455227613807,0.952474740420322
91.5457728864432,0.960146892336319
92.0460230115058,0.957167298746301
92.5462731365683,0.956751120694254
93.0465232616308,0.961443679020233
93.5467733866933,0.967143508863486
94.0470235117559,0.965695933030279
94.5472736368184,0.950532576177436
95.0475237618809,0.946642216125692
95.5477738869435,0.952016341406473
96.048024012006,0.956733025996339
96.5482741370685,0.960086576676602
97.0485242621311,0.957450782346971
97.5487743871936,0.963277275075629
98.0490245122561,0.972089392960276
98.5492746373187,0.96698065658225
99.0495247623812,0.960183081732149
99.5497748874437,0.957402529819197
100.050025012506,0.953192496770954
100.550275137569,0.950170682219134
101.050525262631,0.953675022048689
101.550775387694,0.955273387031189
102.051025512756,0.940882070622723
102.551275637819,0.941358564334487
103.051525762881,0.967897454609948
103.551775887944,0.979369493088113
104.052026013006,0.971480204797135
104.552276138069,0.958596779881593
105.052526263132,0.950779870382275
105.552776388194,0.955665438819349
106.053026513257,0.963042044002733
106.553276638319,0.967915549307863
107.053526763382,0.976576878043218
107.553776888444,0.986323888653478
108.054027013507,0.983392547591234
108.554277138569,0.97021960750905
109.054527263632,0.970665943390956
109.554777388694,0.980449143397046
110.055027513757,0.974900102703086
110.555277638819,0.966890183092674
111.055527763882,0.969610419345909
111.555777888944,0.968657431922381
112.056028014007,0.971263068422154
112.55627813907,0.984635050181403
113.056528264132,0.984852186556384
113.556778389195,0.974803597647539
114.057028514257,0.963735674089478
114.55727863932,0.952927107868199
115.057528764382,0.956190185058886
115.557778889445,0.965726090860137
116.058029014507,0.969206304425805
116.55827913957,0.971540520456852
117.058529264632,0.975141365341954
117.558779389695,0.97708352958484
118.059029514757,0.972023045734587
118.55927963982,0.962113182843091
119.059529764882,0.956413352999839
119.559779889945,0.955876543628358
120.060030015007,0.966534320700344
120.56028014007,0.98501503883762
121.060530265133,0.993205905427183
121.560780390195,0.979725355480443
122.061030515258,0.963126485926336
122.56128064032,0.966087984818439
123.061530765383,0.981365941424744
123.561780890445,0.989556808014307
124.062031015508,0.980117407268603
124.56228114057,0.970871016633994
125.062531265633,0.970985616387456
125.562781390695,0.957565382100433
126.063031515758,0.950110366559417
126.56328164082,0.966280994929533
127.063531765883,0.975708332543293
127.563781890945,0.985648353264648
128.064032016008,1.00054632121474
128.564282141071,0.996306130336634
129.064532266133,0.980340575209556
129.564782391196,0.970611659297211
130.065032516258,0.971232910592295
130.565282641321,0.973868704921926
131.065532766383,0.97085895350205
131.565782891446,0.97505692341835
132.066033016508,0.991975465968957
132.566283141571,0.996456919485927
133.066533266633,0.977903822556991
133.566783391696,0.96947169332856
134.067033516758,0.982644633410743
134.567283641821,0.993736683232692
135.067533766883,0.989116503698373
135.567783891946,0.977867633161161
136.068034017009,0.977379076317453
136.568284142071,0.979665039820726
137.068534267134,0.974441703689237
137.568784392196,0.970310080998626
138.069034517259,0.965937195669146
138.569284642321,0.959748808982187
139.069534767384,0.967426992464155
139.569784892446,0.975792774466897
140.070035017509,0.974429640557294
140.570285142571,0.978217463987519
141.070535267634,0.975280091359303
141.570785392696,0.969688829703541
142.071035517759,0.970515154241663
142.571285642821,0.973910925883728
143.071535767884,0.97701115079318
143.571785892946,0.972843338706738
144.072036018009,0.970979584821484
144.572286143072,0.977409234147312
145.072536268134,0.989930765104552
145.572786393197,0.990877720962108
146.073036518259,0.978488884456245
146.573286643322,0.97558770122386
147.073536768384,0.978374284702783
147.573786893447,0.977427328845227
148.074037018509,0.971896382849182
148.574287143572,0.979604724161009
149.074537268634,0.99408651405905
149.574787393697,0.981691645987216
150.075037518759,0.974707092591992
150.575287643822,0.992132286684221
151.075537768884,0.991384372503731
151.575787893947,0.977143845244557
152.07603801901,0.975774679768982
152.576288144072,0.977391139449397
153.076538269135,0.978603484209707
153.576788394197,0.998863514308633
154.07703851926,1.02101745612267
154.577288644322,1.01595094070645
155.077538769385,1.00662010814823
155.577788894447,0.993549704687569
156.07803901951,0.977903822556991
156.578289144572,0.986746098271497
157.078539269635,1.00203611800975
157.578789394697,1.00459350198174
158.07903951976,0.995021406784663
158.579289644822,0.988555568063005
159.079539769885,0.991589445746768
159.579789894947,0.98252400209131
160.08004002001,0.977988264480594
160.580290145073,0.992222760173796
161.080540270135,0.997440064739313
161.580790395198,0.987132118493685
162.08104052026,0.982982401105158
162.581290645323,0.990262501232995
163.081540770385,0.997512443530973
163.581790895448,0.997409906909454
164.08204102051,0.985069322931365
164.582291145573,0.983428736987064
165.082541270635,0.988965714549081
165.582791395698,0.983259853139857
166.08304152076,0.987192434153402
166.583291645823,0.994207145378484
167.083541770885,0.985931836865318
167.583791895948,0.97942980874783
168.084042021011,0.991462782861363
168.584292146073,1.00187929729448
169.084542271136,0.992964642788315
169.584792396198,0.985835331809771
170.085042521261,0.988085105917213
170.585292646323,0.990811373736419
171.085542771386,1.00157168742992
171.585792896448,1.00107709902025
172.086043021511,0.986420393709025
172.586293146573,0.981631330327499
173.086543271636,0.984104272375894
173.586793396698,0.98437569284462
174.087043521761,0.978995535997868
174.587293646823,0.977873664727132
175.087543771886,0.981872592966367
175.587793896948,0.985841363375742
176.088044022011,0.990582174229495
176.588294147074,0.984206808997413
177.088544272136,0.978235558685434
177.588794397199,0.99607693082971
178.089044522261,1.01159615007488
178.589294647324,1.0114212346617
179.089544772386,1.00757309557176
179.589794897449,0.998296547107294
180.090045022511,0.994376029225692
180.590295147574,0.99024440653508
181.090545272636,0.994140798152795
181.590795397699,1.00550426844347
182.091045522761,0.997687358944152
182.591295647824,0.991245646486381
183.091545772886,0.997578790756662
183.591795897949,0.994979185822861
184.092046023012,0.977855570029217
184.592296148074,0.968729810714042
185.092546273137,0.97566008001552
185.592796398199,0.985642321698676
186.093046523262,0.992880200864711
186.593296648324,0.990660584587127
187.093546773387,0.991589445746768
187.593796898449,0.998682567329482
188.094047023512,0.993211936993154
188.594297148574,0.978621578907622
189.094547273637,0.973591252887228
189.594797398699,0.986878792722874
190.095047523762,1.00391796659291
190.595297648824,0.998935893100294
191.095547773887,0.985153764854969
191.595797898949,0.992807822073051
192.096048024012,1.00574553108234
192.596298149075,1.006457255867
193.096548274137,0.997886400621218
193.5967983992,0.992421801850862
194.097048524262,0.999864754259935
194.597298649325,1.00312783145062
195.097548774387,0.994219208510428
195.59779889945,0.988362557951911
196.098049024512,0.992180539211994
196.598299149575,0.997524506662917
197.098549274637,1.00032315327378
197.5987993997,1.00308561048882
198.099049524762,1.00139074045077
198.599299649825,0.992186570777966
199.099549774887,0.984351566580733
199.59979989995,0.984351566580733
200.100050025013,0.987735275090855
200.600300150075,0.986860698024959
201.100550275138,0.985057259799422
201.6008004002,0.985588037604931
202.101050525263,0.987771464486685
202.601300650325,0.996438824788011
203.101550775388,1.00005173280506
203.60180090045,0.990624395191297
204.102051025513,0.985413122191752
204.602301150575,0.991185330826665
205.102551275638,0.993404947104249
205.6028014007,0.989050156472684
206.103051525763,0.995039501482578
206.603301650825,1.00831497818628
207.103551775888,1.00887591382165
207.60380190095,1.00820640999879
208.104052026013,1.01268183194979
208.604302151076,1.01022095303334
209.104552276138,1.0029408529055
209.604802401201,0.995003312086748
210.105052526263,0.996456919485927
210.605302651326,1.0082245046967
211.105552776388,1.01600522480019
211.605802901451,1.01447923860935
212.106053026513,1.00007585906894
212.606303151576,0.980443111831075
213.106553276638,0.982246550056612
213.606803401701,0.998393052162841
214.107053526763,1.00204818114169
214.607303651826,1.00196977078406
215.107553776888,1.00718707534957
215.607803901951,0.999750154506472
216.108054027014,0.988471126139401
216.608304152076,0.990190122441335
217.108554277139,0.986939108382591
217.608804402201,0.978892999376349
218.109054527264,0.986806413931214
218.609304652326,1.00168628718339
219.109554777389,1.00242816979791
219.609804902451,0.996245814676917
220.110055027514,0.99305511627789
220.610305152576,0.993845251420182
221.110555277639,1.00468397547132
221.610805402701,1.01276627387339
222.111055527764,1.01080601493259
222.611305652826,1.0104622156722
223.111555777889,1.01051649976595
223.611805902951,1.01058284699164
224.112056028014,1.00689152861696
224.612306153077,1.00055235278071
225.112556278139,1.0010228149265
225.612806403202,1.00451509162411
226.113056528264,1.00990731160281
226.613306653327,1.00924987091189
227.113556778389,1.00109519371816
227.613806903452,0.995709005305436
228.114057028514,0.995895983850559
228.614307153577,1.00432208151302
229.114557278639,1.00511824822128
229.614807403702,0.991897055611325
230.115057528764,0.990377100986457
230.615307653827,0.994412218621522
231.115557778889,0.989291419111552
231.615807903952,0.988296210726222
232.116058029015,0.993217968559126
232.616308154077,1.00479857522478
233.11655827914,1.02357484009467
233.616808404202,1.0270852114902
234.117058529265,1.01155392911308
234.617308654327,1.00423763958941
235.11755877939,1.00871909310638
235.617808904452,1.00686740235307
236.118059029515,1.00104090962442
236.618309154577,1.0034957569749
237.11855927964,1.00638487707534
237.618809404702,1.00879750346402
238.119059529765,1.00479254365881
238.619309654827,0.998634314801709
239.11955977989,1.00072123662792
239.619809904952,1.00165612935353
240.120060030015,1.00983493281115
240.620310155078,1.01398465019967
241.12056028014,1.00323639963811
241.620810405203,1.00076345758972
242.121060530265,1.01287484206088
242.621310655328,1.01114378262701
243.12156078039,1.00100472022859
243.621810905453,1.00900257670705
244.122061030515,1.01500398484889
244.622311155578,1.01110759323118
245.12256128064,1.00924383934592
245.622811405703,1.00566108915873
246.123061530765,0.998007031940652
246.623311655828,0.987463854622128
247.12356178089,0.988314305424137
247.623811905953,0.996812781878257
248.124062031016,0.997494348833058
248.624312156078,0.999424449944001
249.124562281141,1.00645122430103
249.624812406203,1.00900257670705
250.125062531266,1.00468397547132
250.625312656328,1.00853211456126
251.125562781391,1.0155769836162
251.625812906453,1.0139363976719
252.126063031516,1.00665026597809
252.626313156578,1.00459953354772
253.126563281641,1.01668679175499
253.626813406703,1.02660268621246
254.127063531766,1.01935274391448
254.627313656828,1.01055872072775
255.127563781891,1.01114378262701
255.627813906953,1.00959367017228
256.128064032016,1.00625821418993
256.628314157079,1.00506396412754
257.128564282141,1.00956351234242
257.628814407204,1.01893656586244
258.129064532266,1.01662044452931
258.629314657329,1.00376717744362
259.129564782391,1.00191548669031
259.629814907454,1.01145139249156
260.130065032516,1.01964225908112
260.630315157579,1.02615635033056
261.130565282641,1.02762805242765
261.630815407704,1.01963019594918
262.131065532766,1.00487095401644
262.631315657829,1.00049806868696
263.131565782891,1.00927399717578
263.631815907954,1.00904479766886
264.132066033016,1.00540776338792
264.632316158079,1.00508205882545
265.132566283142,1.00575759421428
265.632816408204,1.01238628521717
266.133066533267,1.01998605834151
266.633316658329,1.02162664428581
267.133566783392,1.01738042184174
267.633816908454,1.00736199076275
268.134067033517,0.997826084961501
268.634317158579,1.00085393107929
269.134567283642,1.00361638829433
269.634817408704,0.997204833666417
270.135067533767,1.00242213823193
270.635317658829,1.02383419743145
271.135567783892,1.03282123072928
271.635817908954,1.01883402924092
272.136068034017,1.00757912713773
272.63631815908,1.01432844946006
273.136568284142,1.01408718682119
273.636818409205,1.00597473058926
274.137068534267,1.01516683713013
274.63731865933,1.00992540630072
275.137568784392,0.994496660545126
275.637818909455,1.00418938706164
276.138069034517,1.01437670198783
276.63831915958,1.01231993799149
277.138569284642,1.00789276856826
277.638819409705,1.00647535056491
278.139069534767,1.00333893625963
278.63931965983,1.00247642232568
279.139569784892,1.00981080654726
279.639819909955,1.01318245192544
280.140070035018,1.02097523516087
280.64032016008,1.02178346500108
281.140570285143,1.01247072714078
281.640820410205,1.02019716315052
282.141070535268,1.02794772542415
282.64132066033,1.02060127807062
283.141570785393,1.00949113355076
283.641820910455,1.00802546301964
284.142071035518,1.01624045587309
284.64232116058,1.02349642973704
285.142571285643,1.0271696534138
285.642821410705,1.02476909015707
286.143071535768,1.01775437893198
286.64332166083,1.01037174218263
287.143571785893,1.00190342355837
287.643821910955,0.999931101485623
288.144072036018,1.01190979150541
288.644322161081,1.01278436857131
289.144572286143,1.00632456141562
289.644822411206,1.00865877744667
290.145072536268,1.01282055796714
290.645322661331,1.02259169484128
291.145572786393,1.02074000408797
291.645822911456,1.01054665759581
292.146073036518,1.01089648842217
292.646323161581,1.01526937375165
293.146573286643,1.02542653084798
293.646823411706,1.02776074687903
294.147073536768,1.00906892393274
294.647323661831,0.995123943406182
295.147573786893,0.995763289399182
295.647823911956,1.00096853083275
296.148074037018,1.01596300383839
296.648324162081,1.03166317006271
297.148574287144,1.02294152566764
297.648824412206,1.01022095303334
298.149074537269,1.02357484009467
298.649324662331,1.03772489386427
299.149574787394,1.02583064576808
299.649824912456,1.01429226006423
300.150075037519,1.02161458115387
300.650325162581,1.0330082092744
301.150575287644,1.03510719423255
301.650825412706,1.01678329681054
302.151075537769,1.01028126869305
302.651325662831,1.02306215698708
303.151575787894,1.03108413972943
303.651825912956,1.0310479503336
304.152076038019,1.02031176290398
304.652326163082,1.01838166179304
305.152576288144,1.01929242825477
305.652826413207,1.01794738904308
306.153076538269,1.01493160605723
306.653326663332,1.00222309655487
307.153576788394,1.00085996264526
307.653826913457,1.01646362381404
308.154077038519,1.03431705909026
308.654327163582,1.02782709410472
309.154577288644,1.01133076117213
309.654827413707,1.01694011752581
310.155077538769,1.02503447905982
310.655327663832,1.02589699299377
311.155577788894,1.0218860016226
311.655827913957,1.01331514637682
312.15607803902,1.01102918287354
312.656328164082,1.01665663392514
313.156578289145,1.0183695986611
313.656828414207,1.01662044452931
314.15707853927,1.01175900235612
314.657328664332,1.01057078385969
315.157578789395,1.01690392812997
315.657828914457,1.01803786253265
316.15807903952,1.0216929915115
316.658329164582,1.01770612640421
317.158579289645,1.01280246326922
317.658829414707,1.01908735501173
318.15907953977,1.01802579940071
318.659329664832,1.01148155032142
319.159579789895,1.01583030938701
319.659829914957,1.02341198781343
320.16008004002,1.02187393849065
320.660330165083,1.0164093397203
321.160580290145,1.0146601855885
321.660830415208,1.02311644108082
322.16108054027,1.02790550446235
322.661330665333,1.03418436463888
323.161580790395,1.04065623492651
323.661830915458,1.03344248202436
324.16208104052,1.02033588916787
324.662331165583,1.00917749212023
325.162581290645,1.00582997300594
325.662831415708,1.00371289334988
326.16308154077,1.00874925093624
326.663331665833,1.02334564058775
327.163581790895,1.0307704982989
327.663831915958,1.02048667831716
328.16408204102,1.00155962429798
328.664332166083,0.995389332308936
329.164582291146,1.00321227337423
329.664832416208,1.0151306477343
330.165082541271,1.01517890026207
330.665332666333,1.00926796560981
331.165582791396,1.01668679175499
331.665832916458,1.02077016191783
332.166083041521,1.0174528006334
332.666333166583,1.02343008251135
333.166583291646,1.02868960803867
333.666833416708,1.02341198781343
334.167083541771,1.02113205587613
334.667333666833,1.02016700532066
335.167583791896,1.01786897868545
335.667833916959,1.02733853726101
336.168084042021,1.03851502900656
336.668334167084,1.03350279768408
337.168584292146,1.01927433355685
337.668834417209,1.01610172985574
338.169084542271,1.01905719718187
338.669334667334,1.01652393947376
339.169584792396,1.01711503293898
339.669834917459,1.01548047856065
340.170085042521,1.00919558681815
340.670335167584,1.00423763958941
341.170585292646,1.01032348965485
341.670835417709,1.02682585415341
342.171085542771,1.0278934413304
342.671335667834,1.01742867436951
343.171585792896,1.01241041148106
343.671835917959,1.01664457079319
344.172086043022,1.02637348670554
344.672336168084,1.03019146796562
345.172586293147,1.03393103886807
345.672836418209,1.03569225613181
346.173086543272,1.02771852591723
346.673336668334,1.0131703887935
347.173586793397,1.00471413330118
347.673836918459,1.01014857424168
348.174087043522,1.01496176388709
348.674337168584,1.02549890963964
349.174587293647,1.03487196315966
349.674837418709,1.01873752418537
350.175087543772,0.998803198648916
350.675337668834,1.00374305117973
351.175587793897,1.01367704033512
351.675837918959,1.00985905907503
352.176088044022,1.01661441296333
352.676338169085,1.02647602332706
353.176588294147,1.02184378066079
353.67683841921,1.02125268719557
354.177088544272,1.02688616981313
354.677338669335,1.02567985661879
355.177588794397,1.01532968941136
355.67783891946,1.01127647707838
356.178089044522,1.01955781715752
356.678339169585,1.01909941814367
357.178589294647,1.01133076117213
357.67883941971,1.01152980284919
358.179089544772,1.01448527017532
358.679339669835,1.02182568596288
359.179589794897,1.03312884059384
359.67983991996,1.03265837844804
360.180090045022,1.02052286771299
360.680340170085,1.02075206721992
361.180590295148,1.03055336192392
361.68084042021,1.02246503195588
362.181090545273,1.00528110050252
362.681340670335,0.997590853888605
363.181590795398,0.993682399138947
363.68184092046,0.996625803333134
364.182091045523,1.01049237350206
364.682341170585,1.02359293479259
365.182591295648,1.02607190840695
365.68284142071,1.02270026302877
366.183091545773,1.02084254070949
366.683341670835,1.02016700532066
367.183591795898,1.01982923762625
367.683841920961,1.01490747979334
368.184092046023,1.01963019594918
368.684342171086,1.0320914112467
369.184592296148,1.02475099545915
369.684842421211,1.0098228696792
370.185092546273,1.0112523508145
370.685342671336,1.01874355575134
371.185592796398,1.01488335352946
371.685842921461,1.01697630692164
372.186093046523,1.02574620384448
372.686343171586,1.02474496389318
373.186593296648,1.0229294625357
373.686843421711,1.01778453676184
374.187093546773,1.01286277892894
374.687343671836,1.01769406327227
375.187593796898,1.01847816684859
375.687843921961,1.01836356709513
376.188094047024,1.02705505366034
376.688344172086,1.02730837943115
377.188594297149,1.01939496487629
377.688844422211,1.01866514539371
378.189094547274,1.02142760260875
378.689344672336,1.02266407363294
379.189594797399,1.03104191876763
379.689844922461,1.02890674441365
380.190095047524,1.01153583441517
380.690345172586,1.01000381665835
381.190595297649,1.02055302554285
381.690845422711,1.02271232616072
382.191095547774,1.02108983491433
382.691345672836,1.01867117695968
383.191595797899,1.00795911579395
383.691845922961,1.00987112220698
384.192096048024,1.02598143491738
384.692346173087,1.02897309163934
385.192596298149,1.02994417376078
385.692846423212,1.03790584084342
386.193096548274,1.04362979695056
386.693346673337,1.04645860139128
387.193596798399,1.03647635970813
387.693846923462,1.01681948620637
388.194097048524,1.00557664723513
388.694347173587,1.01486525883154
389.194597298649,1.02867151334075
389.694847423712,1.02920832271223
390.195097548774,1.02638554983748
390.695347673837,1.02200663294203
391.195597798899,1.01028126869305
391.695847923962,1.00186120259657
392.196098049024,1.00826672565851
392.696348174087,1.01542016290094
393.19659829915,1.01438273355381
393.696848424212,1.01565539397383
394.197098549275,1.01751914785909
394.697348674337,1.01186153897764
395.1975987994,1.01371322973095
395.697848924462,1.01868324009163
396.198099049525,1.01355037744971
396.698349174587,1.01310404156781
397.19859929965,1.01829118830346
397.698849424712,1.02336976685163
398.199099549775,1.02513701568134
398.699349674837,1.01874958731731
399.1995997999,1.01570364650161
399.699849924963,1.02119840310182
400.200100050025,1.02286311531001
400.700350175088,1.0273626635249
401.20060030015,1.03259203122236
401.700850425213,1.03131937080233
402.201100550275,1.03075240360099
402.701350675338,1.02548081494173
403.2016008004,1.02277867338641
403.701850925463,1.02153617079624
404.202101050525,1.0191778285013
404.702351175588,1.02464242727166
405.20260130065,1.01836356709513
405.702851425713,1.01090855155411
406.203101550775,1.01619220334531
406.703351675838,1.01966638534501
407.2036018009,1.029045470431
407.703851925963,1.03415420680902
408.204102051026,1.03042066747254
408.704352176088,1.03336407166673
409.204602301151,1.03593955033665
409.704852426213,1.03134349706621
410.205102551276,1.02986576340315
410.705352676338,1.02499828966399
411.205602801401,1.01570364650161
411.705852926463,1.01796548374099
412.206103051526,1.02692235920896
412.706353176588,1.02928673306987
413.206603301651,1.02453989065014
413.706853426713,1.02805026204567
414.207103551776,1.02945561691707
414.707353676838,1.02572810914657
415.207603801901,1.02172314934136
415.707853926963,1.01288690519283
416.208104052026,1.0200524055672
416.708354177089,1.03191046426755
417.208604302151,1.02273042085863
417.708854427214,0.999750154506472
418.209104552276,0.999756186072444
418.709354677339,1.02511892098342
419.209604802401,1.03358120804171
419.709854927464,1.02380403960159
420.210105052526,1.01887021863675
420.710355177589,1.02402117597658
421.210605302651,1.02483543738275
421.710855427714,1.01463605932462
422.211105552776,1.01359259841151
422.711355677839,1.03134349706621
423.211605802901,1.04239332592636
423.711855927964,1.03165713849674
424.212106053027,1.01742264280354
424.712356178089,1.0174950215952
425.212606303152,1.0181343675882
425.712856428214,1.01793532591113
426.213106553277,1.03048701469823
426.713356678339,1.03414817524305
427.213606803402,1.0299622684587
427.713856928464,1.0293229224657
428.214107053527,1.02923848054209
428.714357178589,1.03727252641639
429.214607303652,1.03586113997901
429.714857428714,1.01869530322357
430.215107553777,1.01218724354011
430.715357678839,1.02089682480324
431.215607803902,1.02969687955594
431.715857928965,1.02743504231656
432.216108054027,1.02336373528566
432.71635817909,1.02718171654574
433.216608304152,1.02897309163934
433.716858429215,1.02857500828521
434.217108554277,1.02784518880263
434.71735867934,1.02736869509087
435.217608804402,1.0283639034762
435.717858929465,1.0300467103823
436.218109054527,1.03122286574678
436.71835917959,1.02666300187218
437.218609304652,1.01949146993183
437.718859429715,1.01807405192848
438.219109554777,1.025209394473
438.71935967984,1.02992004749689
439.219609804902,1.02552303590353
439.719859929965,1.02177140186913
440.220110055028,1.02616238189653
440.72036018009,1.03053526722601
441.220610305153,1.02556525686533
441.720860430215,1.02140347634486
442.221110555278,1.0224167794281
442.72136068034,1.0255712884313
443.221610805403,1.03650651753799
443.721860930465,1.03689856932615
444.222111055528,1.01966638534501
444.72236118059,1.01683154933831
445.222611305653,1.02889468128171
445.722861430715,1.03362946056949
446.223111555778,1.03315296685772
446.72336168084,1.0254868465077
447.223611805903,1.01958797498738
447.723861930965,1.0274048844867
448.224112056028,1.02376785020576
448.724362181091,1.01354434588374
449.224612306153,1.01816452541806
449.724862431216,1.01548047856065
450.225112556278,1.00797117892589
450.725362681341,1.02175330717122
451.225612806403,1.03767060977052
451.725862931466,1.03485386846174
452.226113056528,1.02575826697642
452.726363181591,1.01086633059231
453.226613306653,0.999768249204388
453.726863431716,1.0106552257833
454.227113556778,1.0310901712954
454.727363681841,1.03978165786062
455.227613806903,1.03674174861088
455.727863931966,1.03122889731275
456.228114057029,1.01889434490063
456.728364182091,1.01716328546676
457.228614307154,1.03096350841
457.728864432216,1.03834614515935
458.229114557279,1.03238695797932
458.729364682341,1.02338786154955
459.229614807404,1.02153617079624
459.729864932466,1.02303803072319
460.230115057529,1.03204315871893
460.730365182591,1.03753791531915
461.230615307654,1.02674744379578
461.730865432716,1.0193708386124
462.231115557779,1.02826136685468
462.731365682841,1.03523385711796
463.231615807904,1.03539067783322
463.731865932966,1.03972737376687
464.232116058029,1.03697697968378
464.732366183092,1.02771249435125
465.232616308154,1.02473290076124
465.732866433217,1.02089079323727
466.233116558279,1.01776041049796
466.733366683342,1.02589699299377
467.233616808404,1.03039050964269
467.733866933467,1.01858070347011
468.234117058529,1.0078203897766
468.734367183592,1.01793532591114
469.234617308654,1.03493831038534
469.734867433717,1.03285742012511
470.235117558779,1.02129490815737
470.735367683842,1.02093301419907
471.235617808904,1.03254377869458
471.735867933967,1.04359360755473
472.23611805903,1.04396756464497
472.736368184092,1.03622906550329
473.236618309155,1.02730837943115
473.736868434217,1.0197749535325
474.23711855928,1.01992574268179
474.737368684342,1.03154253874328
475.237618809405,1.03653667536784
475.737868934467,1.02619253972639
476.23811905953,1.0173683587098
476.738369184592,1.01903307091798
477.238619309655,1.02781503097277
477.738869434717,1.027766778445
478.23911955978,1.01529350001553
478.739369684842,1.01374338756081
479.239619809905,1.02484146894873
479.739869934967,1.03226632665988
480.24012006003,1.04045719324945
480.740370185093,1.04265871482912
481.240620310155,1.03341835576048
481.740870435218,1.03609033948594
482.24112056028,1.03929913258288
482.741370685343,1.0317717382502
483.241620810405,1.03687444306226
483.741870935468,1.04251998881177
484.24212106053,1.03001052098647
484.742371185593,1.02367737671619
485.242621310655,1.02430465957725
485.742871435718,1.02314659891068
486.24312156078,1.02927466993792
486.743371685843,1.02774868374708
487.243621810905,1.02043239422342
487.743871935968,1.01742867436951
488.244122061031,1.01690392812997
488.744372186093,1.0174528006334
489.244622311156,1.0167712336786
489.744872436218,1.02258566327531
490.245122561281,1.02937720655944
490.745372686343,1.03046288843435
491.245622811406,1.02536018362229
491.745872936468,1.02143363417472
492.246123061531,1.02799597795192
492.746373186593,1.02867754490672
493.246623311656,1.02306215698708
493.746873436718,1.02659665464649
494.247123561781,1.02686807511522
494.747373686843,1.01972670100473
495.247623811906,1.02300787289333
495.747873936968,1.03232061075363
496.248124062031,1.03759823097886
496.748374187094,1.0361627182776
497.248624312156,1.02906356512891
497.748874437219,1.029045470431
498.249124562281,1.03615065514566
498.749374687344,1.032881546389
499.249624812406,1.02443132246265
499.749874937469,1.03039050964269
500.250125062531,1.03454625859718
500.750375187594,1.03005877351424
501.250625312656,1.02887658658379
501.750875437719,1.02764614712556
502.251125562781,1.03338819793062
502.751375687844,1.04120510742994
503.251625812906,1.03634969682272
503.751875937969,1.02855088202132
504.252126063032,1.02738075822281
504.752376188094,1.02434688053905
505.252626313157,1.01714519076884
505.752876438219,1.01206661222067
506.253126563282,1.01421988127257
506.753376688344,1.02087269853935
507.253626813407,1.02647602332706
507.753876938469,1.03497449978118
508.254127063532,1.03558971951029
508.754377188594,1.02513098411537
509.254627313657,1.01991971111582
509.754877438719,1.02469067979943
510.255127563782,1.0349684682152
510.755377688844,1.0368865061942
511.255627813907,1.03299011457649
511.755877938969,1.04341266057558
512.256128064032,1.050354993009
512.756378189095,1.03507100483672
513.256628314157,1.03157872813911
513.75687843922,1.04668176933224
514.257128564282,1.04934168992575
514.757378689345,1.03698904281572
515.257628814407,1.02136728694903
515.75787893947,1.0185384825083
516.258129064532,1.03298408301052
516.758379189595,1.03292979891677
517.258629314657,1.02485956364664
517.75887943972,1.03896136488847
518.259129564782,1.04295426156173
518.759379689845,1.02534812049035
519.259629814907,1.01988352171999
519.75987993997,1.02760392616376
520.260130065033,1.03121080261484
520.760380190095,1.02534208892438
521.260630315158,1.01888831333466
521.76088044022,1.02046858361925
522.261130565283,1.02966672172608
522.761380690345,1.03644620187827
523.261630815408,1.03242917894112
523.76188094047,1.03381643911461
524.262131065533,1.04163334861393
524.762381190595,1.04047528794736
525.262631315658,1.03292979891677
525.76288144072,1.02958227980248
526.263131565783,1.04153081199241
526.763381690845,1.05442630003989
527.263631815908,1.04473960508935
527.76388194097,1.030324162417
528.264132066033,1.03167523319466
528.764382191096,1.03554146698251
529.264632316158,1.03211553751059
529.764882441221,1.03289964108691
530.265132566283,1.04062607709665
530.765382691346,1.04051750890916
531.265632816408,1.02503447905982
531.765882941471,1.01878577671314
532.266133066533,1.02805629361164
532.766383191596,1.03868391285377
533.266633316658,1.04904614319314
533.766883441721,1.03829789263158
534.267133566783,1.02260375797323
534.767383691846,1.02408149163629
535.267633816908,1.02452179595223
535.767883941971,1.0284905663616
536.268134067034,1.03472720557634
536.768384192096,1.03399738609376
537.268634317159,1.03561987734015
537.768884442221,1.03361136587157
538.269134567284,1.02806232517761
538.769384692346,1.02941339595527
539.269634817409,1.03438340631595
539.769884942471,1.0342869012604
540.270135067534,1.0235265875669
540.770385192596,1.01443098608158
541.270635317659,1.01635505562655
541.770885442721,1.02303199915722
542.271135567784,1.02706711679228
542.771385692846,1.02573414071254
543.271635817909,1.03306852493412
543.771885942971,1.04489642580461
544.272136068034,1.04365392321445
544.772386193097,1.03334597696882
545.272636318159,1.02354468226481
545.772886443222,1.02196441198023
546.273136568284,1.02267010519892
546.773386693347,1.02462433257375
547.273636818409,1.02729631629921
547.773886943472,1.02355674539676
548.274137068534,1.02732044256309
548.774387193597,1.03773092543024
549.274637318659,1.04223047364513
549.774887443722,1.03865978658988
550.275137568784,1.02973910051774
550.775387693847,1.02625888695208
551.275637818909,1.03853312370448
551.775887943972,1.05320792371361
552.276138069035,1.04199524257223
552.776388194097,1.02842421913591
553.27663831916,1.03090922431625
553.776888444222,1.02830358781648
554.277138569285,1.02789947289638
554.777388694347,1.03513132049644
555.27763881941,1.03303836710426
555.777888944472,1.02437100680293
556.278139069535,1.01928639668879
556.778389194597,1.02288121000793
557.27863931966,1.03087906648639
557.778889444722,1.03110223442735
558.279139569785,1.02926863837195
558.779389694847,1.02660871777843
559.27963981991,1.0254868465077
559.779889944973,1.01747692689729
560.280140070035,1.00365257769016
560.780390195098,1.00354400950267
561.28064032016,1.0055826788011
561.780890445223,1.011572023811
562.281140570285,1.02409355476824
562.781390695348,1.03175364355229
563.28164082041,1.0387623232114
563.781890945473,1.04280950397841
564.282141070535,1.04414851162412
564.782391195598,1.03699507438169
565.28264132066,1.02624682382013
565.782891445723,1.03099969780583
566.283141570785,1.03577669805541
566.783391695848,1.03087906648639
567.28364182091,1.02846644009772
567.783891945973,1.02315866204262
568.284142071035,1.01733820087994
568.784392196098,1.02762202086168
569.284642321161,1.04239935749233
569.784892446223,1.04578909756843
570.285142571286,1.04082511877372
570.785392696348,1.03376215502086
571.285642821411,1.03310471432995
571.785892946473,1.03295995674663
572.286143071536,1.01854451407428
572.786393196598,0.995920110114446
573.286643321661,0.992283075833513
573.786893446723,1.01244056931092
574.287143571786,1.03259806278833
574.787393696848,1.04308092444713
575.287643821911,1.04370820730819
575.787893946973,1.03668746451714
576.288144072036,1.02920832271223
576.788394197099,1.02591508769169
577.288644322161,1.02359293479259
577.788894447224,1.02650618115691
578.289144572286,1.03653064380187
578.789394697349,1.0330082092744
579.289644822411,1.02963656389622
579.789894947474,1.03622906550329
580.290145072536,1.03083081395862
580.790395197599,1.0233757984176
581.290645322661,1.02158442332401
581.790895447724,1.02381610273354
582.291145572786,1.04093971852718
582.791395697849,1.04875059646053
583.291645822912,1.03105398189957
583.791895947974,1.02561954095908
584.292146073037,1.03779124108996
584.792396198099,1.03733887364208
585.292646323162,1.03195268522936
585.792896448224,1.03751982062123
586.293146573287,1.03733887364208
586.793396698349,1.02830358781648
587.293646823412,1.02224186401493
587.793896948474,1.02603571901112
588.294147073537,1.03307455650009
588.794397198599,1.02759186303182
589.294647323662,1.0187314926194
589.794897448724,1.01879783984509
590.295147573787,1.02665093874023
590.795397698849,1.03236283171543
591.295647823912,1.03157872813911
591.795897948974,1.04019783591266
592.296148074037,1.04940803715144
592.7963981991,1.04084321347163
593.296648324162,1.03141587585787
593.796898449225,1.0329659883126
594.297148574287,1.04102416045079
594.79739869935,1.04608464430104
595.297648824412,1.04156096982227
595.797898949475,1.03861756562808
596.298149074537,1.04093368696121
596.7983991996,1.04109653924245
597.298649324662,1.04060798239874
597.798899449725,1.04207365292986
598.299149574787,1.0477553880752
598.79939969985,1.04401581717275
599.299649824912,1.0351192573645
599.799899949975,1.0429180721659
600.300150075038,1.04974580484586
600.8004002001,1.04186254812085
601.300650325163,1.02814676710122
601.800900450225,1.02768836808737
602.301150575288,1.03548718288877
602.80140070035,1.03418436463888
603.301650825413,1.03066796167738
603.801900950475,1.02934101716361
604.302151075538,1.03136159176413
604.8024012006,1.03585510841304
605.302651325663,1.03641001248244
605.802901450725,1.0336053343056
606.303151575788,1.03776711482607
606.80340170085,1.03842455551699
607.303651825913,1.03390088103821
607.803901950976,1.04124732839174
608.304152076038,1.04673605342598
608.804402201101,1.04153684355838
609.304652326163,1.03748966279137
609.804902451226,1.03410595428125
610.305152576288,1.03022162579548
610.805402701351,1.02516114194523
611.305652826413,1.02523352073689
611.805902951476,1.01891847116452
612.306153076538,1.00576965734622
612.806403201601,1.01577602529327
613.306653326663,1.02231424280659
613.806903451726,1.0184962615465
614.307153576788,1.0345221323333
614.807403701851,1.04625352814825
615.307653826913,1.04168763270767
615.807903951976,1.03699507438169
616.308154077038,1.03865375502391
616.808404202101,1.04508943591571
617.308654327164,1.03865978658988
617.808904452226,1.02387641839326
618.309154577289,1.01891847116452
618.809404702351,1.01891847116452
619.309654827414,1.02568588818476
619.809904952476,1.0306438354135
620.310155077539,1.02674744379578
620.810405202601,1.02643983393123
621.310655327664,1.03268250471193
621.810905452726,1.03295392518066
622.311155577789,1.01531159471345
622.811405702851,1.01368307190109
623.311655827914,1.03334597696882
623.811905952977,1.03271869410776
624.312156078039,1.02399704971269
624.812406203102,1.02571001444865
625.312656328164,1.0171331276369
625.812906453227,1.01347196709208
626.313156578289,1.03376818658684
626.813406703352,1.05026451951942
627.313656828414,1.04776745120714
627.813906953477,1.03229648448974
628.314157078539,1.02248915821977
628.814407203602,1.02605381370904
629.314657328664,1.03227838979183
629.814907453727,1.03777314639204
630.315157578789,1.03270059940985
630.815407703852,1.02148791826846
631.315657828914,1.02349642973704
631.815907953977,1.02953402727471
632.316158079039,1.02826136685468
632.816408204102,1.02815883023316
633.316658329165,1.02752551580613
633.816908454227,1.02961243763234
634.31715857929,1.03975150003076
634.817408704352,1.04293013529784
635.317658829415,1.04381074392971
635.817908954477,1.05046959276246
636.31815907954,1.05045752963052
636.818409204602,1.04681446378361
637.318659329665,1.03638588621855
637.818909454727,1.02908165982683
638.31915957979,1.03743537869763
638.819409704852,1.03542686722905
639.319659829915,1.02595730865349
639.819909954977,1.03033622554894
640.32016008004,1.0370372953435
640.820410205103,1.03873216538154
641.320660330165,1.03781536735384
641.820910455228,1.03008289977813
642.32116058029,1.03121683418081
642.821410705353,1.03846677647879
643.321660830415,1.0374836312254
643.821910955478,1.03542686722905
644.32216108054,1.03399135452779
644.822411205603,1.03837630298921
645.322661330665,1.04543926674207
645.822911455728,1.05228509411994
646.32316158079,1.05087973924854
646.823411705853,1.04086733973552
647.323661830916,1.03454022703121
647.823911955978,1.03318312468758
648.324162081041,1.03946198486412
648.824412206103,1.03431102752429
649.324662331166,1.02150601296638
649.824912456228,1.0209269826331
650.325162581291,1.02342405094538
650.825412706353,1.02583064576808
651.325662831416,1.02978735304552
651.825912956478,1.0340094492257
652.326163081541,1.03003464725036
652.826413206603,1.0241659335599
653.326663331666,1.0301311523059
653.826913456728,1.0340094492257
654.327163581791,1.02920229114626
654.827413706853,1.02786931506652
655.327663831916,1.02765821025751
655.827913956978,1.02415387042795
656.328164082041,1.0294495853511
656.828414207104,1.03554146698251
657.328664332166,1.03716998979487
657.828914457229,1.04205555823195
658.329164582291,1.04152478042644
658.829414707354,1.03975150003076
659.329664832416,1.04267680952703
659.829914957479,1.03941373233634
660.330165082541,1.02860516611506
660.830415207604,1.02905150199697
661.330665332666,1.04130161248548
661.830915457729,1.04691700040513
662.331165582791,1.04514372000945
662.831415707854,1.03408182801736
663.331665832916,1.02303803072319
663.831915957979,1.03090319275028
664.332166083042,1.04019783591266
664.832416208104,1.04486023640878
665.332666333167,1.04784586156477
665.832916458229,1.0430447350513
666.333166583292,1.04462500533589
666.833416708354,1.04767697771757
667.333666833417,1.04830426057862
667.833916958479,1.05294856637683
668.334167083542,1.04189270595071
668.834417208604,1.03195268522936
669.334667333667,1.04799061914809
669.834917458729,1.05025848795345
670.335167583792,1.03625922333315
670.835417708854,1.03860550249614
671.335667833917,1.04484817327684
671.83591795898,1.04736936785301
672.336168084042,1.04842489189806
672.836418209105,1.03569828769778
673.336668334167,1.03180189608006
673.83691845923,1.04502308869002
674.337168584292,1.04714619991206
674.837418709355,1.04604242333924
675.337668834417,1.04578306600245
675.83791895948,1.0429180721659
676.338169084542,1.04557196119344
676.838419209605,1.05326220780736
677.338669334667,1.05652528499804
677.83891945973,1.05381711187675
678.339169584792,1.04631384380796
678.839419709855,1.03561384577417
679.339669834917,1.02837596660814
679.83991995998,1.02764011555959
680.340170085042,1.0352459202499
680.840420210105,1.03811694565243
681.340670335168,1.03180792764604
681.84092046023,1.02657855994857
682.341170585293,1.02368340828216
682.841420710355,1.02160251802193
683.341670835418,1.01528746844956
683.84192096048,1.00998572196044
684.342171085543,1.02026954194218
684.842421210605,1.02519733134106
685.342671335668,1.01486525883154
685.84292146073,1.01751914785909
686.343171585793,1.02724806377143
686.843421710855,1.0286835764727
687.343671835918,1.03205522185087
687.843921960981,1.04122320212785
688.344172086043,1.0461992440545
688.844422211106,1.04247173628399
689.344672336168,1.0386778812878
689.844922461231,1.03203712715296
690.345172586293,1.02189203318857
690.845422711356,1.02059524650465
691.345672836418,1.02028160507412
691.845922961481,1.02122856093168
692.346173086543,1.03952230052383
692.846423211606,1.04721857870372
693.346673336668,1.02780296784083
693.846923461731,1.01378560852261
694.347173586793,1.01534778410928
694.847423711856,1.01725375895633
695.347673836918,1.0254446255459
695.847923961981,1.04147652789866
696.348174087044,1.04416057475607
696.848424212106,1.04615099152673
697.348674337169,1.04894963813759
697.848924462231,1.04201936883612
698.349174587294,1.04082511877372
698.849424712356,1.03917246969748
699.349674837419,1.03481767906591
699.849924962481,1.03432309065623
700.350175087544,1.036928727156
700.850425212606,1.03841852395101
701.350675337669,1.03517957302421
701.850925462731,1.03721824232265
702.351175587794,1.04019180434669
702.851425712856,1.04063210866263
703.351675837919,1.04275521988466
703.851925962981,1.03909405933984
704.352176088044,1.03984800508631
704.852426213107,1.04832235527654
705.352676338169,1.05340093382471
705.852926463232,1.0542332899288
706.353176588294,1.04713413678011
706.853426713357,1.04321965046448
707.353676838419,1.0429180721659
707.853926963482,1.03311074589592
708.354177088544,1.02450973282028
708.854427213607,1.0255712884313
709.354677338669,1.03630747586092
709.854927463732,1.04961311039448
710.355177588794,1.04953470003685
710.855427713857,1.03494434195132
711.355677838919,1.02823724059079
711.855927963982,1.03181395921201
712.356178089045,1.03017337326771
712.856428214107,1.03057748818781
713.35667833917,1.03490815255549
713.856928464232,1.03257393652444
714.357178589295,1.03585510841304
714.857428714357,1.04446818462062
715.35767883942,1.03510116266658
715.857928964482,1.02583667733406
716.358179089545,1.02204282233786
716.858429214607,1.01291706302268
717.35867933967,1.01844800901873
717.858929464732,1.03210347437865
718.359179589795,1.03990832074602
718.859429714857,1.04491452050253
719.35967983992,1.04637415946768
719.859929964982,1.04428723764147
720.360180090045,1.04373836513805
720.860430215107,1.04759856735993
721.36068034017,1.05106671779366
721.860930465233,1.04736333628704
722.361180590295,1.03611446574983
722.861430715358,1.02884039718796
723.36168084042,1.03185618017381
723.861930965483,1.04089146599941
724.362181090545,1.04420279571787
724.862431215608,1.03334597696882
725.36268134067,1.03009496291007
725.862931465733,1.0373991893018
726.363181590795,1.03840646081907
726.863431715858,1.04593385515175
727.36368184092,1.049076301023
727.863931965983,1.04020386747864
728.364182091046,1.03882867043709
728.864432216108,1.03817726131215
729.364682341171,1.03422658560068
729.864932466233,1.03783949361773
730.365182591296,1.04593988671772
730.865432716358,1.04154890669032
731.365682841421,1.03367771309726
731.865932966483,1.03427483812846
732.366183091546,1.03662714885742
732.866433216608,1.04416057475607
733.366683341671,1.04732111532524
733.866933466733,1.0485213969536
734.367183591796,1.05087973924854
734.867433716858,1.03923881692316
735.367683841921,1.0275737683339
735.867933966984,1.03309265119801
736.368184092046,1.04000482580157
736.868434217109,1.04369614417625
737.368684342171,1.04754428326619
737.868934467234,1.04229682087081
738.369184592296,1.03536052000336
738.869434717359,1.02556525686533
739.369684842421,1.02747726327836
739.869934967484,1.03993244700991
740.370185092546,1.0381651981802
740.870435217609,1.03754394688512
741.370685342671,1.04018577278072
741.870935467734,1.04302664035339
742.371185592796,1.03771283073232
742.871435717859,1.02350849286898
743.371685842921,1.02656046525066
743.871935967984,1.03834011359338
744.372186093046,1.05018007759582
744.872436218109,1.05435995281421
745.372686343172,1.04391328055123
745.872936468234,1.03677793800671
746.373186593297,1.03020956266354
746.873436718359,1.02361706105647
747.373686843422,1.020094626529
747.873936968484,1.01856260877219
748.374187093547,1.02159045488998
748.874437218609,1.01747089533131
749.374687343672,1.01479288003988
749.874937468734,1.01946131210197
750.375187593797,1.01528746844956
750.875437718859,1.02382213429951
751.375687843922,1.04322568203045
751.875937968985,1.04436564799911
752.376188094047,1.04369011261028
752.87643821911,1.04388915428734
753.376688344172,1.03203712715296
753.876938469235,1.02578842480628
754.377188594297,1.04022196217655
754.87743871936,1.05021023542568
755.377688844422,1.04247173628399
755.877938969485,1.03979372099256
756.378189094547,1.03834011359338
756.87843921961,1.02419609138975
757.378689344672,1.01897878682424
757.878939469735,1.02826739842065
758.379189594797,1.0300467103823
758.87943971986,1.03076446673293
759.379689844922,1.03781536735384
759.879939969985,1.04527038289486
760.380190095048,1.04760459892591
760.88044022011,1.04096384479107
761.380690345173,1.03857534466628
761.880940470235,1.04142827537089
762.381190595298,1.03654270693382
762.88144072036,1.0274893264103
763.381690845423,1.01671091801888
763.881940970485,1.00926193404384
764.382191095548,1.01903910248396
764.88244122061,1.02707917992423
765.382691345673,1.0230139044593
765.882941470735,1.02653633898677
766.383191595798,1.03802044059688
766.88344172086,1.04349710249918
767.383691845923,1.04458278437409
767.883941970985,1.04471547882546
768.384192096048,1.03664524355533
768.884442221111,1.03183205390992
769.384692346173,1.03237489484737
769.884942471236,1.03836423985727
770.385192596298,1.0393172272808
770.885442721361,1.03027590988922
771.385692846423,1.04112066550633
771.885942971486,1.04966136292225
772.386193096548,1.03391897573613
772.886443221611,1.02651824428886
773.386693346673,1.03952230052383
773.886943471736,1.04504721495391
774.387193596798,1.03861153406211
774.887443721861,1.04034259349598
775.387693846923,1.04366598634639
775.887943971986,1.04164541174587
776.388194097049,1.04227269460693
776.888444222111,1.04641034886351
777.388694347174,1.04457072124214
777.888944472236,1.0356078142082
778.389194597299,1.02694045390688
778.889444722361,1.02262185267114
779.389694847424,1.02752551580613
779.889944972486,1.0477131671134
780.390195097549,1.05946265762626
780.890445222611,1.04666367463432
781.390695347674,1.03592145563873
781.890945472736,1.03378628128475
782.391195597799,1.02519129977508
782.891445722861,1.02790550446235
783.391695847924,1.05516818265441
783.891945972986,1.05881124850132
784.392196098049,1.03691063245809
784.892446223112,1.03157269657314
785.392696348174,1.03020956266354
785.892946473237,1.03964293184327
786.393196598299,1.05342506008859
786.893446723362,1.04288188277007
787.393696848424,1.02969687955594
787.893946973487,1.02993814219481
788.394197098549,1.03156666500717
788.894447223612,1.02344817720926
789.394697348674,1.02299580976139
789.894947473737,1.03099366623986
790.395197598799,1.03304439867023
790.895447723862,1.04421485884981
791.395697848924,1.05615735947377
791.895947973987,1.04300854565547
792.39619809905,1.021373318515
792.896448224112,1.01686773873414
793.396698349175,1.02023938411232
793.896948474237,1.01925623885894
794.3971985993,1.01622839274115
794.897448724362,1.02434084897308
795.397698849425,1.03071018263919
795.897948974487,1.02228408497673
796.39819909955,1.02506463688968
796.898449224612,1.02949783787888
797.398699349675,1.02485956364664
797.898949474737,1.02921435427821
798.3991995998,1.03700110594766
798.899449724862,1.04285775650618
799.399699849925,1.03987816291616
799.899949974988,1.03093335058014
800.40020010005,1.03021559422951
800.900450225113,1.03820138757603
801.400700350175,1.04589766575592
801.900950475238,1.04042100385362
802.4012006003,1.03049304626421
802.901450725363,1.0319647483613
803.401700850425,1.04121717056188
803.901950975488,1.04046322481542
804.40220110055,1.0301311523059
804.902451225613,1.03202506402102
805.402701350675,1.0435574181589
805.902951475738,1.0436840810443
806.4032016008,1.03628334959703
806.903451725863,1.0370795163053
807.403701850925,1.04645256982531
807.903951975988,1.05476406773431
808.40420210105,1.05017404602985
808.904452226113,1.03718205292682
809.404702351176,1.03881660730515
809.904952476238,1.05279777722754
810.405202601301,1.04578909756843
810.905452726363,1.0315606334412
811.405702851426,1.03875629164543
811.905952976488,1.05230318881786
812.406203101551,1.05069276070341
812.906453226613,1.03441959571178
813.406703351676,1.03334597696882
813.906953476738,1.03621700237134
814.407203601801,1.01794738904308
814.907453726863,1.00923780777995
815.407703851926,1.02387641839326
815.907953976988,1.03211553751059
816.408204102051,1.03159079127105
816.908454227114,1.03254377869458
817.408704352176,1.03443165884372
817.908954477239,1.04320758733254
818.409204602301,1.04998706748473
818.909454727364,1.0510787809256
819.409704852426,1.04321965046448
819.909954977489,1.03247743146889
820.410205102551,1.02733250569504
820.910455227614,1.02719377967769
821.410705352676,1.03446784823955
821.910955477739,1.04032449879807
822.411205602801,1.04048131951333
822.911455727864,1.04329202925614
823.411705852927,1.04071051902026
823.911955977989,1.01960606968529
824.412206103052,1.01190375993944
824.912456228114,1.02261582110517
825.412706353177,1.02525764700077
825.912956478239,1.03253171556264
826.413206603302,1.03855724996836
826.913456728364,1.03125905514261
827.413706853427,1.03163301223286
827.913956978489,1.04035465662793
828.414207103552,1.04501102555808
828.914457228614,1.04230285243679
829.414707353677,1.040764803114
829.914957478739,1.05032483517914
830.415207603802,1.05169400065472
830.915457728864,1.03800234589897
831.415707853927,1.03694682185392
831.915957978989,1.05265301964422
832.416208104052,1.0577919138521
832.916458229115,1.05015595133193
833.416708354177,1.04312917697491
833.91695847924,1.03795409337119
834.417208604302,1.0378877461455
834.917458729365,1.03870200755168
835.417708854427,1.03467292148259
835.91795897949,1.03026987832325
836.418209104552,1.03216379003836
836.918459229615,1.04452850028034
837.418709354677,1.04341869214155
837.91895947974,1.03182602234395
838.419209604802,1.03244727363903
838.919459729865,1.02508876315357
839.419709854927,1.02271835772669
839.91995997999,1.0393172272808
840.420210105053,1.04087337130149
840.920460230115,1.03868994441974
841.420710355178,1.0487144070647
841.92096048024,1.04535482481846
842.421210605303,1.03753791531915
842.921460730365,1.03406373331945
843.421710855428,1.0277245574832
843.92196098049,1.03484783689577
844.422211105553,1.04995690965487
844.922461230615,1.03704935847544
845.422711355678,1.01794135747711
845.92296148074,1.01938290174434
846.423211605803,1.01868324009163
846.923461730865,1.02507066845565
847.423711855928,1.04419073258593
847.92396198099,1.05165177969291
848.424212106053,1.03152444404537
848.924462231116,1.01126441394644
849.424712356178,1.02270026302877
849.924962481241,1.03666333825325
850.425212606303,1.02221773775104
850.925462731366,1.00811593650921
851.425712856428,1.01701249631747
851.925962981491,1.03252568399667
852.426213106553,1.0467541481239
852.926463231616,1.05132004356447
853.426713356678,1.04790014565852
853.926963481741,1.04630781224199
854.427213606803,1.05049371902635
854.927463731866,1.05639259054667
855.427713856928,1.05457105762321
855.927963981991,1.05300888203655
856.428214107054,1.04911249041883
856.928464232116,1.04233301026664
857.428714357179,1.03838836612115
857.928964482241,1.02926260680598
858.429214607304,1.02257963170934
858.929464732366,1.03319518781952
859.429714857429,1.04851536538763
859.929964982491,1.04414851162412
860.430215107554,1.0410422551487
860.930465232616,1.04998103591875
861.430715357679,1.04843092346403
861.930965482741,1.04613892839478
862.431215607804,1.04773729337728
862.931465732866,1.04346694466932
863.431715857929,1.04006514146129
863.931965982992,1.04056576143694
864.432216108054,1.03616874984357
864.932466233117,1.03040257277463
865.432716358179,1.03985403665228
865.932966483242,1.05584974960921
866.433216608304,1.05660972692165
866.933466733367,1.04819569239113
867.433716858429,1.0461148021309
867.933966983492,1.04794236662032
868.434217108554,1.04410629066232
868.934467233617,1.03865978658988
869.434717358679,1.0365246122359
869.934967483742,1.04035465662793
870.435217608804,1.04537291951638
870.935467733867,1.04569259251288
871.435717858929,1.0484791759918
871.935967983992,1.04598210767952
872.436218109054,1.03744744182957
872.936468234117,1.04190476908265
873.43671835918,1.04583131853023
873.936968484242,1.0361627182776
874.437218609305,1.0332012193855
874.937468734367,1.03704935847544
875.43771885943,1.02950386944485
875.937968984492,1.01871942948746
876.438219109555,1.03102985563569
876.938469234617,1.04514975157543
877.43871935968,1.04147652789866
877.938969484742,1.03799631433299
878.439219609805,1.03799028276702
878.939469734867,1.03830392419755
879.43971985993,1.03335804010076
879.939969984992,1.03472720557634
880.440220110055,1.03942579546829
880.940470235118,1.03478148967008
881.44072036018,1.02816486179913
881.940970485243,1.02648205489303
882.441220610305,1.03911215403776
882.941470735368,1.04533673012055
883.44172086043,1.03954039522175
883.941970985493,1.04317742950268
884.442221110555,1.04146446476672
884.942471235618,1.02777884157694
885.44272136068,1.03020956266354
885.942971485743,1.0481595029953
886.443221610805,1.05346728105039
886.943471735868,1.04435961643313
887.443721860931,1.02813470396927
887.943971985993,1.01502207954681
888.444222111056,1.02291136783778
888.944472236118,1.03837027142324
889.444722361181,1.04031243566613
889.944972486243,1.04180826402711
890.445222611306,1.04944422654727
890.945472736368,1.0499930990507
891.445722861431,1.03911215403776
891.945972986493,1.03197681149324
892.446223111556,1.04557799275942
892.946473236618,1.06465583592789
893.446723361681,1.06110927513653
893.946973486743,1.04778554590506
894.447223611806,1.04633797007185
894.947473736868,1.04731508375926
895.447723861931,1.04455262654423
895.947973986993,1.04281553554438
896.448224112056,1.04278537771452
896.948474237119,1.03919659596136
897.448724362181,1.03405167018751
897.948974487244,1.0265303074208
898.449224612306,1.02079428818172
898.949474737369,1.02839406130606
899.449724862431,1.03773695699621
899.949974987494,1.03806266155868
900.450225112556,1.03676587487477
900.950475237619,1.04157303295421
901.450725362681,1.04600020237743
901.950975487744,1.04478182605115
902.451225612806,1.04016164651683
902.951475737869,1.02971497425386
903.451725862931,1.03170539102452
903.951975987994,1.04455262654423
904.452226113057,1.0452824460268
904.952476238119,1.0359274872047
905.452726363182,1.02203679077189
905.952976488244,1.01879180827912
906.453226613307,1.02675347536175
906.953476738369,1.0365246122359
907.453726863432,1.04443199522479
907.953976988494,1.04039687758973
908.454227113557,1.03356914490977
908.954477238619,1.03704935847544
909.454727363682,1.03999276266963
909.954977488744,1.03290567265288
910.455227613807,1.02854485045535
910.955477738869,1.03797821963508
911.455727863932,1.04951660533893
911.955977988995,1.0514406748839
912.456228114057,1.05051784529023
912.95647823912,1.04529450915875
913.456728364182,1.03758616784692
913.956978489245,1.03518560459018
914.457228614307,1.03508306796867
914.95747873937,1.03648842284007
915.457728864432,1.03715792666293
915.957978989495,1.03572844552764
916.458229114557,1.03498053134715
916.95847923962,1.03777314639204
917.458729364682,1.04791220879046
917.958979489745,1.05530087710579
918.459229614807,1.03882263887112
918.95947973987,1.02413577573004
919.459729864932,1.03790584084342
919.959979989995,1.04569862407885
920.460230115058,1.03926294318705
920.96048024012,1.03887692296486
921.460730365183,1.04070448745429
921.960980490245,1.05215239966856
922.461230615308,1.06681513654576
922.96148074037,1.05919123715753
923.461730865433,1.04858171261332
923.961980990495,1.04696525293291
924.462231115558,1.03952833208981
924.96248124062,1.03490212098951
925.462731365683,1.03517957302421
925.962981490745,1.03267044157999
926.463231615808,1.03061367758364
926.96348174087,1.03074637203502
927.463731865933,1.02947371161499
927.963981990996,1.03063177228155
928.464232116058,1.03412404897917
928.964482241121,1.0326463153161
929.464732366183,1.03887089139889
929.964982491246,1.05123560164087
930.465232616308,1.04808712420364
930.965482741371,1.0362049392394
931.465732866433,1.034160238375
931.965982991496,1.03940770077037
932.466233116558,1.04922709017229
932.966483241621,1.0570681259355
933.466733366683,1.05415487957117
933.966983491746,1.04727286279746
934.467233616808,1.04122923369382
934.967483741871,1.04148255946463
935.467733866933,1.03700110594766
935.967983991996,1.02925054367404
936.468234117059,1.02821914589288
936.968484242121,1.02659665464649
937.468734367184,1.03927500631899
937.968984492246,1.05605482285225
938.469234617309,1.05086767611659
938.969484742371,1.03279710446539
939.469734867434,1.02172918090733
939.969984992496,1.02235646376839
940.470235117559,1.02581255107017
940.970485242621,1.02817692493107
941.470735367684,1.03217585317031
941.970985492746,1.04707985268637
942.471235617809,1.05705606280355
942.971485742871,1.04861790200915
943.471735867934,1.03367771309726
943.971985992996,1.02200663294203
944.472236118059,1.03346660828825
944.972486243122,1.04576497130454
945.472736368184,1.02605984527501
945.972986493247,1.01473256438016
946.473236618309,1.03447387980552
946.973486743372,1.05390155380036
947.473736868434,1.05686305269246
947.973986993497,1.04862393357512
948.474237118559,1.03761029411081
948.974487243622,1.02868960803867
949.474737368684,1.02423228078559
949.974987493747,1.02634936044165
950.475237618809,1.03507100483672
950.975487743872,1.04434755330119
951.475737868935,1.04450437401645
951.975987993997,1.04694715823499
952.47623811906,1.05919123715753
952.976488244122,1.04943216341533
953.476738369185,1.03036035181283
953.976988494247,1.03999276266963
954.47723861931,1.05221874689425
954.977488744372,1.05259873555047
955.477738869435,1.05094005490825
955.977988994497,1.0417660430653
956.47823911956,1.02826739842065
956.978489244622,1.02390054465714
957.478739369685,1.0351614783263
957.978989494747,1.04236919966247
958.47923961981,1.03441356414581
958.979489744872,1.02958831136845
959.479739869935,1.03649445440604
959.979989994997,1.04169366427364
960.48024012006,1.04414248005815
960.980490245123,1.04927534270007
961.480740370185,1.04905217475911
961.980990495248,1.04130161248548
962.48124062031,1.03770076760038
962.981490745373,1.03667540138519
963.481740870435,1.03092731901417
963.981990995498,1.03832201889547
964.48224112056,1.0473934941169
964.982491245623,1.0448361101449
965.482741370685,1.04946835281116
965.982991495748,1.05660369535568
966.48324162081,1.05425138462671
966.983491745873,1.03900961741624
967.483741870935,1.02947371161499
967.983991995998,1.03733887364208
968.484242121061,1.03958261618355
968.984492246123,1.03362946056949
969.484742371186,1.03862359719405
969.984992496248,1.05422725836283
970.485242621311,1.05699574714384
970.985492746373,1.04603036020729
971.485742871436,1.04486023640878
971.985992996498,1.04882297525219
972.486243121561,1.04373836513805
972.986493246623,1.03802044059688
973.486743371686,1.03233870545154
973.986993496748,1.02277867338641
974.487243621811,1.02034795229981
974.987493746873,1.02949783787888
975.487743871936,1.0352881412117
975.987993996999,1.03602399226025
976.488244122061,1.04502308869002
976.988494247124,1.04738746255092
977.488744372186,1.04054766673902
977.988994497249,1.04248983098191
978.489244622311,1.04758047266202
978.989494747374,1.04085527660358
979.489744872436,1.03279710446539
979.989994997499,1.03490212098951
980.490245122561,1.03833408202741
980.990495247624,1.04390121741928
981.490745372686,1.04087337130149
981.990995497749,1.03263425218416
982.491245622811,1.03426277499651
982.991495747874,1.03544496192697
983.491745872936,1.03567416143389
983.991995997999,1.03537258313531
984.492246123061,1.03494434195132
984.992496248124,1.03468498461453
985.492746373187,1.02984766870523
985.992996498249,1.02913594392057
986.493246623312,1.03580685588527
986.993496748374,1.04251395724579
987.493746873437,1.04033656193001
987.993996998499,1.03753188375317
988.494247123562,1.04506530965182
988.994497248624,1.0472427049676
989.494747373687,1.03795409337119
989.994997498749,1.03582495058318
990.495247623812,1.04441993209285
990.995497748874,1.04799665071407
991.495747873937,1.04609067586701
991.995997999,1.04195302161043
992.496248124062,1.03832201889547
992.996498249125,1.03667540138519
993.496748374187,1.03315899842369
993.99699849925,1.03543289879502
994.497248624312,1.04510149904765
994.997498749375,1.04508340434974
995.497748874437,1.03674778017685
995.9979989995,1.03823757697186
996.498249124562,1.04233301026664
996.998499249625,1.04194095847848
997.498749374687,1.03720014762473
997.99899949975,1.03104191876763
998.499249624812,1.03137968646204
998.999499749875,1.04426914294356
999.499749874937,1.05489073061971
1000,1.04783580895482
