0,0
0.500250125062531,0.0205053137817747
1.00050025012506,0.0262775224166875
1.50075037518759,0.0120309635915423
2.00100050025013,0.00500418923451684
2.50125062531266,0.0105170405326467
3.00150075037519,0.0200831041637559
3.50175087543772,0.0291244215553278
4.00200100050025,0.0306504077461668
4.50225112556278,0.030192008732318
5.00250125062531,0.0284911071282998
5.50275137568784,0.0244077369654618
6.00300150075037,0.0307107234058838
6.50325162581291,0.034215063235439
7.00350175087544,0.0267238582985929
7.50375187593797,0.017586035851474
8.0040020010005,0.0172904891188609
8.50425212606303,0.0287504644650827
9.00450225112556,0.0312535643433364
9.50475237618809,0.0227611194551889
10.0050025012506,0.0207224501567558
10.5052526263132,0.0282317497915169
11.0055027513757,0.0346131465895709
11.5057528764382,0.0305177132947895
12.0060030015007,0.0282860338852621
12.5062531265633,0.0347579041728916
13.0065032516258,0.0355058183533818
13.5067533766883,0.0322970252564397
14.0070035017509,0.0363502375894192
14.5072536268134,0.0451623554740667
15.0075037518759,0.0527922864282616
15.5077538769385,0.0575451604139579
16.008004002001,0.0564051944453073
16.5082541270635,0.0464169211961794
17.0085042521261,0.0345588624958256
17.5087543771886,0.0325382878953075
18.0090045022511,0.0408497858043042
18.5092546273137,0.0439620738456992
19.0095047523762,0.0372911618810037
19.5097548774387,0.038316528096192
20.0100050025013,0.048147980630056
20.5102551275638,0.0546741350114307
21.0105052526263,0.0512602686714509
21.5107553776888,0.0475749818627449
22.0110055027514,0.0490346208278952
22.5112556278139,0.0489622420362349
23.0115057528764,0.0527741917303466
23.511755877939,0.0577562652229672
24.0120060030015,0.0597346188616833
24.512256128064,0.0623040659656258
25.0125062531266,0.0617612250281732
25.5127563781891,0.0580216541257218
26.0130065032516,0.0605911012296642
26.5132566283142,0.0628891278648802
27.0135067533767,0.062298034399654
27.5137568784392,0.0665804462395579
28.0140070035017,0.0652836595556433
28.5142571285643,0.0586308422888631
29.0145072536268,0.0560372689210339
29.5147573786893,0.0428703604048222
30.0150075037519,0.0290520427636675
30.5152576288144,0.0461937532552266
31.0155077538769,0.0705854060447638
31.5157578789395,0.070223512086462
32.016008004002,0.067569623058916
32.5162581290645,0.064795102711936
33.0165082541271,0.0449693453629724
33.5167583791896,0.0341969685375239
34.0170085042521,0.0376108348775036
34.5172586293147,0.0415192896271624
35.0175087543772,0.0490346208278952
35.5177588794397,0.0566947096119487
36.0180090045023,0.063269116521097
36.5182591295648,0.0736494415583853
37.0185092546273,0.070760321457943
37.5187593796898,0.0566524886501468
38.0190095047524,0.0509526588068945
38.5192596298149,0.0488476422827726
39.0195097548774,0.0458439224288683
39.51975987994,0.0404336077522571
40.0200100050025,0.0440706420331897
40.520260130065,0.0584679900076273
41.0205102551276,0.0709653947009807
41.5207603801901,0.0682692847116327
42.0210105052526,0.05936669333741
42.5212606303152,0.0661461734895958
43.0215107553777,0.0782635895267324
43.5217608804402,0.0720571081418576
44.0220110055028,0.0563086893897602
44.5222611305653,0.0571048560980241
45.0225112556278,0.057997527861835
45.5227613806903,0.0545112827301949
46.0230115057529,0.0608564901324188
46.5232616308154,0.055440143889836
47.0235117558779,0.0534859165150066
47.5237618809405,0.0686613364997929
48.024012006003,0.069988281013566
48.5242621310655,0.0661763313194543
49.0245122561281,0.0731066006209327
49.5247623811906,0.0774734543844403
50.0250125062531,0.0703079540100658
50.5252626313157,0.0626297705280973
51.0255127563782,0.0708869843433486
51.5257628814407,0.0753503431624034
52.0260130065032,0.0665261621458126
52.5262631315658,0.0763757093775917
53.0265132566283,0.0928539476122643
53.5267633816908,0.0797292600578545
54.0270135067534,0.063347526878729
54.5272636318159,0.0691378302115568
55.0275137568784,0.0723345601765556
55.527763881941,0.0615802780490222
56.0280140070035,0.0550722183655625
56.528264132066,0.0560734583168641
57.0285142571286,0.0557960062821661
57.5287643821911,0.06424019864254
58.0290145072536,0.0778534430406571
58.5292646323162,0.0787038938426663
59.0295147573787,0.0653681014792471
59.5297648824412,0.064734787052219
60.0300150075037,0.0803263850890523
60.5302651325663,0.0805193952001466
61.0305152576288,0.0631967377294367
61.5307653826913,0.0549395239141852
62.0310155077539,0.0620024876670409
62.5312656328164,0.06943337694417
63.0315157578789,0.073516747107008
63.5317658829415,0.0789934090093076
64.032016008004,0.0882156733800303
64.5322661330665,0.0981436309694415
65.0325162581291,0.103843460812694
65.5327663831916,0.0934209148136036
66.0330165082541,0.0794156186273264
66.5332666333167,0.0760198469852617
67.0335167583792,0.0761826992664975
67.5337668834417,0.0784927890336569
68.0340170085043,0.0755614479714128
68.5342671335668,0.0724612230619612
69.0345172586293,0.0765144353949407
69.5347673836918,0.080193690637675
70.0350175087544,0.0844338815157771
70.5352676338169,0.0844218183838337
71.0355177588794,0.0806882790473541
71.535767883942,0.0782635895267325
72.0360180090045,0.0739751461208569
72.536268134067,0.0741621246659794
73.0365182591296,0.0762188886623276
73.5367683841921,0.0745240186242812
74.0370185092546,0.0667252038228786
74.5372686343172,0.068462294822727
75.0375187593797,0.0819609394673819
75.5377688844422,0.0865268349079555
76.0380190095048,0.0855316265226257
76.5382691345673,0.0928599791782359
77.0385192596298,0.105001521479259
77.5387693846923,0.0981014100076394
78.0390195097549,0.0869068235641723
78.5392696348174,0.0871661809009553
79.0395197598799,0.0848922805296259
79.5397698849425,0.0811708043250897
80.040020010005,0.0810803308355144
80.5402701350675,0.0851033853386354
81.0405202601301,0.0943196181433863
81.5407703851926,0.0944281863308769
82.0410205102551,0.078390252412138
82.5412706353177,0.0709714262669523
83.0415207603802,0.0679013591873593
83.5417708854427,0.0615199623893052
84.0420210105053,0.0640652832293609
84.5422711355678,0.0755312901415542
85.0425212606303,0.0918225498311043
85.5427713856928,0.101877170305921
86.0430215107554,0.102251127396166
86.5432716358179,0.100393405076884
87.0435217608804,0.10023658436162
87.543771885943,0.0961652773307251
88.0440220110055,0.0872385596926156
88.544272136068,0.0838246933526359
89.0445222611306,0.0900733956993126
89.5447723861931,0.0969252546431589
90.0450225112556,0.091611445022095
90.5452726363182,0.0809114469883068
91.0455227613807,0.0867861922447384
91.5457728864432,0.0901819638868031
92.0460230115058,0.0718942558606218
92.5462731365683,0.0741560931000077
93.0465232616308,0.0958697305981122
93.5467733866933,0.0980591890458375
94.0470235117559,0.092859979178236
94.5472736368184,0.0887705774494263
95.0475237618809,0.0876366430467475
95.5477738869435,0.0972871486014606
96.048024012006,0.102751747371817
96.5482741370685,0.100954340712252
97.0485242621311,0.0946332595739146
97.5487743871936,0.0864062035885216
98.0490245122561,0.0842710292345413
98.5492746373187,0.0912012985360197
99.0495247623812,0.0962678139522439
99.5497748874437,0.0961833720286402
100.050025012506,0.104030439357816
100.550275137569,0.104989458347316
101.050525262631,0.0960627407092063
101.550775387694,0.0917984235672176
102.051025512756,0.0893134183868789
102.551275637819,0.0963643190077912
103.051525762881,0.113276829992426
103.551775887944,0.113005409523699
104.052026013006,0.103783145152977
104.552276138069,0.110508341211417
105.052526263132,0.11161814935021
105.552776388194,0.102257158962138
106.053026513257,0.104163133809194
106.553276638319,0.106286245031231
107.053526763382,0.0963522558758478
107.553776888444,0.0820695076548723
108.054027013507,0.0770512447664216
108.554277138569,0.0878296531578417
109.054527263632,0.0930107683275283
109.554777388694,0.0912314563658781
110.055027513757,0.0948865853447256
110.555277638819,0.0916235081540383
111.055527763882,0.0989277345457618
111.555777888944,0.112987314825785
112.056028014007,0.110749603850285
112.55627813907,0.104241544166826
113.056528264132,0.0942110499558959
113.556778389195,0.0874315698037098
114.057028514257,0.0896994386090675
114.55727863932,0.100296900021337
115.057528764382,0.104627564389014
115.557778889445,0.0904111633937275
116.058029014507,0.081502540453533
116.55827913957,0.0896391229493505
117.058529264632,0.0916174765880666
117.558779389695,0.0761465098706673
118.059029514757,0.075754458082507
118.55927963982,0.0998204063095727
119.059529764882,0.108529987572701
119.559779889945,0.096527171289027
120.060030015007,0.096804623323725
120.56028014007,0.104277733562656
121.060530265133,0.11005597376354
121.560780390195,0.107353832208221
122.061030515258,0.0865509611718424
122.56128064032,0.0813034987764671
123.061530765383,0.0946151648759994
123.561780890445,0.0965693922508288
124.062031015508,0.0929202948379528
124.56228114057,0.0977334844833659
125.062531265633,0.108005241333164
125.562781390695,0.114006649475001
126.063031515758,0.111449265503002
126.56328164082,0.101913359701751
127.063531765883,0.092383485466472
127.563781890945,0.0899105434180767
128.064032016008,0.100351184115082
128.564282141071,0.113735229006275
129.064532266133,0.108385229989381
129.564782391196,0.0956043416953574
130.065032516258,0.0925282430497927
130.565282641321,0.0892531027271619
131.065532766383,0.0831853473596361
131.565782891446,0.0850491012448901
132.066033016508,0.0914003402130856
132.566283141571,0.104778353538307
133.066533266633,0.11905507019331
133.566783391696,0.108174125180371
134.067033516758,0.0942110499558959
134.567283641821,0.101394645028185
135.067533766883,0.111545770558549
135.567783891946,0.113668881780586
136.068034017009,0.104699943180675
136.568284142071,0.100489910132431
137.068534267134,0.111431170805087
137.568784392196,0.120116625804329
138.069034517259,0.118385566370452
138.569284642321,0.112341937266813
139.069534767384,0.112788273148718
139.569784892446,0.115840245530396
140.070035017509,0.107287484982532
140.570285142571,0.100037542684554
141.070535267634,0.107396053170022
141.570785392696,0.109277901753192
142.071035517759,0.10308348350026
142.571285642821,0.103372998666901
143.071535767884,0.110025815933682
143.571785892946,0.121883874634036
144.072036018009,0.123240976977667
144.572286143072,0.110502309645446
145.072536268134,0.106081171788193
145.572786393197,0.109133144169871
146.073036518259,0.108934102492805
146.573286643322,0.104259638864741
147.073536768384,0.099579143670705
147.573786893447,0.0999289744970633
148.074037018509,0.107390021604051
148.574287143572,0.117046558724736
149.074537268634,0.118258903485046
149.574787393697,0.111232129128021
150.075037518759,0.100809583128931
150.575287643822,0.0989880502054787
151.075537768884,0.102094306680902
151.575787893947,0.0994705754832146
152.07603801901,0.0986623456430071
152.576288144072,0.100134047740101
153.076538269135,0.10411488128142
153.576788394197,0.104452648975835
154.07703851926,0.100731172771299
154.577288644322,0.104145039111279
155.077538769385,0.112788273148718
155.577788894447,0.121166118283404
156.07803901951,0.115761835172765
156.578289144572,0.101068940465714
157.078539269635,0.0954535525460651
157.578789394697,0.0915089084005761
158.07903951976,0.083088842304089
158.579289644822,0.0837643776929189
159.079539769885,0.0954414894141218
159.579789894947,0.105520236152825
160.08004002001,0.113475871669492
160.580290145073,0.122438778703432
161.080540270135,0.128790017671627
161.580790395198,0.129779194490985
162.08104052026,0.120562961686234
162.581290645323,0.105001521479259
163.081540770385,0.0969192230771871
163.581790895448,0.0927333162928303
164.08204102051,0.0920034968102552
164.582291145573,0.108017304465107
165.082541270635,0.12282479892562
165.582791395698,0.112649547131369
166.08304152076,0.098547745889545
166.583291645823,0.101551465743449
167.083541770885,0.114471080054821
167.583791895948,0.113892049721539
168.084042021011,0.102275253660053
168.584292146073,0.105025647743146
169.084542271136,0.107969051937334
169.584792396198,0.109048702246267
170.085042521261,0.115044078822133
170.585292646323,0.112299716305011
171.085542771386,0.113849828759737
171.585792896448,0.117909072658688
172.086043021511,0.117921135790632
172.586293146573,0.118192556259358
173.086543271636,0.115900561190113
173.586793396698,0.116262455148415
174.087043521761,0.11617198165884
174.587293646823,0.117131000648339
175.087543771886,0.117897009526745
175.587793896948,0.11478472148535
176.088044022011,0.110858172037776
176.588294147074,0.111069276846785
177.088544272136,0.113059693617445
177.588794397199,0.107583031715145
178.089044522261,0.104983426781344
178.589294647324,0.110858172037776
179.089544772386,0.116220234186613
179.589794897449,0.119049038627339
180.090045022511,0.117975419884377
180.590295147574,0.117957325186462
181.090545272636,0.121624517297253
181.590795397699,0.122046726915271
182.091045522761,0.120008057616838
182.591295647824,0.118162398429499
183.091545772886,0.120737877099413
183.591795897949,0.121503885977819
184.092046023012,0.113898081287511
184.592296148074,0.105912287940986
185.092546273137,0.0973715905250643
185.592796398199,0.0962436876883572
186.093046523262,0.117263695099717
186.593296648324,0.133367976244144
187.093546773387,0.12257750472078
187.593796898449,0.1123660635307
188.094047023512,0.114700279561746
188.594297148574,0.117909072658688
189.094547273637,0.10834904059355
189.594797398699,0.109006481284465
190.095047523762,0.12392857549844
190.595297648824,0.122891146151309
191.095547773887,0.124091427779676
191.595797898949,0.112848588808435
192.096048024012,0.090163869188888
192.596298149075,0.0978661789347435
193.096548274137,0.113168261804935
193.5967983992,0.114881226540897
194.097048524262,0.109585511617748
194.597298649325,0.112384158228615
195.097548774387,0.119181733078716
195.59779889945,0.116003097811632
196.098049024512,0.118102082769782
196.598299149575,0.118928407307905
197.098549274637,0.122885114585337
197.5987993997,0.128319555525835
198.099049524762,0.112378126662643
198.599299649825,0.0954053000182915
199.099549774887,0.097836021104885
199.59979989995,0.10966392197538
200.100050025013,0.11073150915237
200.600300150075,0.112565105207766
201.100550275138,0.120942950342451
201.6008004002,0.118753491894726
202.101050525263,0.113777449968077
202.601300650325,0.111262286957879
203.101550775388,0.108415387819239
203.60180090045,0.106611949593702
204.102051025513,0.109929310878135
204.602301150575,0.118644923707235
205.102551275638,0.131492159226947
205.6028014007,0.125545035178855
206.103051525763,0.116570065012972
206.603301650825,0.131516285490834
207.103551775888,0.133361944678172
207.60380190095,0.126691032713477
208.104052026013,0.131564538018607
208.604302151076,0.128747796709825
209.104552276138,0.113922207551397
209.604802401201,0.103360935534958
210.105052526263,0.105471983625052
210.605302651326,0.106907496326315
211.105552776388,0.104422491145977
211.605802901451,0.109193459829588
212.106053026513,0.12186577993612
212.606303151576,0.129791257622929
213.106553276638,0.122951461811026
213.606803401701,0.117776378207311
214.107053526763,0.120864539984819
214.607303651826,0.121781338012517
215.107553776888,0.113475871669492
215.607803901951,0.110327394232267
216.108054027014,0.122867019887422
216.608304152076,0.130171246279145
217.108554277139,0.128247176734174
217.608804402201,0.123295261071412
218.109054527264,0.118071924939924
218.609304652326,0.115671361683189
219.109554777389,0.119000786099565
219.609804902451,0.1175230524365
220.110055027514,0.115514540967925
220.610305152576,0.126250728397543
221.110555277639,0.124712679074761
221.610805402701,0.112209242815436
222.111055527764,0.115550730363755
222.611305652826,0.125870739741326
223.111555777889,0.128609070692476
223.611805902951,0.122547346890922
224.112056028014,0.117263695099717
224.612306153077,0.130925192025607
225.112556278139,0.141082349121943
225.612806403202,0.132234041841465
226.113056528264,0.126268823095458
226.613306653327,0.123789849481091
227.113556778389,0.121322938998668
227.613806903452,0.117782409773282
228.114057028514,0.116865611745585
228.614307153577,0.112034327402256
229.114557278639,0.109398533072625
229.614807403702,0.123518429012365
230.115057528764,0.122800672661733
230.615307653827,0.117999546148264
231.115557778889,0.124350785116459
231.615807903952,0.121497854411847
232.116058029015,0.121057550095913
232.616308154077,0.118264935051018
233.11655827914,0.117179253176113
233.616808404202,0.122794641095762
234.117058529265,0.119079196457197
234.617308654327,0.114223785849982
235.11755877939,0.112372095096672
235.617808904452,0.111485454898832
236.118059029515,0.10827666180189
236.618309154577,0.104271701996684
237.11855927964,0.109881058350361
237.618809404702,0.118150335297556
238.119059529765,0.128542723466788
238.619309654827,0.134520005344738
239.11955977989,0.126672938015562
239.619809904952,0.12374762851929
240.120060030015,0.127185621123156
240.620310155078,0.124718710640733
241.12056028014,0.123934607064412
241.620810405203,0.129598247511834
242.121060530265,0.128669386352193
242.621310655328,0.125623445536487
243.12156078039,0.127095147633581
243.621810905453,0.128904617425089
244.122061030515,0.133289565886512
244.622311155578,0.124694584376846
245.12256128064,0.114229817415954
245.622811405703,0.120786129627187
246.123061530765,0.125140920258751
246.623311655828,0.122239737026366
247.12356178089,0.118083988071867
247.623811905953,0.113735229006275
248.124062031016,0.113270798426454
248.624312156078,0.116696727898377
249.124562281141,0.121877843068064
249.624812406203,0.126395485980864
250.125062531266,0.121552138505592
250.625312656328,0.118922375741933
251.125562781391,0.128651291654278
251.625812906453,0.131817863789418
252.126063031516,0.122625757248554
252.626313156578,0.11492947906867
253.126563281641,0.118783649724584
253.626813406703,0.130171246279145
254.127063531766,0.13531014048703
254.627313656828,0.126890074390543
255.127563781891,0.119845205335603
255.627813906953,0.114157438624293
256.128064032016,0.10927187018722
256.628314157079,0.112022264270313
257.128564282141,0.113457776971577
257.628814407204,0.121033423832027
258.129064532266,0.12314447192212
258.629314657329,0.113879986589595
259.129564782391,0.116190076356755
259.629814907454,0.117903041092716
260.130065032516,0.112540978943879
260.630315157579,0.11933855379398
261.130565282641,0.132469272914362
261.630815407704,0.133072429511531
262.131065532766,0.126262791529487
262.631315657829,0.128512565636929
263.131565782891,0.124314595720629
263.631815907954,0.111949885478653
264.132066033016,0.118711270932924
264.632316158079,0.129646500039608
265.132566283142,0.128832238633429
265.632816408204,0.129568089681976
266.133066533267,0.125394246029563
266.633316658329,0.114863131842982
267.133566783392,0.123168598186007
267.633816908454,0.13744531484101
268.134067033517,0.135074909414134
268.634317158579,0.137801177233341
269.134567283642,0.138066566136095
269.634817408704,0.12695039005026
270.135067533767,0.130581392765221
270.635317658829,0.137185957504228
271.135567783892,0.135659971313388
271.635817908954,0.136715495358435
272.136068034017,0.127173557991213
272.63631815908,0.118240808787131
273.136568284142,0.1210816763598
273.636818409205,0.126908169088458
274.137068534267,0.133018145417786
274.63731865933,0.131552474886664
275.137568784392,0.135840918292539
275.637818909455,0.135527276862011
276.138069034517,0.123940638630384
276.63831915958,0.126256759963515
277.138569284642,0.130237593504834
277.638819409705,0.120309635915423
278.139069534767,0.111986074874483
278.63931965983,0.119591879564791
279.139569784892,0.133229250226795
279.639819909955,0.131968652938711
280.140070035018,0.123331450467242
280.64032016008,0.12830146082792
281.140570285143,0.131612790546381
281.640820410205,0.124000954290101
282.141070535268,0.12417586970328
282.64132066033,0.131552474886664
283.141570785393,0.134429531855162
283.641820910455,0.13427874270587
284.142071035518,0.136052023101549
284.64232116058,0.137602135556274
285.142571285643,0.143410533587017
285.642821410705,0.142011210281584
286.143071535768,0.127155463293298
286.64332166083,0.121908000897922
287.143571785893,0.123681281293601
287.643821910955,0.123361608297101
288.144072036018,0.126395485980864
288.644322161081,0.125810424081609
289.144572286143,0.118325250710735
289.644822411206,0.126847853428741
290.145072536268,0.132342610028956
290.645322661331,0.121425475620187
291.145572786393,0.12634723345309
291.645822911456,0.130352193258296
292.146073036518,0.125122825560836
292.646323161581,0.122487031231205
293.146573286643,0.121226433943121
293.646823411706,0.126081844550336
294.147073536768,0.133747964900361
294.647323661831,0.135243793261342
295.147573786893,0.128850333331344
295.647823911956,0.122462904967318
296.148074037018,0.119296332832178
296.648324162081,0.117691936283707
297.148574287144,0.120357888443197
297.648824412206,0.130858844799919
298.149074537269,0.143078797458574
298.649324662331,0.146854557756856
299.149574787394,0.141377895854556
299.649824912456,0.129863636414589
300.150075037519,0.1301169621854
300.650325162581,0.141589000663565
301.150575287644,0.134725078587776
301.650825412706,0.123035903734629
302.151075537769,0.12634723345309
302.651325662831,0.131612790546381
303.151575787894,0.129586184379891
303.651825912956,0.127493230987713
304.152076038019,0.132113410522031
304.652326163082,0.131389622605428
305.152576288144,0.125545035178855
305.652826413207,0.126853884994713
306.153076538269,0.131600727414437
306.653326663332,0.128391934317495
307.153576788394,0.122191484498592
307.653826913457,0.132294357501182
308.154077038519,0.14228263075031
308.654327163582,0.13637772766402
309.154577288644,0.13662502186886
309.654827413707,0.1443092369168
310.155077538769,0.148464985871298
310.655327663832,0.13776498783751
311.155577788894,0.12382000731095
311.655827913957,0.137668482781963
312.15607803902,0.1530248497459
312.656328164082,0.143838774771008
313.156578289145,0.130641708424938
313.656828414207,0.127957661567533
314.15707853927,0.126859916560685
314.657328664332,0.123524460578337
315.157578789395,0.13036425639024
315.657828914457,0.136528516813313
316.15807903952,0.127034831973864
316.658329164582,0.12289717771728
317.158579289645,0.138217355285387
317.658829414707,0.141510590305933
318.15907953977,0.122842893623535
318.659329664832,0.11521296266934
319.159579789895,0.123777786349148
319.659829914957,0.129151911629929
320.16008004002,0.135093004112049
320.660330165083,0.138844638146444
321.160580290145,0.130575361199249
321.660830415208,0.132059126428286
322.16108054027,0.144315268482772
322.661330665333,0.136673274396633
323.161580790395,0.119640132092565
323.661830915458,0.123005745904771
324.16208104052,0.129471584626429
324.662331165583,0.133108618907361
325.162581290645,0.145973949124988
325.662831415708,0.151522989818948
326.16308154077,0.148036744687308
326.663331665833,0.142728966632216
327.163581790895,0.135768539500879
327.663831915958,0.134495879080851
328.16408204102,0.133500670695522
328.664332166083,0.13050901397356
329.164582291146,0.131516285490834
329.664832416208,0.127740525192552
330.165082541271,0.128156703244599
330.665332666333,0.130424572049957
331.165582791396,0.123518429012365
331.665832916458,0.130195372543032
332.166083041521,0.137011042091048
332.666333166583,0.127999882529335
333.166583291646,0.120743908665385
333.666833416708,0.114121249228463
334.167083541771,0.11909125958914
334.667333666833,0.138850669712415
335.167583791896,0.144713351836904
335.667833916959,0.134592384136398
336.168084042021,0.127083084501637
336.668334167084,0.12936904800491
337.168584292146,0.132475304480333
337.668834417209,0.127396725932165
338.169084542271,0.123844133574837
338.669334667334,0.127716398928665
339.169584792396,0.133235281792767
339.669834917459,0.136226938514728
340.170085042521,0.135279982657172
340.670335167584,0.133024176983757
341.170585292646,0.135635845049502
341.670835417709,0.137101515580624
342.171085542771,0.135653939747417
342.671335667834,0.135147288205794
343.171585792896,0.130249656636777
343.671835917959,0.12695039005026
344.172086043022,0.128578912862618
344.672336168084,0.127215778953015
345.172586293147,0.118771586592641
345.672836418209,0.116178013224811
346.173086543272,0.117372263287207
346.673336668334,0.114199659586095
347.173586793397,0.122704167606186
347.673836918459,0.131950558240796
348.174087043522,0.126262791529486
348.674337168584,0.123801912613035
349.174587293647,0.132421020386588
349.674837418709,0.136178685986954
350.175087543772,0.138193229021501
350.675337668834,0.139936351587321
351.175587793897,0.13982778339983
351.675837918959,0.140611886976151
352.176088044022,0.126534211998213
352.676338169085,0.112492726416105
353.176588294147,0.115647235419302
353.67683841921,0.11827096661699
354.177088544272,0.115556761929727
354.677338669335,0.116196107922726
355.177588794397,0.119567753300904
355.67783891946,0.122595599418696
356.178089044522,0.126992611012062
356.678339169585,0.134260648007955
357.178589294647,0.140756644559471
357.67883941971,0.141987084017697
358.179089544772,0.131142328400588
358.679339669835,0.116714822596292
359.179589794897,0.117999546148263
359.67983991996,0.127010705709977
360.180090045022,0.129381111136853
360.680340170085,0.127185621123156
361.180590295148,0.129091595970212
361.68084042021,0.130907097327692
362.181090545273,0.122215610762479
362.681340670335,0.119833142203659
363.181590795398,0.124272374758827
363.68184092046,0.120062341710583
364.182091045523,0.118077956505896
364.682341170585,0.12211307414096
365.182591295648,0.123620965633884
365.68284142071,0.117897009526745
366.183091545773,0.119603942696735
366.683341670835,0.132234041841465
367.183591795898,0.135171414469681
367.683841920961,0.129429363664627
368.184092046023,0.128217018904316
368.684342171086,0.137771019403482
369.184592296148,0.145220003378526
369.684842421211,0.142728966632216
370.185092546273,0.141769947642716
370.685342671336,0.141950894621867
371.185592796398,0.139574457629019
371.685842921461,0.133355913112201
372.186093046523,0.128042103491137
372.686343171586,0.129007154046608
373.186593296648,0.129218258855617
373.686843421711,0.127812903984212
374.187093546773,0.127372599668279
374.687343671836,0.125985339494789
375.187593796898,0.126075812984364
375.687843921961,0.122378463043715
376.188094047024,0.115056141954076
376.688344172086,0.117052590290707
377.188594297149,0.121968316557639
377.688844422211,0.119157606814829
378.189094547274,0.117468768342754
378.689344672336,0.129513805588231
379.189594797399,0.137746893139595
379.689844922461,0.130726150348541
380.190095047524,0.130346161692324
380.690345172586,0.131124233702673
381.190595297649,0.133633365146899
381.690845422711,0.14434542631263
382.191095547774,0.140768707691415
382.691345672836,0.127475136289797
383.191595797899,0.126479927904468
383.691845922961,0.133753996466333
384.192096048024,0.134224458612125
384.692346173087,0.133307660584427
385.192596298149,0.135074909414134
385.692846423212,0.129604279077806
386.193096548274,0.129272542949363
386.693346673337,0.135859012990454
387.193596798399,0.127119273897467
387.693846923462,0.121666738259054
388.194097048524,0.131685169338041
388.694347173587,0.134405405591276
389.194597298649,0.138271639379133
389.694847423712,0.142578177482923
390.195097548774,0.137306588823661
390.695347673837,0.134773331115549
391.195597798899,0.130110930619428
391.695847923962,0.12634723345309
392.196098049024,0.128777954539684
392.696348174087,0.127372599668279
393.19659829915,0.125026320505289
393.696848424212,0.120575024818178
394.197098549275,0.123898417668582
394.697348674337,0.134375247761417
395.1975987994,0.130581392765221
395.697848924462,0.132318483765069
396.198099049525,0.138633533337434
396.698349174587,0.130557266501334
397.19859929965,0.129320795477136
397.698849424712,0.128355744921665
398.199099549775,0.126829758730826
398.699349674837,0.136456138021652
399.1995997999,0.136389790795964
399.699849924963,0.133440355035805
400.200100050025,0.139767467740113
400.700350175088,0.146860589322827
401.20060030015,0.140135393264387
401.700850425213,0.124634268717129
402.201100550275,0.130165214713174
402.701350675338,0.143482912378678
403.2016008004,0.147282798940846
403.701850925463,0.148808785131685
404.202101050525,0.145069214229234
404.702351175588,0.135533308427983
405.20260130065,0.124676489678931
405.702851425713,0.124664426546987
406.203101550775,0.133597175751069
406.703351675838,0.135852981424483
407.2036018009,0.134296837403785
407.703851925963,0.131178517796418
408.204102051026,0.125460593255251
408.704352176088,0.122251800158309
409.204602301151,0.124302532588686
409.704852426213,0.132674346157399
410.205102551276,0.135111098809964
410.705352676338,0.134308900535729
411.205602801401,0.136618990302888
411.705852926463,0.129507774022259
412.206103051526,0.131793737525532
412.706353176588,0.150256360964892
413.206603301651,0.150268424096835
413.706853426713,0.128832238633429
414.207103551776,0.11727575823166
414.707353676838,0.128259239866118
415.207603801901,0.128506534070957
415.707853926963,0.105369447003533
416.208104052026,0.102359695583657
416.708354177089,0.126739285241251
417.208604302151,0.137529756764614
417.708854427214,0.12360890250194
418.209104552276,0.115321530856831
418.709354677339,0.120743908665385
419.209604802401,0.129767131359042
419.709854927464,0.132511493876163
420.210105052526,0.128210987338344
420.710355177589,0.135352361448832
421.210605302651,0.13712564184451
421.710855427714,0.129393174268797
422.211105552776,0.13435112149753
422.711355677839,0.139110027049199
423.211605802901,0.135605687219643
423.711855927964,0.131546443320692
424.212106053027,0.130985507685324
424.712356178089,0.134339058365587
425.212606303152,0.138736069958953
425.712856428214,0.13488189930304
426.213106553277,0.131715327167899
426.713356678339,0.138458617924255
427.213606803402,0.135364424580775
427.713856928464,0.122366399911771
428.214107053527,0.114923447502699
428.714357178589,0.111949885478653
429.214607303652,0.111865443555049
429.714857428714,0.129242385119504
430.215107553777,0.143416565152989
430.715357678839,0.140346498073396
431.215607803902,0.141444243080245
431.715857928965,0.1436698909238
432.216108054027,0.144767635930649
432.71635817909,0.144110195239734
433.216608304152,0.143862901034895
433.716858429215,0.143295933833555
434.217108554277,0.140792833955302
434.71735867934,0.14260230374681
435.217608804402,0.142071525941301
435.717858929465,0.138036408306236
436.218109054527,0.133633365146899
436.71835917959,0.134839678341238
437.218609304652,0.140521413486575
437.718859429715,0.14125123296915
438.219109554777,0.14573268648612
438.71935967984,0.153248017686853
439.219609804902,0.149134489694156
439.719859929965,0.143452754548819
440.220110055028,0.141932799923952
440.72036018009,0.135207603865511
441.220610305153,0.132517525442135
441.720860430215,0.134863804605124
442.221110555278,0.138380207566623
442.72136068034,0.144526373291781
443.221610805403,0.148139281308827
443.721860930465,0.150310645058637
444.222111055528,0.151933136305023
444.72236118059,0.159617351352964
445.222611305653,0.164297846547
445.722861430715,0.148000555291478
446.223111555778,0.135997739007804
446.72336168084,0.138886859108246
447.223611805903,0.142523893389178
447.723861930965,0.144212731861253
448.224112056028,0.137795145667369
448.724362181091,0.127083084501637
449.224612306153,0.127559578213401
449.724862431216,0.133132745171248
450.225112556278,0.127143400161354
450.725362681341,0.129338890175051
451.225612806403,0.14537682409379
451.725862931466,0.147632629767204
452.226113056528,0.136673274396633
452.726363181591,0.135497119032153
453.226613306653,0.144852077854253
453.726863431716,0.145045087965347
454.227113556778,0.140129361698415
454.727363681841,0.134978404358587
455.227613806903,0.128753828275797
455.727863931966,0.129212227289646
456.228114057029,0.132909577230295
456.728364182091,0.13587710768837
457.228614307154,0.135973612743917
457.728864432216,0.137994187344435
458.229114557279,0.138307828774963
458.729364682341,0.131443906699173
459.229614807404,0.130768371310343
459.729864932466,0.136456138021652
460.230115057529,0.13634153826819
460.730365182591,0.135822823594624
461.230615307654,0.134658731362087
461.730865432716,0.134483815948908
462.231115557779,0.137179925938256
462.731365682841,0.139128121747113
463.231615807904,0.143012450232885
463.731865932966,0.140720455163641
464.232116058029,0.131383591039456
464.732366183092,0.128711607313995
465.232616308154,0.135563466257841
465.732866433217,0.137258336295888
466.233116558279,0.139550331365132
466.733366683342,0.142089620639216
467.233616808404,0.134073669462833
467.733866933467,0.130714087216598
468.234117058529,0.13520157229954
468.734367183592,0.132059126428286
469.234617308654,0.120538835422348
469.734867433717,0.126075812984364
470.235117558779,0.148748469471968
470.735367683842,0.16155951559585
471.235617808904,0.15149283198909
471.735867933967,0.132131505219947
472.23611805903,0.126691032713477
472.736368184092,0.123331450467242
473.236618309155,0.119079196457197
473.736868434217,0.133808280560078
474.23711855928,0.151679810534212
474.737368684342,0.148525301531015
475.237618809405,0.136088212497379
475.737868934467,0.131371527907513
476.23811905953,0.134489847514879
476.738369184592,0.136450106455681
477.238619309655,0.140768707691415
477.738869434717,0.137391030747265
478.23911955978,0.124181901269252
478.739369684842,0.130478856143702
479.239619809905,0.143609575264083
479.739869934967,0.142861661083593
480.24012006003,0.138573217677717
480.740370185093,0.127119273897467
481.240620310155,0.11521296266934
481.740870435218,0.125828518779525
482.24112056028,0.141166791045547
482.741370685343,0.139815720267887
483.241620810405,0.137433251709067
483.741870935468,0.138947174767962
484.24212106053,0.139327163424179
484.742371185593,0.138024345174293
485.242621310655,0.135352361448832
485.742871435718,0.137746893139595
486.24312156078,0.13904367982351
486.743371685843,0.137360872917407
487.243621810905,0.137933871684718
487.743871935968,0.139514141969302
488.244122061031,0.13943573161167
488.744372186093,0.141257264535122
489.244622311156,0.141317580194839
489.744872436218,0.139194468972802
490.245122561281,0.14085918118099
490.745372686343,0.132312452199097
491.245622811406,0.127794809286297
491.745872936468,0.136908505469529
492.246123061531,0.136365664532077
492.746373186593,0.13812085022984
493.246623311656,0.14775929265261
493.746873436718,0.151112843332873
494.247123561781,0.153012786613957
494.747373686843,0.15718663026637
495.247623811906,0.155751117565107
495.747873936968,0.140750612993499
496.248124062031,0.130659803122853
496.748374187094,0.13772879844168
497.248624312156,0.148995763676808
497.748874437219,0.147638661333176
498.249124562281,0.136498358983454
498.749374687344,0.146890747152686
499.249624812406,0.16622191609197
499.749874937469,0.160063687234869
500.250125062531,0.144954614475771
500.750375187594,0.135279982657172
501.250625312656,0.129248416685476
501.750875437719,0.132577841101852
502.251125562781,0.144176542465423
502.751375687844,0.152723271447315
503.251625812906,0.146450442836752
503.751875937969,0.140002698813009
504.252126063032,0.139954446285236
504.752376188094,0.13122073875822
505.252626313157,0.131522317056805
505.752876438219,0.149387815464968
506.253126563282,0.149701456895496
506.753376688344,0.131606758980409
507.253626813407,0.125876771307298
507.753876938469,0.132945766626125
508.254127063532,0.137571977726416
508.754377188594,0.141788042340631
509.254627313657,0.149345594503166
509.754877438719,0.146251401159686
510.255127563782,0.137964029514576
510.755377688844,0.138030376740265
511.255627813907,0.134930151830813
511.755877938969,0.132408957254645
512.256128064032,0.137107547146595
512.756378189095,0.139761436174141
513.256628314157,0.143645764659913
513.75687843922,0.14046712939283
514.257128564282,0.124537763661582
514.757378689345,0.121268654904922
515.257628814407,0.126654843317647
515.75787893947,0.125152983390695
516.258129064532,0.127077052935666
516.758379189595,0.126968484748175
517.258629314657,0.132378799424786
517.75887943972,0.14420066872931
518.259129564782,0.139912225323434
518.759379689845,0.135038720018304
519.259629814907,0.137222146900058
519.75987993997,0.134646668230143
520.260130065033,0.137541819896557
520.760380190095,0.141721695114943
521.260630315158,0.143133081552319
521.76088044022,0.14843482804144
522.261130565283,0.152367409054985
522.761380690345,0.157536461092729
523.261630815408,0.15711425147471
523.76188094047,0.150998243579411
524.262131065533,0.148024681555365
524.762381190595,0.143175302514121
525.262631315658,0.144055911145989
525.76288144072,0.15028651879475
526.263131565783,0.147837703010242
526.763381690845,0.139622710156792
527.263631815908,0.134833646775266
527.76388194097,0.132306420633125
528.264132066033,0.130665834688824
528.764382191096,0.133681617674672
529.264632316158,0.13737293604935
529.764882441221,0.144399710406375
530.265132566283,0.151915041607108
530.765382691346,0.146957094378374
531.265632816408,0.141613126927452
531.765882941471,0.144677162441073
532.266133066533,0.146715831739507
532.766383191596,0.140636013240037
533.266633316658,0.131486127660975
533.766883441721,0.126787537769024
534.267133566783,0.130406477352041
534.767383691846,0.139791594004
535.267633816908,0.137927840118746
535.767883941971,0.132191820879664
536.268134067034,0.144146384635564
536.768384192096,0.158079302030181
537.268634317159,0.158031049502408
537.768884442221,0.147373272430421
538.269134567284,0.136739621622322
538.769384692346,0.139797625569972
539.269634817409,0.153000723482013
539.769884942471,0.156312053200474
540.270135067534,0.143754332847404
540.770385192596,0.136474232719567
541.270635317659,0.141245201403179
541.770885442721,0.148489112135185
542.271135567784,0.156173327183125
542.771385692846,0.1546232147284
543.271635817909,0.146366000913148
543.771885942971,0.150793170336373
544.272136068034,0.155353034210975
544.772386193097,0.147946271197732
545.272636318159,0.138301797208991
545.772886443222,0.140696328899754
546.273136568284,0.148947511149034
546.773386693347,0.148615775020591
547.273636818409,0.149062110902496
547.773886943472,0.143681954055744
548.274137068534,0.136486295851511
548.774387193597,0.136830095111897
549.274637318659,0.13641391705985
549.774887443722,0.13748150423684
550.275137568784,0.132867356268493
550.775387693847,0.122366399911771
551.275637818909,0.120478519762631
551.775887943972,0.117884946394801
552.276138069035,0.119525532339102
552.776388194097,0.134930151830813
553.27663831916,0.144279079086941
553.776888444222,0.144363521010545
554.277138569285,0.143416565152989
554.777388694347,0.146064422614563
555.27763881941,0.148887195489317
555.777888944472,0.142475640861405
556.278139069535,0.133367976244144
556.778389194597,0.137348809785463
557.27863931966,0.143651796225885
557.778889444722,0.140195708924103
558.279139569785,0.140979812500424
558.779389694847,0.139248753066547
559.27963981991,0.135967581177945
559.779889944973,0.139664931118594
560.280140070035,0.140829023351132
560.780390195098,0.13907986921934
561.28064032016,0.14597998069096
561.780890445223,0.147306925204733
562.281140570285,0.130346161692324
562.781390695348,0.128295429261948
563.28164082041,0.129302700779221
563.781890945473,0.116129760697038
564.282141070535,0.116533875617141
564.782391195598,0.124676489678931
565.28264132066,0.129145880063957
565.782891445723,0.128904617425089
566.283141570785,0.125068541467091
566.783391695848,0.132053094862314
567.28364182091,0.137873556025001
567.783891945973,0.133844469955908
568.284142071035,0.134906025566926
568.784392196098,0.132969892890012
569.284642321161,0.128174797942514
569.784892446223,0.134435563421134
570.285142571286,0.135533308427983
570.785392696348,0.12880208080357
571.285642821411,0.131293117549881
571.785892946473,0.135774571066851
572.286143071536,0.136498358983454
572.786393196598,0.137228178466029
573.286643321661,0.134857773039153
573.786893446723,0.128946838386891
574.287143571786,0.131172486230447
574.787393696848,0.142312788580169
575.287643821911,0.146601231986044
575.787893946973,0.140243961451877
576.288144072036,0.134773331115549
576.788394197099,0.138494807320085
577.288644322161,0.145563802638913
577.788894447224,0.144429868236234
578.289144572286,0.136432011757766
578.789394697349,0.133548923223295
579.289644822411,0.129568089681976
579.789894947474,0.125177109654582
580.290145072536,0.137933871684718
580.790395197599,0.148235786364374
581.290645322661,0.146546947892299
581.790895447724,0.150196045305175
582.291145572786,0.140406813733113
582.791395697849,0.129706815699325
583.291645822912,0.141003938764311
583.791895947974,0.138229418417331
584.292146073037,0.124978067977515
584.792396198099,0.130683929386739
585.292646323162,0.136220906948756
585.792896448224,0.136546611511228
586.293146573287,0.135219666997455
586.793396698349,0.131238833456135
587.293646823412,0.134936183396785
587.793896948474,0.12908556440424
588.294147073537,0.118222714089216
588.794397198599,0.120840413720932
589.294647323662,0.123210819147809
589.794897448724,0.130889002629777
590.295147573787,0.140280150847707
590.795397698849,0.135907265518228
591.295647823912,0.137354841351435
591.795897948974,0.149598920273977
592.296148074037,0.148338322985893
592.7963981991,0.13395906970937
593.296648324162,0.135575529389785
593.796898449225,0.139779530872056
594.297148574287,0.126787537769024
594.79739869935,0.126214539001713
595.297648824412,0.142964197705112
595.797898949475,0.147198357017242
596.298149074537,0.134146048254493
596.7983991996,0.132047063296343
597.298649324662,0.148097060347025
597.798899449725,0.156553315839342
598.299149574787,0.145063182663262
598.79939969985,0.130822655404089
599.299649824912,0.128820175501486
599.799899949975,0.134375247761417
600.300150075038,0.145328571566017
600.8004002001,0.151323948141882
601.300650325163,0.149960814232279
601.800900450225,0.150618254923194
602.301150575288,0.147819608312327
602.80140070035,0.140443003128943
603.301650825413,0.140937591538622
603.801900950475,0.149912561704505
604.302151075538,0.148694185378223
604.8024012006,0.134604447268342
605.302651325663,0.126871979692628
605.802901450725,0.140262056149792
606.303151575788,0.153350554308372
606.80340170085,0.146034264784705
607.303651825913,0.131341370077654
607.803901950976,0.125701855894119
608.304152076038,0.137921808552774
608.804402201101,0.145425076621564
609.304652326163,0.132306420633126
609.804902451226,0.122704167606186
610.305152576288,0.126033592022562
610.805402701351,0.133307660584427
611.305652826413,0.140997907198339
611.805902951476,0.149080205600411
612.306153076538,0.157946607578804
612.806403201601,0.156951399193474
613.306653326663,0.145551739506969
613.806903451726,0.145189845548668
614.307153576788,0.148489112135185
614.807403701851,0.136202812250841
615.307653826913,0.126389454414892
615.807903951976,0.135792665764766
616.308154077038,0.147294862072789
616.808404202101,0.142632461576669
617.308654327164,0.140400782167141
617.808904452226,0.152494071940391
618.309154577289,0.150401118548213
618.809404702351,0.138953206333934
619.309654827414,0.138736069958953
619.809904952476,0.136691369094548
620.310155077539,0.130768371310343
620.810405202601,0.127191652689128
621.310655327664,0.128838270199401
621.810905452726,0.136468201153596
622.311155577789,0.137384999181293
622.811405702851,0.133693680806616
623.311655827914,0.140937591538622
623.811905952977,0.144864140986196
624.312156078039,0.131745484997758
624.812406203102,0.127251968348845
625.312656328164,0.146896778718657
625.812906453227,0.158139617689898
626.313156578289,0.146703768607563
626.813406703352,0.140292213979651
627.313656828414,0.142451514597518
627.813906953477,0.140044919774811
628.314157078539,0.142463577729461
628.814407203602,0.144423836670262
629.314657328664,0.137427220143095
629.814907453727,0.12826527143209
630.315157578789,0.128621133824419
630.815407703852,0.138138944927755
631.315657828914,0.137777050969454
631.815907953977,0.136045991535577
632.316158079039,0.139278910896406
632.816408204102,0.143434659850904
633.316658329165,0.150123666513515
633.816908454227,0.151082685503014
634.31715857929,0.141552811267735
634.817408704352,0.133307660584427
635.317658829415,0.137167862806312
635.817908954477,0.142632461576669
636.31815907954,0.139152248011
636.818409204602,0.140099203868556
637.318659329665,0.149321468239279
637.818909454727,0.145008898569517
638.31915957979,0.134532068476681
638.819409704852,0.139194468972802
639.319659829915,0.149098300298326
639.819909954977,0.151130938030788
640.32016008004,0.149816056648958
640.820410205103,0.145835223107639
641.320660330165,0.140298245545623
641.820910455228,0.138114818663869
642.32116058029,0.131715327167899
642.821410705353,0.132077221126201
643.321660830415,0.13701707365702
643.821910955478,0.127577672911316
644.32216108054,0.121425475620187
644.822411205603,0.127692272664778
645.322661330665,0.138579249243689
645.822911455728,0.142819440121791
646.32316158079,0.143271807569668
646.823411705853,0.143621638396027
647.323661830916,0.143193397212036
647.823911955978,0.151251569350222
648.324162081041,0.15081729660026
648.824412206103,0.15028651879475
649.324662331166,0.160485896852888
649.824912456228,0.152343282791099
650.325162581291,0.132698472421286
650.825412706353,0.128042103491137
651.325662831416,0.135937423348087
651.825912956478,0.142722935066244
652.326163081541,0.143458786114791
652.826413206603,0.143380375757159
653.326663331666,0.139158279576972
653.826913456728,0.128892554293146
654.327163581791,0.127547515081458
654.827413706853,0.148018649989393
655.327663831916,0.165600664796886
655.827913956978,0.154508614974938
656.328164082041,0.13844052322634
656.828414207104,0.140587760712264
657.328664332166,0.147204388583214
657.828914457229,0.142747061330131
658.329164582291,0.143603543698112
658.829414707354,0.153103260103532
659.329664832416,0.156293958502559
659.829914957479,0.154194973544409
660.330165082541,0.153658164172928
660.830415207604,0.153706416700702
661.330665332666,0.146402190308978
661.830915457729,0.138169102757614
662.331165582791,0.140400782167141
662.831415707854,0.140660139503924
663.331665832916,0.133633365146899
663.831915957979,0.138983364163793
664.332166083042,0.148694185378223
664.832416208104,0.142964197705112
665.332666333167,0.140599823844207
665.832916458229,0.150841422864147
666.333166583292,0.155558107454012
666.833416708354,0.151535052950891
667.333666833417,0.148881163923345
667.833916958479,0.156517126443512
668.334167083542,0.159243394262718
668.834417208604,0.146932968114488
669.334667333667,0.135810760462681
669.834917458729,0.133832406823965
670.335167583792,0.140804897087245
670.835417708854,0.151360137537712
671.335667833917,0.154381952089532
671.83591795898,0.153652132606957
672.336168084042,0.154605120030485
672.836418209105,0.160298918307765
673.336668334167,0.161245874165322
673.83691845923,0.149550667746204
674.337168584292,0.144206700295281
674.837418709355,0.142119778469074
675.337668834417,0.14018364579216
675.83791895948,0.141353769590669
676.338169084542,0.138392270698567
676.838419209605,0.139103995483226
677.338669334667,0.141263296101094
677.83891945973,0.146112675142337
678.339169584792,0.155889843582456
678.839419709855,0.146130769840252
679.339669834917,0.129055406574382
679.83991995998,0.132451178216446
680.340170085042,0.137590072424331
680.840420210105,0.138163071191642
681.340670335168,0.138259576247189
681.84092046023,0.132945766626125
682.341170585293,0.129815383886815
682.841420710355,0.132167694615777
683.341670835418,0.136799937282039
683.84192096048,0.128030040359193
684.342171085543,0.121962284991668
684.842421210605,0.136896442337586
685.342671335668,0.149520509916345
685.84292146073,0.154623214728399
686.343171585793,0.157681218676049
686.843421710855,0.158567858873889
687.343671835918,0.15715044087054
687.843921960981,0.153169607329221
688.344172086043,0.135907265518228
688.844422211106,0.118741428762782
689.344672336168,0.126323107189203
689.844922461231,0.142029304979499
690.345172586293,0.146601231986044
690.845422711356,0.134869836171096
691.345672836418,0.123271134807525
691.845922961481,0.131281054417937
692.346173086543,0.146221243329828
692.846423211606,0.150051287721854
693.346673336668,0.139749373042198
693.846923461731,0.135816792028653
694.347173586793,0.149629078103835
694.847423711856,0.155630486245673
695.347673836918,0.145262224340328
695.847923961981,0.137740861573624
696.348174087044,0.139550331365132
696.848424212106,0.136425980191794
697.348674337169,0.129435395230598
697.848924462231,0.129580152813919
698.349174587294,0.137294525691718
698.849424712356,0.137855461327086
699.349674837419,0.128434155279297
699.849924962481,0.127276094612731
700.350175087544,0.127595767609231
700.850425212606,0.131648979942211
701.350675337669,0.137065326184793
701.850925462731,0.141052191292084
702.351175587794,0.146806305229082
702.851425712856,0.150660475884996
703.351675837919,0.150147792777401
703.851925962981,0.134182237650323
704.352176088044,0.125605350838572
704.852426213107,0.126467864772524
705.352676338169,0.123614934067912
705.852926463232,0.127873219643929
706.353176588294,0.140340466507424
706.853426713357,0.16262710277284
707.353676838419,0.169159288720186
707.853926963482,0.153356585874344
708.354177088544,0.14573268648612
708.854427213607,0.141136633215688
709.354677338669,0.133374007810116
709.854927463732,0.135267919525228
710.355177588794,0.147620566635261
710.855427713857,0.150443339510014
711.355677838919,0.136419948625822
711.855927963982,0.129996330865966
712.356178089045,0.139218595236689
712.856428214107,0.149870340742703
713.35667833917,0.160980485262567
713.856928464232,0.160136066026529
714.357178589295,0.150563970829448
714.857428714357,0.155039392780447
715.35767883942,0.151836631249476
715.857928964482,0.140901402142792
716.358179089545,0.136347569834162
716.858429214607,0.132457209782418
717.35867933967,0.135822823594624
717.858929464732,0.137722766875708
718.359179589795,0.127939566869618
718.859429714857,0.125128857126808
719.35967983992,0.139532236667217
719.859929964982,0.146631389815903
720.360180090045,0.142228346656565
720.860430215107,0.147463745919997
721.36068034017,0.154309573297871
721.860930465233,0.150443339510014
722.361180590295,0.148489112135185
722.861430715358,0.145907601899299
723.36168084042,0.134749204851663
723.861930965483,0.127517357251599
724.362181090545,0.12766211483492
724.862431215608,0.133078461077503
725.36268134067,0.143187365646065
725.862931465733,0.151124906464816
726.363181590795,0.15149283198909
726.863431715858,0.141993115583669
727.36368184092,0.131992779202597
727.863931965983,0.136178685986954
728.364182091046,0.139417636913755
728.864432216108,0.126407549112807
729.364682341171,0.119537595471046
729.864932466233,0.130943286723523
730.365182591296,0.144568594253583
730.865432716358,0.152059799190429
731.365682841421,0.148887195489317
731.865932966483,0.138778290920755
732.366183091546,0.143591480566168
732.866433216608,0.154496551842994
733.366683341671,0.153808953322221
733.866933466733,0.152246777735551
734.367183591796,0.150473497339873
734.867433716858,0.147192325451271
735.367683841921,0.150992212013439
735.867933966984,0.1546232147284
736.368184092046,0.141739789812858
736.868434217109,0.123620965633884
737.368684342171,0.120713750835526
737.868934467234,0.126672938015562
738.369184592296,0.129929983640277
738.869434717359,0.132921640362239
739.369684842421,0.140376655903254
739.869934967484,0.137191989070199
740.370185092546,0.121057550095913
740.870435217609,0.116159918526896
741.370685342671,0.129326827043108
741.870935467734,0.14295816613914
742.371185592796,0.139447794743613
742.871435717859,0.129115722234099
743.371685842921,0.1252796462761
743.871935967984,0.128904617425089
744.372186093046,0.138374176000652
744.872436218109,0.147626598201233
745.372686343172,0.146239338027743
745.872936468234,0.14210168377116
746.373186593297,0.144689225573017
746.873436718359,0.130454729879815
747.373686843422,0.11930236439815
747.873936968484,0.132439115084503
748.374187093547,0.136136465025152
748.874437218609,0.133229250226795
749.374687343672,0.136275191042502
749.874937468734,0.140189677358132
750.375187593797,0.139284942462377
750.875437718859,0.13249943074422
751.375687843922,0.131866116317192
751.875937968985,0.133983195973257
752.376188094047,0.134761267983606
752.87643821911,0.133259408056654
753.376688344172,0.134869836171096
753.876938469235,0.143476880812706
754.377188594297,0.147162167621412
754.87743871936,0.139870004361632
755.377688844422,0.13538251927869
755.877938969485,0.136908505469529
756.378189094547,0.128615102258448
756.87843921961,0.123850165140808
757.378689344672,0.13645010645568
757.878939469735,0.149068142468468
758.379189594797,0.153302301780598
758.87943971986,0.157162504002484
759.379689844922,0.156348242596305
759.879939969985,0.146468537534667
760.380190095048,0.137101515580624
760.88044022011,0.12876589140774
761.380690345173,0.12659452765793
761.880940470235,0.13072011878257
762.381190595298,0.128572881296646
762.88144072036,0.128192892640429
763.381690845423,0.139339226556123
763.881940970485,0.146058391048592
764.382191095548,0.137541819896557
764.88244122061,0.130183309411089
765.382691345673,0.13602186527169
765.882941470735,0.13836814443468
766.383191595798,0.12734244183842
766.88344172086,0.126063749852421
767.383691845923,0.138935111636019
767.883941970985,0.146179022368026
768.384192096048,0.149411941728855
768.884442221111,0.153266112384768
769.384692346173,0.15160140017658
769.884942471236,0.148374512381723
770.385192596298,0.148923384885147
770.885442721361,0.148573554058789
771.385692846423,0.141981052451726
771.885942971486,0.135762507934907
772.386193096548,0.138344018170793
772.886443221611,0.143102923722461
773.386693346673,0.143760364413376
773.886943471736,0.142294693882254
774.387193596798,0.136938663299388
774.887443721861,0.134809520511379
775.387693846923,0.138524965149944
775.887943971986,0.133591144185097
776.388194097049,0.125068541467091
776.888444222111,0.132933703494182
777.388694347174,0.149339562937194
777.888944472236,0.148175470704657
778.389194597299,0.141082349121943
778.889444722361,0.14537682409379
779.389694847424,0.140050951340783
779.889944972486,0.133482575997606
780.390195097549,0.138754164656868
780.890445222611,0.139876035927604
781.390695347674,0.13772879844168
781.890945472736,0.139152248011
782.391195597799,0.13598567587586
782.891445722861,0.12965253160558
783.391695847924,0.136178685986954
783.891945972986,0.143344186361329
784.392196098049,0.138036408306236
784.892446223112,0.130955349855466
785.392696348174,0.131914368844965
785.892946473237,0.140901402142792
786.393196598299,0.141275359233037
786.893446723362,0.129586184379891
787.393696848424,0.126600559223902
787.893946973487,0.135014593754417
788.394197098549,0.142572145916952
788.894447223612,0.146788210531167
789.394697348674,0.150690633714854
789.894947473737,0.15152902138492
790.395197598799,0.145213971812554
790.895447723862,0.146022201652761
791.395697848924,0.152765492409118
791.895947973987,0.149357657635109
792.39619809905,0.139948414719264
792.896448224112,0.123277166373497
793.396698349175,0.115767866738736
793.896948474237,0.125074573033062
794.3971985993,0.132300389067154
794.897448724362,0.146136801406224
795.397698849425,0.156679978724748
795.897948974487,0.15263279795774
796.39819909955,0.146432348138837
796.898449224612,0.139725246778311
797.398699349675,0.140919496840707
797.898949474737,0.144092100541819
798.3991995998,0.138356081302736
798.899449724862,0.138030376740265
799.399699849925,0.144170510899451
799.899949974988,0.148229754798402
800.40020010005,0.145986012256931
800.900450225113,0.137276430993803
801.400700350175,0.132565777969909
801.900950475238,0.128548755032759
802.4012006003,0.12727006304676
802.901450725363,0.132306420633126
803.401700850425,0.144478120764008
803.901950975488,0.158199933349615
804.40220110055,0.161692210047227
804.902451225613,0.161245874165321
805.402701350675,0.154997171818645
805.902951475738,0.149870340742703
806.4032016008,0.146733926437422
806.903451725863,0.136872316073699
807.403701850925,0.138223386851359
807.903951975988,0.148416733343525
808.40420210105,0.147071694131837
808.904452226113,0.140648076371981
809.404702351176,0.137282462559775
809.904952476238,0.131323275379739
810.405202601301,0.126244696831572
810.905452726363,0.129350953306995
811.405702851426,0.130593455897164
811.905952976488,0.127149431727326
812.406203101551,0.131775642827616
812.906453226613,0.138518933583972
813.406703351676,0.145467297583366
813.906953476738,0.15572699130122
814.407203601801,0.153260080818796
814.907453726863,0.142765156028046
815.407703851926,0.144212731861253
815.907953976988,0.155509854926239
816.408204102051,0.157132346172625
816.908454227114,0.149013858374723
817.408704352176,0.146510758496469
817.908954477239,0.150684602148882
818.409204602301,0.153525469721551
818.909454727364,0.148284038892148
819.409704852426,0.140515381920604
819.909954977489,0.137216115334086
820.410205102551,0.135243793261342
820.910455227614,0.132813072174748
821.410705352676,0.132487367612276
821.910955477739,0.1359132970842
822.411205602801,0.143458786114791
822.911455727864,0.149888435440618
823.411705852927,0.15220455677375
823.911955977989,0.145437139753507
824.412206103052,0.137614198688218
824.912456228114,0.136504390549426
825.412706353177,0.134067637896861
825.912956478239,0.13815703962567
826.413206603302,0.155739054433163
826.913456728364,0.161686178481255
827.413706853427,0.149568762444119
827.913956978489,0.148109123478968
828.414207103552,0.154611151596456
828.914457228614,0.152747397711202
829.414707353677,0.143096892156489
829.914957478739,0.136986915827161
830.415207603802,0.134459689685021
830.915457728864,0.139176374274887
831.415707853927,0.143730206583517
831.915957978989,0.134797457379436
832.416208104052,0.129543963418089
832.916458229115,0.131383591039456
833.416708354177,0.136998978959105
833.91695847924,0.143573385868253
834.417208604302,0.139134153313085
834.917458729365,0.126437706942666
835.417708854427,0.132794977476833
835.91795897949,0.145026993267432
836.418209104552,0.14320546034398
836.918459229615,0.149351626069138
837.418709354677,0.15547969709638
837.91895947974,0.149013858374723
838.419209604802,0.136190749118898
838.919459729865,0.136281222608473
839.419709854927,0.14669170547562
839.91995997999,0.148959574280977
840.420210105053,0.156233642842842
840.920460230115,0.15533493951306
841.420710355178,0.140081109170641
841.92096048024,0.129423332098655
842.421210605303,0.12769830423075
842.921460730365,0.133965101275342
843.421710855428,0.131582632716522
843.92196098049,0.126250728397543
844.422211105553,0.13253562014005
844.922461230615,0.138766227788812
845.422711355678,0.143410533587017
845.92296148074,0.147783418916497
846.423211605803,0.142457546163489
846.923461730865,0.130798529140202
847.423711855928,0.127601799175203
847.92396198099,0.132306420633125
848.424212106053,0.138458617924255
848.924462231116,0.137771019403482
849.424712356178,0.132849261570578
849.924962481241,0.141070285989999
850.425212606303,0.147940239631761
850.925462731366,0.140280150847707
851.425712856428,0.131878179449135
851.925962981491,0.12869351261608
852.426213106553,0.134230490178097
852.926463231616,0.147427556524167
853.426713356678,0.145352697829903
853.926963481741,0.132264199671324
854.427213606803,0.132601967365739
854.927463731866,0.1401112670005
855.427713856928,0.135515213730068
855.927963981991,0.1259189922691
856.428214107054,0.136932631733416
856.928464232116,0.137499598934756
857.428714357179,0.124206027533138
857.928964482241,0.131335338511683
858.429214607304,0.14078680238933
858.929464732366,0.143531164906451
859.429714857429,0.142928008309282
859.929964982491,0.147035504736007
860.430215107554,0.152475977242476
860.930465232616,0.143410533587017
861.430715357679,0.129139848497986
861.930965482741,0.120454393498744
862.431215607804,0.122257831724281
862.931465732866,0.140853149615018
863.431715857929,0.151577273912693
863.931965982992,0.139236689934604
864.432216108054,0.125707887460091
864.932466233117,0.122155295102762
865.432716358179,0.131353433209598
865.932966483242,0.139025585125595
866.433216608304,0.136884379205643
866.933466733367,0.136106307195294
867.433716858429,0.138241481549274
867.933966983492,0.138151008059699
868.434217108554,0.145563802638913
868.934467233617,0.155045424346418
869.434717358679,0.143537196472423
869.934967483742,0.133880659351738
870.435217608804,0.130527108671475
870.935467733867,0.127209747387043
871.435717858929,0.144158447767508
871.935967983992,0.153471185627806
872.436218109054,0.141094412253886
872.936468234117,0.133524796959408
873.43671835918,0.130726150348541
873.936968484242,0.133663522976757
874.437218609305,0.150346834454467
874.937468734367,0.156209516578956
875.43771885943,0.139411605347783
875.937968984492,0.128735733577882
876.438219109555,0.135871076122398
876.938469234617,0.139900162191491
877.43871935968,0.134459689685021
877.938969484742,0.133597175751069
878.439219609805,0.140901402142792
878.939469734867,0.148109123478968
879.43971985993,0.154194973544409
879.939969984992,0.157259009058031
880.440220110055,0.14089537057682
880.940470235118,0.118771586592641
881.44072036018,0.120219162425848
881.940970485243,0.136594864039001
882.441220610305,0.151842662815448
882.941470735368,0.161945535818038
883.44172086043,0.156879020401814
883.941970985493,0.142487703993348
884.442221110555,0.137288494125746
884.942471235618,0.138283702511076
885.44272136068,0.135165382903709
885.942971485743,0.127529420383543
886.443221610805,0.131033760213098
886.943471735868,0.144930488211885
887.443721860931,0.151583305478665
887.943971985993,0.155582233717899
888.444222111056,0.151100780200929
888.944472236118,0.139942383153292
889.444722361181,0.141601063795509
889.944972486243,0.149689393763553
890.445222611306,0.144297173784857
890.945472736368,0.137795145667369
891.445722861431,0.143760364413376
891.945972986493,0.139134153313085
892.446223111556,0.135292045789115
892.946473236618,0.138663691167293
893.446723361681,0.131329306945711
893.946973486743,0.125780266251751
894.447223611806,0.130925192025607
894.947473736868,0.141896610528122
895.447723861931,0.14612473827428
895.947973986993,0.142777219159989
896.448224112056,0.142421356767659
896.948474237119,0.145213971812554
897.448724362181,0.148127218176883
897.948974487244,0.14228263075031
898.449224612306,0.128862396463287
898.949474737369,0.126443738508637
899.449724862431,0.132288325935211
899.949974987494,0.133180997699021
900.450225112556,0.134984435924558
900.950475237619,0.138953206333934
901.450725362681,0.138597343941604
901.950975487744,0.145292382170186
902.451225612806,0.151758220891844
902.951475737869,0.143163239382178
903.451725862931,0.140804897087245
903.951975987994,0.141395990552471
904.452226113057,0.132680377723371
904.952476238119,0.127559578213401
905.452726363182,0.128186861074457
905.952976488244,0.126968484748175
906.453226613307,0.118132240599641
906.953476738369,0.116871643311556
907.453726863432,0.130171246279145
907.953976988494,0.134646668230143
908.454227113557,0.128078292886967
908.954477238619,0.129381111136853
909.454727363682,0.135050783150247
909.954977488744,0.1359132970842
910.455227613807,0.139405573781811
910.955477738869,0.151854725947391
911.455727863932,0.162168703758991
911.955977988995,0.152729303013287
912.456228114057,0.140056982906755
912.95647823912,0.142505798691263
913.456728364182,0.142722935066244
913.956978489245,0.135828855160596
914.457228614307,0.134308900535729
914.95747873937,0.141981052451726
915.457728864432,0.154394015221475
915.957978989495,0.1536641957389
916.458229114557,0.135466961202294
916.95847923962,0.126214539001713
917.458729364682,0.133386070942059
917.958979489745,0.139592552326934
918.459229614807,0.141022033462226
918.95947973987,0.133386070942059
919.459729864932,0.125804392515638
919.959979989995,0.141040128160141
920.460230115058,0.152198525207778
920.96048024012,0.141040128160141
921.460730365183,0.139888099059547
921.960980490245,0.14580506527778
922.461230615308,0.146498695364526
922.96148074037,0.151106811766901
923.461730865433,0.14772310325678
923.961980990495,0.14025602458382
924.462231115558,0.139502078837359
924.96248124062,0.136275191042501
925.462731365683,0.132680377723371
925.962981490745,0.137873556025001
926.463231615808,0.143790522243234
926.96348174087,0.142825471687763
927.463731865933,0.132396894122701
927.963981990996,0.130340130126353
928.464232116058,0.144472089198036
928.964482241121,0.140509350354632
929.464732366183,0.138464649490227
929.964982491246,0.152705176749401
930.465232616308,0.148356417683808
930.965482741371,0.135653939747417
931.465732866433,0.136365664532077
931.965982991496,0.139725246778311
932.466233116558,0.137982124212491
932.966483241621,0.131715327167899
933.466733366683,0.130352193258296
933.966983491746,0.139821751833858
934.467233616808,0.145853317805554
934.967483741871,0.149013858374723
935.467733866933,0.154755909179777
935.967983991996,0.156607599933088
936.468234117059,0.155449539266522
936.968484242121,0.155811433224824
937.468734367184,0.157265040624002
937.968984492246,0.15081729660026
938.469234617309,0.139073837653368
938.969484742371,0.14601617008679
939.469734867434,0.157620903016332
939.969984992496,0.149436067992741
940.470235117559,0.130267751334693
940.970485242621,0.12100929756814
941.470735367684,0.126510085734326
941.970985492746,0.130931223591579
942.471235617809,0.138621470205491
942.971485742871,0.142789282291933
943.471735867934,0.134592384136398
943.971985992996,0.127824967116156
944.472236118059,0.125707887460091
944.972486243122,0.128198924206401
945.472736368184,0.134079701028804
945.972986493247,0.136474232719567
946.473236618309,0.129556026550032
946.973486743372,0.128783986105655
947.473736868434,0.144514310159838
947.973986993497,0.152548356034136
948.474237118559,0.147258672676959
948.974487243622,0.147783418916497
949.474737368684,0.148639901284477
949.974987493747,0.134483815948908
950.475237618809,0.125128857126808
950.975487743872,0.128759859841769
951.475737868935,0.132517525442135
951.975987993997,0.13566600287936
952.47623811906,0.134152079820465
952.976488244122,0.131281054417937
953.476738369185,0.128572881296646
953.976988494247,0.134363184629474
954.47723861931,0.140623950108094
954.977488744372,0.132734661817116
955.477738869435,0.126419612244751
955.977988994497,0.128892554293146
956.47823911956,0.134610478834313
956.978489244622,0.129857604848617
957.478739369685,0.125810424081609
957.978989494747,0.132825135306692
958.47923961981,0.138380207566623
958.979489744872,0.142686745670414
959.479739869935,0.14580506527778
959.979989994997,0.153193733593108
960.48024012006,0.157198693398314
960.980490245123,0.146058391048592
961.480740370185,0.136136465025152
961.980990495248,0.138784322486727
962.48124062031,0.146148864538167
962.981490745373,0.146782178965195
963.481740870435,0.140557602882405
963.981990995498,0.135659971313388
964.48224112056,0.132059126428286
964.982491245623,0.13701707365702
965.482741370685,0.142059462809358
965.982991495748,0.14046712939283
966.48324162081,0.140901402142792
966.983491745873,0.131715327167899
967.483741870935,0.129320795477136
967.983991995998,0.134236521744068
968.484242121061,0.132776882778918
968.984492246123,0.138663691167293
969.484742371186,0.129616342209749
969.984992496248,0.110761666982229
970.485242621311,0.117770346641339
970.985492746373,0.130032520261796
971.485742871436,0.13345844973372
971.985992996498,0.146239338027743
972.486243121561,0.155769212263022
972.986493246623,0.143929248260583
973.486743371686,0.124972036411544
973.986993496748,0.121733085484743
974.487243621811,0.133319723716371
974.987493746873,0.137149768108397
975.487743871936,0.124676489678931
975.987993996999,0.113711102742388
976.488244122061,0.118168429995471
976.988494247124,0.133554954789267
977.488744372186,0.141878515830207
977.988994497249,0.136052023101549
978.489244622311,0.134568257872512
978.989494747374,0.136938663299388
979.489744872436,0.129326827043108
979.989994997499,0.128705575748023
980.490245122561,0.146571074156186
980.990495247624,0.148302133590063
981.490745372686,0.136329475136247
981.990995497749,0.141751852944801
982.491245622811,0.141902642094093
982.991495747874,0.133410197205946
983.491745872936,0.132414988820616
983.991995997999,0.135376487712719
984.492246123061,0.13470698388986
984.992496248124,0.125140920258751
985.492746373187,0.123542555276252
985.992996498249,0.135328235184945
986.493246623312,0.148024681555365
986.993496748374,0.144876204118139
987.493746873437,0.128711607313995
987.993996998499,0.123886354536638
988.494247123562,0.129827447018759
988.994497248624,0.134465721250993
989.494747373687,0.130810592272145
989.994997498749,0.128162734810571
990.495247623812,0.132487367612276
990.995497748874,0.12830146082792
991.495747873937,0.121208339245205
991.995997999,0.126142160210053
992.496248124062,0.135732350105049
992.996498249125,0.137475472670869
993.496748374187,0.136799937282039
993.99699849925,0.142548019653065
994.497248624312,0.146076485746507
994.997498749375,0.147180262319327
995.497748874437,0.152500103506363
995.9979989995,0.156324116332418
996.498249124562,0.150636349621109
996.998499249625,0.148012618423421
997.498749374687,0.152114083284174
997.99899949975,0.150226203135033
998.499249624812,0.154749877613805
998.999499749875,0.160298918307765
999.499749874937,0.151106811766901
1000,0.140302266589604
