0,0.867210513322441
0.500250125062531,0.880711168489087
1.00050025012506,0.885234842967858
1.50075037518759,0.88481263334984
2.00100050025013,0.884161224224897
2.50125062531266,0.878443299683729
3.00150075037519,0.875837663183957
3.50175087543772,0.872580617559241
4.00200100050025,0.875391327302051
4.50225112556278,0.884541212881113
5.00250125062531,0.886851302648273
5.50275137568784,0.888739182797414
6.00300150075037,0.88983089623829
6.50325162581291,0.888154120898159
7.00350175087544,0.890608968248639
7.50375187593797,0.893660940630317
8.0040020010005,0.883986308811717
8.50425212606303,0.876187494010315
9.00450225112556,0.884480897221396
9.50475237618809,0.885234842967858
10.0050025012506,0.873026953441146
10.5052526263132,0.875469737659683
11.0055027513757,0.885059927554679
11.5057528764382,0.876555419534588
12.0060030015007,0.873244089816127
12.5062531265633,0.88527706392966
13.0065032516258,0.885946567752518
13.5067533766883,0.873057111271005
14.0070035017509,0.868020753684639
14.5072536268134,0.872459986239807
15.0075037518759,0.88171844000636
15.5077538769385,0.894077118682364
16.008004002001,0.900048368994343
16.5082541270635,0.89381172977961
17.0085042521261,0.880880052336294
17.5087543771886,0.882086365530633
18.0090045022511,0.892303838286686
18.5092546273137,0.891592113502026
19.0095047523762,0.887900795127348
19.5097548774387,0.890367705609771
20.0100050025013,0.890633094512526
20.5102551275638,0.8855243581345
21.0105052526263,0.883932024717972
21.5107553776888,0.877062071076211
22.0110055027514,0.87239967058009
22.5112556278139,0.886676387235094
23.0115057528764,0.8906813470403
23.511755877939,0.882333659735473
24.0120060030015,0.886477345558028
24.512256128064,0.885856094262943
25.0125062531266,0.881157504370992
25.5127563781891,0.890735631134045
26.0130065032516,0.89872142448057
26.5132566283142,0.899915674542966
27.0135067533767,0.899867422015192
27.5137568784392,0.895120579595468
28.0140070035017,0.8932809519741
28.5142571285643,0.891845439272837
29.0145072536268,0.890976893772913
29.5147573786893,0.902617816098285
30.0150075037519,0.908239235583906
30.5152576288144,0.89633895592175
31.0155077538769,0.889583602033451
31.5157578789395,0.888781403759215
32.016008004002,0.892291775154742
32.5162581290645,0.907207837802746
33.0165082541271,0.911230892305867
33.5167583791896,0.904276496740502
34.0170085042521,0.896399271581467
34.5172586293147,0.885204685138
35.0175087543772,0.885675147283792
35.5177588794397,0.894656149015647
36.0180090045023,0.898926497723608
36.5182591295648,0.896284671828005
37.0185092546273,0.890608968248639
37.5187593796898,0.890102316707017
38.0190095047524,0.890500400061149
38.5192596298149,0.890355642477828
39.0195097548774,0.887689690318339
39.51975987994,0.882297470339643
40.0200100050025,0.889891211898007
40.520260130065,0.896960207216835
41.0205102551276,0.889143297717517
41.5207603801901,0.882297470339643
42.0210105052526,0.884088845433236
42.5212606303152,0.893733319421978
43.0215107553777,0.897979541866051
43.5217608804402,0.8855243581345
44.0220110055028,0.875843694749928
44.5222611305653,0.88829887848148
45.0225112556278,0.900066463692258
45.5227613806903,0.887804290071801
46.0230115057529,0.877188733961616
46.5232616308154,0.883769172436736
47.0235117558779,0.895367873800307
47.5237618809405,0.895977061963448
48.024012006003,0.882979037294444
48.5242621310655,0.885711336679622
49.0245122561281,0.898588730029193
49.5247623811906,0.897708121397325
50.0250125062531,0.893703161592119
50.5252626313157,0.897141154195986
51.0255127563782,0.903498424730153
51.5257628814407,0.909608401059481
52.0260130065032,0.907069111785397
52.5262631315658,0.891869565536724
53.0265132566283,0.887936984523178
53.5267633816908,0.894662180581619
54.0270135067534,0.891332756165243
54.5272636318159,0.890856262453479
55.0275137568784,0.894360602283034
55.527763881941,0.887321764794065
56.0280140070035,0.878672499190654
56.528264132066,0.878720751718427
57.0285142571286,0.892297806720714
57.5287643821911,0.904312686136332
58.0290145072536,0.902328300931644
58.5292646323162,0.896598313258533
59.0295147573787,0.886935744571877
59.5297648824412,0.879414381805172
60.0300150075037,0.888576330516178
60.5302651325663,0.896797354935599
61.0305152576288,0.895090421765609
61.5307653826913,0.900199158143635
62.0310155077539,0.906478018320171
62.5312656328164,0.903908571216228
63.0315157578789,0.896845607463373
63.5317658829415,0.888829656286989
64.032016008004,0.876760492777626
64.5322661330665,0.873437099927222
65.0325162581291,0.881217820030709
65.5327663831916,0.887370017321839
66.0330165082541,0.890506431627121
66.5332666333167,0.886996060231594
67.0335167583792,0.885717368245594
67.5337668834417,0.892665732244987
68.0340170085043,0.89740654309874
68.5342671335668,0.892792395130393
69.0345172586293,0.882369849131303
69.5347673836918,0.88107909401336
70.0350175087544,0.887647469356537
70.5352676338169,0.891007051602771
71.0355177588794,0.892611448151242
71.535767883942,0.897285911779306
72.0360180090045,0.900199158143635
72.536268134067,0.904541885643256
73.0365182591296,0.915290136204818
73.5367683841921,0.910229652354565
74.0370185092546,0.897219564553618
74.5372686343172,0.894788843467024
75.0375187593797,0.892798426696365
75.5377688844422,0.895868493775958
76.0380190095048,0.896441492543269
76.5382691345673,0.887635406224593
77.0385192596298,0.878919793395493
77.5387693846923,0.874589129027816
78.0390195097549,0.891664492293686
78.5392696348174,0.906242787247274
79.0395197598799,0.897231627685561
79.5397698849425,0.894517422998298
80.040020010005,0.903932697480115
80.5402701350675,0.906568491809746
81.0405202601301,0.902231795876097
81.5407703851926,0.90740084791384
82.0410205102551,0.903781908330823
82.5412706353177,0.888672835571725
83.0415207603802,0.89142926122079
83.5417708854427,0.909168096743547
84.0420210105053,0.92024205186758
84.5422711355678,0.919270969746137
85.0425212606303,0.916966911544949
85.5427713856928,0.911098197854489
86.0430215107554,0.904457443719653
86.5432716358179,0.895651357400977
87.0435217608804,0.88726748070032
87.543771885943,0.894354570717062
88.0440220110055,0.902424805987191
88.544272136068,0.891803218311035
89.0445222611306,0.875433548263853
89.5447723861931,0.876265904367947
90.0450225112556,0.891133714488177
90.5452726363182,0.903480330032238
91.0455227613807,0.904113644459266
91.5457728864432,0.893829824477525
92.0460230115058,0.880572442471738
92.5462731365683,0.87723698648939
93.0465232616308,0.892147017571422
93.5467733866933,0.903637150747502
94.0470235117559,0.894300286623317
94.5472736368184,0.889263929036951
95.0475237618809,0.889897243463979
95.5477738869435,0.885644989453934
96.048024012006,0.883678698947161
96.5482741370685,0.888721088099499
97.0485242621311,0.901158177133135
97.5487743871936,0.905748198837595
98.0490245122561,0.901719112768503
98.5492746373187,0.895126611161439
99.0495247623812,0.89463202275176
99.5497748874437,0.900639462459569
100.050025012506,0.898021762827853
100.550275137569,0.895259305612817
101.050525262631,0.901520071091437
101.550775387694,0.901327060980343
102.051025512756,0.891767028915205
102.551275637819,0.89182131300895
103.051525762881,0.896990365046693
103.551775887944,0.893829824477525
104.052026013006,0.890572778852809
104.552276138069,0.889462970714017
105.052526263132,0.894342507585119
105.552776388194,0.899951863938796
106.053026513257,0.890687378606271
106.553276638319,0.88861855147798
107.053526763382,0.90672531252501
107.553776888444,0.920127452114118
108.054027013507,0.913064488361262
108.554277138569,0.905633599084133
109.054527263632,0.909222380837292
109.554777388694,0.902213701178182
110.055027513757,0.894318381321232
110.555277638819,0.902684163323974
111.055527763882,0.918456708339958
111.555777888944,0.919988726096769
112.056028014007,0.899390928303428
112.55627813907,0.882936816332642
113.056528264132,0.884010435075604
113.556778389195,0.895488505119741
114.057028514257,0.905844703893143
114.55727863932,0.907099269615255
115.057528764382,0.902804794643408
115.557778889445,0.898727456046542
116.058029014507,0.896924017821005
116.55827913957,0.894125371210138
117.058529264632,0.902346395629559
117.558779389695,0.915410767524252
118.059029514757,0.899348707341626
118.55927963982,0.878678530756625
119.059529764882,0.882828248145152
119.559779889945,0.885898315224745
120.060030015007,0.879197245430191
120.56028014007,0.876887155663032
121.060530265133,0.880843862940464
121.560780390195,0.893305078237987
122.061030515258,0.905470746802897
122.56128064032,0.901019451115786
123.061530765383,0.894318381321232
123.561780890445,0.891791155179092
124.062031015508,0.894155529039996
124.56228114057,0.911110260986433
125.062531265633,0.920893460992523
125.562781390695,0.907738615608255
126.063031515758,0.892713984772761
126.56328164082,0.897436700928599
127.063531765883,0.913969223257017
127.563781890945,0.923474971228409
128.064032016008,0.917980214628194
128.564282141071,0.904475538417568
129.064532266133,0.897430669362627
129.564782391196,0.894414886376779
130.065032516258,0.894402823244836
130.565282641321,0.900916914494267
131.065532766383,0.906610712771548
131.565782891446,0.912256258521055
132.066033016508,0.913311782566102
132.566283141571,0.900772156910946
133.066533266633,0.893980613626817
133.566783391696,0.904366970230077
134.067033516758,0.910127115733046
134.567283641821,0.89665862891825
135.067533766883,0.888733151231442
135.567783891946,0.901043577379673
136.068034017009,0.909282696497009
136.568284142071,0.91366161339246
137.068534267134,0.920766798107118
137.568784392196,0.924789852610239
138.069034517259,0.923197519193711
138.569284642321,0.916846280225515
139.069534767384,0.913939065427158
139.569784892446,0.911429933982933
140.070035017509,0.906321197604906
140.570285142571,0.903420014372521
141.070535267634,0.902081006726804
141.570785392696,0.904994253091133
142.071035517759,0.911363586757244
142.571285642821,0.909192223007434
143.071535767884,0.90644182892434
143.571785892946,0.912684499705045
144.072036018009,0.920145546812033
144.572286143072,0.92369210760339
145.072536268134,0.913812402541752
145.572786393197,0.899686475036041
146.073036518259,0.903492393164181
146.573286643322,0.907376721649953
147.073536768384,0.89872142448057
147.573786893447,0.896803386501571
148.074037018509,0.900983261719956
148.574287143572,0.90331144618503
149.074537268634,0.911074071590603
149.574787393697,0.912123564069678
150.075037518759,0.890494368495177
150.575287643822,0.878491552211503
151.075537768884,0.894734559373279
151.575787893947,0.903377793410719
152.07603801901,0.903582866653757
152.576288144072,0.906550397111831
153.076538269135,0.896682755182137
153.576788394197,0.889764549012602
154.07703851926,0.900368041990843
154.577288644322,0.911484218076678
155.077538769385,0.916743743603997
155.577788894447,0.917925930534449
156.07803901951,0.917907835836534
156.578289144572,0.920030947058571
157.078539269635,0.918052593419855
157.578789394697,0.916321533985978
158.07903951976,0.917401184294911
158.579289644822,0.912793067892536
159.079539769885,0.899191886626362
159.579789894947,0.899915674542966
160.08004002001,0.920694419315457
160.580290145073,0.92266070982223
161.080540270135,0.912931793909885
161.580790395198,0.921122660499448
162.08104052026,0.922889909329154
162.581290645323,0.915284104638846
163.081540770385,0.913179088114724
163.581790895448,0.899463307095089
164.08204102051,0.889499160109847
164.582291145573,0.904161896987039
165.082541270635,0.915712345822837
165.582791395698,0.913245435340413
166.08304152076,0.920537598600193
166.583291645823,0.923631791943673
167.083541770885,0.914910147548601
167.583791895948,0.916948816847034
168.084042021011,0.912322605746744
168.584292146073,0.907002764559708
169.084542271136,0.918450676773987
169.584792396198,0.917944025232364
170.085042521261,0.902304174667757
170.585292646323,0.893932361099044
171.085542771386,0.902985741622559
171.585792896448,0.913896844465356
172.086043021511,0.910036642243471
172.586293146573,0.901875933483767
173.086543271636,0.89904109747707
173.586793396698,0.90053692583805
174.087043521761,0.90363111918153
174.587293646823,0.910356315239971
175.087543771886,0.910893124611452
175.587793896948,0.902129259254578
176.088044022011,0.897316069609165
176.588294147074,0.901254682188682
177.088544272136,0.914524127326413
177.588794397199,0.924729536950522
178.089044522261,0.91814306690943
178.589294647324,0.899372833605513
179.089544772386,0.891248314241639
179.589794897449,0.893009531505374
180.090045022511,0.899421086133287
180.590295147574,0.912575931517555
181.090545272636,0.909204286139377
181.590795397699,0.903679371709304
182.091045522761,0.914560316722243
182.591295647824,0.922286752731985
183.091545772886,0.917521815614345
183.591795897949,0.904475538417568
184.092046023012,0.898998876515268
184.592296148074,0.903956823744002
185.092546273137,0.908999212896339
185.592796398199,0.91679199613177
186.093046523262,0.925592050884474
186.593296648324,0.918474803037873
187.093546773387,0.899903611411022
187.593796898449,0.902569563570512
188.094047023512,0.910772493292018
188.594297148574,0.904475538417568
189.094547273637,0.907949720417264
189.594797398699,0.908981118198424
190.095047523762,0.899415054567315
190.595297648824,0.907581794892991
191.095547773887,0.924542558405399
191.595797898949,0.924470179613739
192.096048024012,0.915060936697893
192.596298149075,0.909451580344216
193.096548274137,0.904173960118983
193.5967983992,0.90284701560521
194.097048524262,0.911291207965584
194.597298649325,0.920652198353655
195.097548774387,0.931309975425642
195.59779889945,0.945580660514674
196.098049024512,0.946346669393079
196.598299149575,0.936316175182149
197.098549274637,0.933614033626829
197.5987993997,0.930839513279849
198.099049524762,0.918028467155968
198.599299649825,0.910386473069829
199.099549774887,0.915060936697893
199.59979989995,0.91476538996528
200.100050025013,0.909162065177575
200.600300150075,0.903088278244078
201.100550275138,0.901351187244229
201.6008004002,0.907020859257623
202.101050525263,0.90573010413968
202.601300650325,0.908287488111679
203.101550775388,0.920181736207863
203.60180090045,0.9123105426148
204.102051025513,0.905319957653605
204.602301150575,0.919723337194014
205.102551275638,0.912829257288366
205.6028014007,0.894185686869855
206.103051525763,0.905911051118831
206.603301650825,0.927884045953719
207.103551775888,0.925405072339352
207.60380190095,0.912220069125225
208.104052026013,0.916562796624846
208.604302151076,0.921158849895278
209.104552276138,0.915730440520752
209.604802401201,0.923101014138164
210.105052526263,0.929802083932718
210.605302651326,0.920603945825882
211.105552776388,0.918203382569147
211.605802901451,0.921792164322306
212.106053026513,0.922178184544494
212.606303151576,0.931768374439491
213.106553276638,0.942775982337835
213.606803401701,0.934784157425338
214.107053526763,0.919687147798184
214.607303651826,0.920796955936976
215.107553776888,0.932715330297047
215.607803901951,0.929651294783425
216.108054027014,0.9087519186915
216.608304152076,0.895832304380128
217.108554277139,0.903534614125983
217.608804402201,0.918740191940628
218.109054527264,0.91743134212477
218.609304652326,0.905458683670954
219.109554777389,0.909765221774745
219.609804902451,0.916255186760289
220.110055027514,0.907804962833944
220.610305152576,0.904638390698803
221.110555277639,0.913510824243168
221.610805402701,0.921967079735485
222.111055527764,0.924150506617239
222.611305652826,0.92159312264524
223.111555777889,0.910881061479508
223.611805902951,0.910844872083678
224.112056028014,0.928577676040463
224.612306153077,0.935272714269046
225.112556278139,0.935302872098904
225.612806403202,0.924952704891474
226.113056528264,0.907424974177727
226.613306653327,0.903293351487115
227.113556778389,0.909560148531707
227.613806903452,0.922763246443749
228.114057028514,0.924234948540843
228.614307153577,0.915549493541601
229.114557278639,0.917775141385157
229.614807403702,0.92098996604807
230.115057528764,0.920181736207863
230.615307653827,0.918402424246213
231.115557778889,0.911333428927386
231.615807903952,0.910748367028131
232.116058029015,0.913872718201469
232.616308154077,0.912937825475857
233.11655827914,0.9135892346008
233.616808404202,0.918010372458053
234.117058529265,0.921044250141816
234.617308654327,0.919723337194014
235.11755877939,0.919373506367656
235.617808904452,0.913360035093875
236.118059029515,0.909897916226122
236.618309154577,0.92635805976288
237.11855927964,0.935833649904413
237.618809404702,0.92273308861389
238.119059529765,0.916339628683893
238.619309654827,0.917383089596996
239.11955977989,0.917781172951128
239.619809904952,0.921418207232061
240.120060030015,0.925797124127512
240.620310155078,0.932679140901217
241.12056028014,0.933601970494886
241.620810405203,0.929681452613284
242.121060530265,0.925380946075465
242.621310655328,0.919656989968326
243.12156078039,0.916182807968629
243.621810905453,0.90644182892434
244.122061030515,0.900368041990843
244.622311155578,0.908896676274821
245.12256128064,0.916369786513751
245.622811405703,0.921834385284108
246.123061530765,0.92956082129385
246.623311655828,0.93094808146734
247.12356178089,0.925049209947022
247.623811905953,0.92440383238805
248.124062031016,0.930857607977765
248.624312156078,0.938608170251393
249.124562281141,0.945164482462627
249.624812406203,0.942558845962854
250.125062531266,0.925598082450446
250.625312656328,0.909837600566405
251.125562781391,0.919150338426703
251.625812906453,0.931750279741575
252.126063031516,0.928999885658482
252.626313156578,0.925736808467795
253.126563281641,0.927648814880822
253.626813406703,0.93656950095296
254.127063531766,0.940122093310289
254.627313656828,0.933776885908065
255.127563781891,0.927057721415596
255.627813906953,0.921014092311957
256.128064032016,0.913758118448007
256.628314157079,0.908583034844292
257.128564282141,0.917491657784487
257.628814407204,0.930923955203453
258.129064532266,0.936611721914762
258.629314657329,0.935423503418338
259.129564782391,0.929639231651482
259.629814907454,0.934573052616329
260.130065032516,0.940851912792864
260.630315157579,0.939295768772167
261.130565282641,0.93763708812995
261.630815407704,0.936002533751621
262.131065532766,0.9397360730881
262.631315657829,0.942190920438581
263.131565782891,0.938288497254893
263.631815907954,0.928239908346049
264.132066033016,0.91956651647875
264.632316158079,0.923999717467947
265.132566283142,0.929397969012614
265.632816408204,0.927437710071813
266.133066533267,0.929120516977916
266.633316658329,0.93226296284917
267.133566783392,0.92266070982223
267.633816908454,0.908516687618604
268.134067033517,0.905181231636256
268.634317158579,0.910627735708697
269.134567283642,0.913510824243168
269.634817408704,0.909065560122028
270.135067533767,0.91088709304548
270.635317658829,0.920591882693938
271.135567783892,0.925646334978219
271.635817908954,0.932745488126905
272.136068034017,0.933788949040009
272.63631815908,0.917190079485902
273.136568284142,0.909174128309519
273.636818409205,0.921369954704287
274.137068534267,0.922992445950673
274.63731865933,0.91113438725032
275.137568784392,0.917250395145619
275.637818909455,0.930133820061161
276.138069034517,0.923746391697135
276.63831915958,0.919741431891929
277.138569284642,0.931569332762425
277.638819409705,0.934000053849018
278.139069534767,0.926906932266304
278.63931965983,0.925730776901823
279.139569784892,0.928915443734878
279.639819909955,0.930369051134057
280.140070035018,0.927347236582238
280.64032016008,0.926490754214257
281.140570285143,0.925037146815078
281.640820410205,0.914421590704894
282.141070535268,0.909409359382415
282.64132066033,0.919476042989175
283.141570785393,0.933288329064358
283.641820910455,0.936044754713423
284.142071035518,0.924813978874125
284.64232116058,0.917371026465053
285.142571285643,0.920344588489099
285.642821410705,0.920959808218212
286.143071535768,0.922648646690287
286.64332166083,0.933059129557433
287.143571785893,0.936032691581479
287.643821910955,0.931961384550585
288.144072036018,0.933626096758773
288.644322161081,0.936491090595328
289.144572286143,0.93685298455363
289.644822411206,0.941660142633071
290.145072536268,0.944030548059948
290.645322661331,0.930761102922217
291.145572786393,0.916798027697742
291.645822911456,0.917244363579647
292.146073036518,0.929753831404944
292.646323161581,0.936551406255045
293.146573286643,0.928861159641133
293.646823411706,0.921997237565344
294.147073536768,0.922871814631239
294.647323661831,0.926792332512842
295.147573786893,0.928390697495341
295.647823911956,0.928975759394595
296.148074037018,0.932564541147754
296.648324162081,0.931159186276349
297.148574287144,0.923710202301305
297.648824412206,0.932244868151255
298.149074537269,0.947939002809607
298.649324662331,0.943976263966203
299.149574787394,0.938270402556978
299.649824912456,0.93471781019965
300.150075037519,0.929259242995265
300.650325162581,0.937329478265394
301.150575287644,0.945544471118843
301.650825412706,0.945357492573721
302.151075537769,0.937347572963309
302.651325662831,0.919608737440552
303.151575787894,0.914843800322912
303.651825912956,0.92643043855454
304.152076038019,0.932323278508887
304.652326163082,0.933577844230999
305.152576288144,0.930163977891019
305.652826413207,0.920067136454401
306.153076538269,0.922238500204211
306.653326663332,0.935158114515584
307.153576788394,0.93852372832779
307.653826913457,0.939748136220044
308.154077038519,0.938089455577828
308.654327163582,0.917262458277562
309.154577288644,0.904300623004388
309.654827413707,0.913764150013979
310.155077538769,0.931388385783274
310.655327663832,0.950894470135737
311.155577788894,0.948156139184588
311.655827913957,0.931683932515887
312.15607803902,0.935067641026008
312.656328164082,0.937076152494583
313.156578289145,0.920103325850231
313.656828414207,0.912322605746744
314.15707853927,0.921038218575844
314.657328664332,0.926840585040615
315.157578789395,0.925139683436597
315.657828914457,0.927618657050964
316.15807903952,0.940809691831062
316.658329164582,0.940725249907459
317.158579289645,0.918486866169817
317.658829414707,0.914107949274366
318.15907953977,0.929892557422293
318.659329664832,0.933324518460188
319.159579789895,0.928728465189756
319.659829914957,0.925459356433097
320.16008004002,0.924174632881126
320.660330165083,0.926460596384398
321.160580290145,0.924470179613739
321.660830415208,0.927685004276653
322.16108054027,0.934856536216999
322.661330665333,0.932365499470688
323.161580790395,0.925592050884474
323.661830915458,0.924397800822078
324.16208104052,0.93383117000181
324.662331165583,0.937872319202847
325.162581290645,0.937649151261894
325.662831415708,0.937112341890413
326.16308154077,0.929440189974416
326.663331665833,0.933101350519235
327.163581790895,0.941780773952505
327.663831915958,0.930863639543736
328.16408204102,0.917799267649043
328.664332166083,0.920809019068919
329.164582291146,0.923366403040918
329.664832416208,0.929904620554237
330.165082541271,0.945098135236938
330.665332666333,0.948355180861654
331.165582791396,0.940821754963006
331.665832916458,0.933698475550433
332.166083041521,0.931207438804123
332.666333166583,0.934959072838518
333.166583291646,0.940984607244241
333.666833416708,0.943602306875957
334.167083541771,0.934627336710074
334.667333666833,0.920368714752986
335.167583791896,0.920676324617542
335.667833916959,0.925670461242106
336.168084042021,0.924054001561692
336.668334167084,0.928999885658482
337.168584292146,0.926810427210757
337.668834417209,0.924391769256107
338.169084542271,0.937618993432035
338.669334667334,0.940103998612374
339.169584792396,0.931683932515887
339.669834917459,0.925417135471295
340.170085042521,0.924023843731833
340.670335167584,0.9277815093322
341.170585292646,0.931961384550585
341.670835417709,0.925477451131012
342.171085542771,0.917612289103921
342.671335667834,0.927751351502341
343.171585792896,0.937220910077903
343.671835917959,0.933221981838669
344.172086043022,0.931207438804123
344.672336168084,0.939247516244393
345.172586293147,0.93852372832779
345.672836418209,0.923287992683286
346.173086543272,0.919011612409354
346.673336668334,0.930049378137557
347.173586793397,0.936659974442536
347.673836918459,0.935363187758621
348.174087043522,0.935887933998159
348.674337168584,0.937594867168149
349.174587293647,0.936346333012008
349.674837418709,0.931756311307547
350.175087543772,0.923402592436749
350.675337668834,0.927220573696832
351.175587793897,0.94549621859107
351.675837918959,0.949887198618464
352.176088044022,0.9419737840636
352.676338169085,0.934404168769122
353.176588294147,0.923897180846428
353.67683841921,0.925477451131012
354.177088544272,0.934735904897565
354.677338669335,0.940357324383185
355.177588794397,0.94524892438623
355.67783891946,0.93621363856063
356.178089044522,0.918565276527449
356.678339169585,0.913975254822988
357.178589294647,0.931611553724226
357.67883941971,0.943192160389882
358.179089544772,0.937311383567479
358.679339669835,0.935743176414838
359.179589794897,0.936828858289743
359.67983991996,0.9461717539799
360.180090045022,0.952239509347426
360.680340170085,0.93208804743599
361.180590295148,0.914705074305563
361.68084042021,0.928227845214105
362.181090545273,0.941539511313638
362.681340670335,0.941316343372685
363.181590795398,0.940652871115798
363.68184092046,0.93852372832779
364.182091045523,0.936135228202998
364.682341170585,0.929289400825124
365.182591295648,0.927739288370398
365.68284142071,0.933324518460188
366.183091545773,0.936859016119602
366.683341670835,0.937612961866064
367.183591795898,0.940297008723468
367.683841920961,0.949983703674012
368.184092046023,0.953560422295227
368.684342171086,0.949181505399776
369.184592296148,0.942215046702467
369.684842421211,0.931647743120057
370.185092546273,0.931044586522887
370.685342671336,0.934892725612829
371.185592796398,0.934144811432339
371.685842921461,0.935435566550281
372.186093046523,0.933264202800471
372.686343171586,0.928438950023114
373.186593296648,0.925845376655285
373.686843421711,0.932033763342245
374.187093546773,0.949428799604615
374.687343671836,0.957239677537961
375.187593796898,0.948150107618616
375.687843921961,0.933378802553933
376.188094047024,0.916653270114421
376.688344172086,0.916381849645695
377.188594297149,0.926339965064964
377.688844422211,0.925206030662286
378.189094547274,0.928336413401596
378.689344672336,0.934392105637178
379.189594797399,0.942673445716316
379.689844922461,0.949579588753908
380.190095047524,0.943638496271788
380.690345172586,0.94592445977506
381.190595297649,0.950393850160087
381.690845422711,0.947172993931201
382.191095547774,0.939880830671421
382.691345672836,0.927811667162058
383.191595797899,0.931605522158255
383.691845922961,0.940857944358836
384.192096048024,0.941738552990703
384.692346173087,0.951099543378775
385.192596298149,0.952595371739756
385.692846423212,0.945683197136192
386.193096548274,0.947046331045796
386.693346673337,0.941829026480279
387.193596798399,0.932226773453339
387.693846923462,0.932118205265849
388.194097048524,0.940598587022053
388.694347173587,0.946268259035447
389.194597298649,0.937908508598677
389.694847423712,0.929645263217454
390.195097548774,0.930194135720878
390.695347673837,0.930411272095859
391.195597798899,0.939325926602025
391.695847923962,0.951582068656511
392.196098049024,0.956069553739452
392.696348174087,0.957800613173329
393.19659829915,0.945586692080645
393.696848424212,0.927208510564889
394.197098549275,0.928553549776577
394.697348674337,0.933065161123405
395.1975987994,0.9319794792485
395.697848924462,0.942824234865609
396.198099049525,0.952601403305727
396.698349174587,0.946298416865305
397.19859929965,0.937950729560479
397.698849424712,0.939524968279091
398.199099549775,0.946871415632616
398.699349674837,0.946762847445126
399.1995997999,0.940122093310289
399.699849924963,0.943928011438429
400.200100050025,0.948168202316531
400.700350175088,0.93831262351878
401.20060030015,0.930755071356246
401.700850425213,0.931913132022811
402.201100550275,0.931702027213802
402.701350675338,0.936883142383488
403.2016008004,0.945279082216089
403.701850925463,0.944802588504325
404.202101050525,0.944470852375882
404.702351175588,0.944404505150193
405.20260130065,0.937003773702922
405.702851425713,0.935580324133602
406.203101550775,0.938391033876412
406.703351675838,0.941979815629571
407.2036018009,0.949151347569917
407.703851925963,0.954760703923594
408.204102051026,0.958856137218376
408.704352176088,0.951732857805803
409.204602301151,0.939151011188846
409.704852426213,0.935869839300244
410.205102551276,0.935025420064206
410.705352676338,0.933131508349094
411.205602801401,0.938927843247893
411.705852926463,0.946322543129192
412.206103051526,0.943915948306486
412.706353176588,0.939506873581176
413.206603301651,0.93938021069577
413.706853426713,0.942468372473279
414.207103551776,0.949531336226134
414.707353676838,0.948885958667163
415.207603801901,0.94386166421274
415.707853926963,0.947004110083994
416.208104052026,0.951383026979445
416.708354177089,0.952637592701558
417.208604302151,0.947884718715861
417.708854427214,0.940912228452581
418.209104552276,0.946973952254135
418.709354677339,0.955237197635358
419.209604802401,0.937968824258394
419.709854927464,0.915241883677044
420.210105052526,0.91700310094078
420.710355177589,0.928034835103011
421.210605302651,0.937733593185498
421.710855427714,0.946002870132692
422.211105552776,0.948421528087342
422.711355677839,0.944531168035599
423.211605802901,0.930453493057661
423.711855927964,0.92365591820756
424.212106053027,0.935266682703074
424.712356178089,0.948210423278333
425.212606303152,0.95321662303484
425.712856428214,0.944531168035599
426.213106553277,0.932594698977613
426.713356678339,0.922160089846579
427.213606803402,0.914873958152771
427.713856928464,0.926207270613587
428.214107053527,0.9358577761683
428.714357178589,0.938173897501431
429.214607303652,0.946509521674315
429.714857428714,0.948119949788757
430.215107553777,0.946195880243787
430.715357678839,0.949959577410125
431.215607803902,0.9510090698892
431.715857928965,0.95001386150387
432.216108054027,0.958880263482263
432.71635817909,0.960774175197375
433.216608304152,0.947293625250635
433.716858429215,0.9413344380706
434.217108554277,0.943994358664118
434.71735867934,0.941545542879609
435.217608804402,0.937697403789667
435.717858929465,0.948053602563069
436.218109054527,0.954374683701406
436.71835917959,0.94311375003225
437.218609304652,0.941901405271939
437.718859429715,0.948469780615116
438.219109554777,0.944018484928004
438.71935967984,0.937733593185498
439.219609804902,0.939114821793016
439.719859929965,0.941388722164345
440.220110055028,0.936273954220347
440.72036018009,0.926496785780229
441.220610305153,0.919801747551646
441.720860430215,0.926677732759379
442.221110555278,0.937124405022356
442.72136068034,0.937618993432035
443.221610805403,0.939386242261742
443.721860930465,0.940459861004704
444.222111055528,0.938372939178497
444.72236118059,0.936617753480734
445.222611305653,0.936376490841866
445.722861430715,0.944651799355033
446.223111555778,0.954356589003491
446.72336168084,0.955544807499915
447.223611805903,0.946949825990249
447.723861930965,0.943686748799561
448.224112056028,0.952830602812652
448.724362181091,0.961304953002884
449.224612306153,0.956793341656056
449.724862431216,0.938933874813865
450.225112556278,0.929440189974416
450.725362681341,0.934168937696225
451.225612806403,0.937673277525781
451.725862931466,0.933891485661527
452.226113056528,0.935224461741272
452.726363181591,0.944235621302985
453.226613306653,0.950273218840653
453.726863431716,0.949802756694861
454.227113556778,0.940134156442232
454.727363681841,0.94200997345943
455.227613806903,0.95517085040967
455.727863931966,0.955858448930443
456.228114057029,0.945375587271636
456.728364182091,0.937419951754969
457.228614307154,0.94581589158757
457.728864432216,0.948904053365078
458.229114557279,0.934319726845518
458.729364682341,0.928288160873822
459.229614807404,0.93304706642549
459.729864932466,0.936448869633526
460.230115057529,0.935417471852366
460.730365182591,0.926671701193408
461.230615307654,0.927401520675983
461.730865432716,0.942275362362184
462.231115557779,0.939657662730468
462.731365682841,0.926846616606587
463.231615807904,0.940483987268591
463.731865932966,0.962999823040931
464.232116058029,0.954133421062538
464.732366183092,0.93539334558848
465.232616308154,0.946569837334032
465.732866433217,0.9606837017078
466.233116558279,0.946696500219437
466.733366683342,0.93507367259198
467.233616808404,0.944862904164042
467.733866933467,0.949386578642814
468.234117058529,0.942703603546175
468.734367183592,0.93781200354313
469.234617308654,0.936834889855715
469.734867433717,0.937232973209847
470.235117558779,0.933221981838669
470.735367683842,0.934108622036508
471.235617808904,0.937631056563979
471.735867933967,0.935351124626678
472.23611805903,0.935085735723923
472.736368184092,0.936804732025856
473.236618309155,0.945936522907004
473.736868434217,0.948861832403276
474.23711855928,0.933035003293547
474.737368684342,0.925055241512993
475.237618809405,0.924343516728333
475.737868934467,0.93091189207151
476.23811905953,0.949235789493521
476.738369184592,0.946738721181239
477.238619309655,0.936846952987658
477.738869434717,0.941008733508128
478.23911955978,0.939217358414535
478.739369684842,0.939301800338138
479.239619809905,0.94062271328594
479.739869934967,0.934313695279546
480.24012006003,0.941979815629571
480.740370185093,0.956654615638707
481.240620310155,0.95001386150387
481.740870435218,0.940683028945657
482.24112056028,0.950417976423974
482.741370685343,0.953994695045189
483.241620810405,0.946099375188239
483.741870935468,0.946895541896503
484.24212106053,0.944953377653617
484.742371185593,0.925380946075465
485.242621310655,0.917491657784487
485.742871435718,0.929584947557737
486.24312156078,0.941545542879609
486.743371685843,0.951033196153086
487.243621810905,0.952770287152935
487.743871935968,0.946895541896503
488.244122061031,0.93237153103666
488.744372186093,0.929886525856321
489.244622311156,0.939151011188846
489.744872436218,0.933963864453188
490.245122561281,0.932600730543584
490.745372686343,0.939078632397186
491.245622811406,0.946648247691664
491.745872936468,0.951214143132237
492.246123061531,0.945411776667466
492.746373186593,0.938493570497931
493.246623311656,0.933559749533084
493.746873436718,0.933354676290046
494.247123561781,0.936412680237696
494.747373686843,0.934488610692725
495.247623811906,0.937027899966809
495.747873936968,0.949531336226134
496.248124062031,0.954754672357623
496.748374187094,0.947818371490173
497.248624312156,0.942003941893458
497.748874437219,0.942305520192043
498.249124562281,0.937534551508432
498.749374687344,0.939114821793016
499.249624812406,0.952921076302227
499.749874937469,0.948204391712361
500.250125062531,0.927377394412096
500.750375187594,0.928077056064813
501.250625312656,0.948813579875502
501.750875437719,0.957879023530961
502.251125562781,0.953922316253529
502.751375687844,0.958494243260074
503.251625812906,0.96278268666595
503.751875937969,0.952474740420322
504.252126063032,0.943759127591221
504.752376188094,0.936991710570979
505.252626313157,0.935477787512083
505.752876438219,0.93934402129994
506.253126563282,0.938059297747969
506.753376688344,0.941907436837911
507.253626813407,0.948035507865154
507.753876938469,0.94204616285526
508.254127063532,0.932268994415141
508.754377188594,0.928414823759228
509.254627313657,0.935399377154451
509.754877438719,0.946533647938201
510.255127563782,0.947154899233286
510.755377688844,0.947052362611767
511.255627813907,0.958524401089933
511.755877938969,0.962306192954186
512.256128064032,0.949609746583766
512.756378189095,0.946690468653466
513.256628314157,0.954489283454868
513.75687843922,0.959326599364168
514.257128564282,0.957456813912942
514.757378689345,0.966250837099675
515.257628814407,0.977771128105613
515.75787893947,0.963995031426261
516.258129064532,0.947932971243635
516.758379189595,0.943934043004401
517.258629314657,0.946575868900003
517.75887943972,0.951123669642662
518.259129564782,0.947800276792258
518.759379689845,0.947305688382579
519.259629814907,0.95211284646202
519.75987993997,0.955086408486066
520.260130065033,0.960973216874441
520.760380190095,0.962227782596554
521.260630315158,0.956190185058886
521.76088044022,0.948530096274833
522.261130565283,0.942317583323986
522.761380690345,0.939681788994355
523.261630815408,0.940508113532478
523.76188094047,0.945447966063296
524.262131065533,0.94969418850737
524.762381190595,0.950327502934398
525.262631315658,0.948300896767908
525.76288144072,0.944874967295985
526.263131565783,0.940845881226892
526.763381690845,0.941991878761515
527.263631815908,0.944205463473127
527.76388194097,0.932528351751924
528.264132066033,0.925254283190059
528.764382191096,0.931653774686028
529.264632316158,0.929030043488341
529.764882441221,0.930761102922217
530.265132566283,0.947715834868654
530.765382691346,0.961709067922988
531.265632816408,0.965901006273316
531.765882941471,0.964676598381062
532.266133066533,0.963657263731846
532.766383191596,0.958639000843395
533.266633316658,0.948837706139389
533.766883441721,0.944700051882806
534.267133566783,0.950164650653162
534.767383691846,0.945767639059796
535.267633816908,0.942540751264939
535.767883941971,0.960502754728649
536.268134067034,0.965460701957383
536.768384192096,0.958204728093433
537.268634317159,0.96278268666595
537.768884442221,0.953319159656359
538.269134567284,0.941696332028902
538.769384692346,0.955303544861047
539.269634817409,0.95976087211413
539.769884942471,0.941509353483779
540.270135067534,0.92931352708901
540.770385192596,0.940007493556827
541.270635317659,0.949555462490021
541.770885442721,0.944024516493976
542.271135567784,0.946805068406928
542.771385692846,0.959604051398866
543.271635817909,0.970340238828484
543.771885942971,0.966226710835788
544.272136068034,0.955164818843698
544.772386193097,0.957408561385169
545.272636318159,0.950267187274681
545.772886443222,0.935357156192649
546.273136568284,0.938391033876412
546.773386693347,0.94318612882391
547.273636818409,0.948427559653314
547.773886943472,0.953904221555614
548.274137068534,0.950580828705209
548.774387193597,0.954754672357623
549.274637318659,0.957173330312273
549.774887443722,0.953488043503567
550.275137568784,0.957541255836546
550.775387693847,0.957710139683754
551.275637818909,0.955870512062386
551.775887943972,0.962022709353516
552.276138069035,0.954664198868047
552.776388194097,0.94339723363292
553.27663831916,0.955743849176981
553.776888444222,0.958777726860744
554.277138569285,0.947124741403428
554.777388694347,0.947625361379078
555.27763881941,0.950779870382275
555.777888944472,0.951316679753756
556.278139069535,0.954989903430519
556.778389194597,0.959218031176677
557.27863931966,0.956708899732452
557.778889444722,0.950990975191285
558.279139569785,0.949199600097691
558.779389694847,0.948843737705361
559.27963981991,0.947070457309682
559.779889944973,0.944422599848108
560.280140070035,0.945508281723013
560.780390195098,0.947546951021446
561.28064032016,0.942854392695467
561.780890445223,0.945809860021598
562.281140570285,0.957414592951141
562.781390695348,0.957028572728952
563.28164082041,0.952933139434171
563.781890945473,0.958072033642055
564.282141070535,0.96559339640876
564.782391195598,0.967221919221118
565.28264132066,0.967517465953731
565.782891445723,0.969025357446655
566.283141570785,0.964923892585902
566.783391695848,0.961992551523657
567.28364182091,0.963916621068629
567.783891945973,0.954652135736104
568.284142071035,0.941521416615722
568.784392196098,0.943336917973203
569.284642321161,0.952679813663359
569.784892446223,0.957203488142131
570.285142571286,0.949428799604615
570.785392696348,0.943994358664118
571.285642821411,0.947492666927701
571.785892946473,0.945713354966051
572.286143071536,0.948216454844305
572.786393196598,0.950466228951747
573.286643321661,0.941141427959506
573.786893446723,0.93447051599481
574.287143571786,0.939470684185346
574.787393696848,0.947426319702013
575.287643821911,0.950267187274681
575.787893946973,0.949501178396276
576.288144072036,0.947534887889503
576.788394197099,0.958512337957989
577.288644322161,0.971365605043673
577.788894447224,0.959067242027385
578.289144572286,0.947359972476324
578.789394697349,0.957529192704603
579.289644822411,0.962764591968035
579.789894947474,0.956865720447716
580.290145072536,0.958470116996187
580.790395197599,0.961479868416063
581.290645322661,0.955351797388821
581.790895447724,0.946720626483324
582.291145572786,0.944422599848108
582.791395697849,0.953114086413322
583.291645822912,0.956111774701254
583.791895947974,0.946437142882654
584.292146073037,0.943089623768363
584.792396198099,0.945098135236938
585.292646323162,0.946901573462475
585.792896448224,0.948524064708861
586.293146573287,0.944808620070297
586.793396698349,0.945049882709164
587.293646823412,0.955870512062386
587.793896948474,0.962469045235421
588.294147073537,0.953789621802151
588.794397198599,0.951563973958596
589.294647323662,0.961045595666101
589.794897448724,0.956726994430367
590.295147573787,0.939374179129799
590.795397698849,0.928891317470992
591.295647823912,0.943288665445429
591.795897948974,0.962957602079129
592.296148074037,0.960671638575856
592.7963981991,0.947118709837456
593.296648324162,0.941738552990703
593.796898449225,0.948505970010946
594.297148574287,0.947528856323531
594.79739869935,0.945303208479976
595.297648824412,0.954947682468717
595.797898949475,0.958880263482263
596.298149074537,0.95691397297549
596.7983991996,0.951648415882199
597.298649324662,0.948885958667163
597.798899449725,0.954676261999991
598.299149574787,0.959447230683602
598.79939969985,0.956153995663056
599.299649824912,0.955375923652707
599.799899949975,0.961377331794545
600.300150075038,0.950731617854502
600.8004002001,0.938360876046554
601.300650325163,0.938481507365988
601.800900450225,0.944633704657117
602.301150575288,0.953741369274378
602.80140070035,0.948011381601267
603.301650825413,0.940821754963006
603.801900950475,0.946069217358381
604.302151075538,0.948723106385927
604.8024012006,0.946075248924353
605.302651325663,0.944887030427929
605.802901450725,0.944247684434929
606.303151575788,0.944706083448778
606.80340170085,0.94787868714989
607.303651825913,0.954380715267378
607.803901950976,0.960840522423064
608.304152076038,0.96178747828062
608.804402201101,0.953077897017491
609.304652326163,0.94144300625809
609.804902451226,0.951015101455171
610.305152576288,0.963319496037431
610.805402701351,0.956371132038037
611.305652826413,0.959435167551659
611.805902951476,0.965267691846288
612.306153076538,0.9587656637288
612.806403201601,0.953644864218831
613.306653326663,0.94827073893805
613.806903451726,0.943632464705816
614.307153576788,0.939368147563827
614.807403701851,0.934343853109405
615.307653826913,0.936834889855715
615.807903951976,0.946057154226438
616.308154077038,0.95207665706619
616.808404202101,0.949121189740059
617.308654327164,0.943741032893306
617.808904452226,0.949157379135889
618.309154577289,0.96079226989529
618.809404702351,0.9636029796381
619.309654827414,0.957263803801848
619.809904952476,0.952498866684208
620.310155077539,0.95777045534347
620.810405202601,0.973748073602492
621.310655327664,0.977807317501444
621.810905452726,0.956980320201178
622.311155577789,0.947764087396427
622.811405702851,0.958578685183678
623.311655827914,0.96182366767645
623.811905952977,0.961890014902139
624.312156078039,0.965533080749043
624.812406203102,0.961811604544507
625.312656328164,0.955321639558962
625.812906453227,0.957402529819197
626.313156578289,0.963651232165874
626.813406703352,0.964688661513005
627.313656828414,0.972342718731087
627.813906953477,0.981420225518489
628.314157078539,0.962649992214572
628.814407203602,0.948970400590767
629.314657328664,0.963379811697147
629.814907453727,0.963868368540855
630.315157578789,0.946551742636117
630.815407703852,0.938493570497931
631.315657828914,0.951606194920398
631.815907953977,0.96975517692923
632.316158079039,0.973615379151115
632.816408204102,0.972348750297059
633.316658329165,0.968892662995277
633.816908454227,0.96050878629462
634.31715857929,0.954827051149283
634.817408704352,0.952402361628661
635.317658829415,0.944018484928004
635.817908954477,0.94378928542108
636.31815907954,0.959947850659253
636.818409204602,0.964073441783893
637.318659329665,0.957987591718452
637.818909454727,0.962137309106978
638.31915957979,0.963180770020082
638.819409704852,0.957692044985839
639.319659829915,0.956757152260226
639.819909954977,0.960056418846743
640.32016008004,0.965436575693496
640.820410205103,0.960810364593205
641.320660330165,0.953228686166784
641.820910455228,0.954223894552114
642.32116058029,0.949561494055993
642.821410705353,0.950056082465672
643.321660830415,0.957197456576159
643.821910955478,0.946503490108343
644.32216108054,0.934651462973961
644.822411205603,0.942534719698967
645.322661330665,0.949995766805955
645.822911455728,0.947920908111691
646.32316158079,0.949549430924049
646.823411705853,0.951003038323228
647.323661830916,0.948934211194936
647.823911955978,0.955122597881896
648.324162081041,0.96804824375924
648.824412206103,0.968916789259164
649.324662331166,0.951159859038492
649.824912456228,0.936286017352291
650.325162581291,0.939398305393686
650.825412706353,0.944838777900155
651.325662831416,0.943958169268287
651.825912956478,0.948427559653314
652.326163081541,0.955092440052038
652.826413206603,0.948668822292182
653.326663331666,0.933933706623329
653.826913456728,0.930350956436142
654.327163581791,0.937558677772318
654.827413706853,0.947745992698512
655.327663831916,0.952915044736256
655.827913956978,0.950411944858002
656.328164082041,0.95485117741317
656.828414207104,0.959320567798196
657.328664332166,0.95556290219783
657.828914457229,0.952191256819652
658.329164582291,0.950424007989945
658.829414707354,0.951708731541916
659.329664832416,0.958735505898942
659.829914957479,0.959284378402366
660.330165082541,0.948300896767908
660.830415207604,0.942890582091297
661.330665332666,0.946702531785409
661.830915457729,0.948325023031795
662.331165582791,0.948530096274833
662.831415707854,0.952106814896048
663.331665832916,0.958759632162829
663.831915957979,0.956962225503263
664.332166083042,0.948475812181088
664.832416208104,0.951925867916897
665.332666333167,0.958759632162829
665.832916458229,0.95460388320833
666.333166583292,0.941810931782364
666.833416708354,0.941153491091449
667.333666833417,0.954109294798651
667.833916958479,0.949048810948399
668.334167083542,0.933282297498386
668.834417208604,0.940508113532478
669.334667333667,0.952474740420322
669.834917458729,0.955906701458217
670.335167583792,0.967734602328712
670.835417708854,0.969851681984777
671.335667833917,0.957402529819197
671.83591795898,0.957830771003187
672.336168084042,0.96502642920742
672.836418209105,0.963277275075629
673.336668334167,0.956992383333122
673.83691845923,0.949452925868502
674.337168584292,0.951123669642662
674.837418709355,0.957619666194178
675.337668834417,0.961600499735497
675.83791895948,0.965888943141373
676.338169084542,0.960635449180026
676.838419209605,0.947534887889503
677.338669334667,0.944163242511325
677.83891945973,0.948753264215786
678.339169584792,0.947106646705513
678.839419709855,0.951551910826652
679.339669834917,0.961081785061932
679.83991995998,0.957559350534461
680.340170085042,0.961081785061931
680.840420210105,0.969272651651494
681.340670335168,0.964073441783893
681.84092046023,0.961709067922988
682.341170585293,0.962034772485459
682.841420710355,0.953138212677208
683.341670835418,0.938173897501431
683.84192096048,0.942432183077448
684.342171085543,0.966630825755892
684.842421210605,0.970322144130569
685.342671335668,0.948186297014446
685.84292146073,0.936949489609177
686.343171585793,0.944121021549523
686.843421710855,0.944905125125844
687.343671835918,0.952643624267529
687.843921960981,0.9690796415404
688.344172086043,0.965894974707345
688.844422211106,0.965545143880986
689.344672336168,0.978386347834726
689.844922461231,0.977662559918123
690.345172586293,0.963241085679799
690.845422711356,0.953849937461868
691.345672836418,0.957444750780999
691.845922961481,0.962505234631252
692.346173086543,0.967366676804438
692.846423211606,0.968693621318211
693.346673336668,0.955804164836698
693.846923461731,0.953825811197982
694.347173586793,0.964875640058128
694.847423711856,0.960973216874441
695.347673836918,0.958536464221876
695.847923961981,0.96381408444711
696.348174087044,0.958204728093433
696.848424212106,0.949905293316379
697.348674337169,0.949802756694861
697.848924462231,0.959567862003036
698.349174587294,0.964827387530354
698.849424712356,0.952619498003642
699.349674837419,0.943970232400231
699.849924962481,0.945833986285485
700.350175087544,0.9500500508997
700.850425212606,0.953337254354274
701.350675337669,0.953765495538265
701.850925462731,0.951232237830152
702.351175587794,0.946805068406928
702.851425712856,0.951714763107888
703.351675837919,0.961576373471611
703.851925962981,0.961992551523658
704.352176088044,0.957474908610857
704.852426213107,0.958240917489263
705.352676338169,0.952124909593963
705.852926463232,0.942962960882958
706.353176588294,0.941835058046251
706.853426713357,0.944476883941853
707.353676838419,0.952082688632162
707.853926963482,0.961154163853592
708.354177088544,0.96154018407578
708.854427213607,0.95357248542717
709.354677338669,0.953542327597312
709.854927463732,0.951039227719058
710.355177588794,0.945206703424428
710.855427713857,0.953765495538265
711.355677838919,0.967855233648146
711.855927963982,0.963802021315166
712.356178089045,0.942064257553175
712.856428214107,0.928818938679331
713.35667833917,0.943258507615571
713.856928464232,0.966805741169071
714.357178589295,0.969441535498702
714.857428714357,0.963048075568704
715.35767883942,0.958439959166329
715.857928964482,0.961304953002884
716.358179089545,0.965303881242118
716.858429214607,0.954712451395821
717.35867933967,0.952728066191133
717.858929464732,0.958819947822546
718.359179589795,0.954778798621509
718.859429714857,0.952311888139086
719.35967983992,0.95623843758666
719.859929964982,0.959996103187026
720.360180090045,0.955116566315924
720.860430215107,0.953512169767453
721.36068034017,0.953958505649359
721.860930465233,0.948518033142889
722.361180590295,0.953150275809152
722.861430715358,0.961250668909139
723.36168084042,0.960291649919639
723.861930965483,0.957541255836546
724.362181090545,0.955623217857547
724.862431215608,0.947516793191588
725.36268134067,0.945942554472975
725.862931465733,0.956648584072735
726.363181590795,0.95865709554131
726.863431715858,0.94695585755622
727.36368184092,0.938994190473582
727.863931965983,0.942287425494128
728.364182091046,0.953886126857699
728.864432216108,0.961425584322318
729.364682341171,0.954676261999991
729.864932466233,0.949670062243483
730.365182591296,0.954658167302076
730.865432716358,0.96175128888479
731.365682841421,0.966112111082326
731.865932966483,0.971564646720739
732.366183091546,0.973235390494898
732.866433216608,0.967167635127372
733.366683341671,0.955960985551962
733.866933466733,0.944060705889806
734.367183591796,0.953246780864699
734.867433716858,0.964887703190071
735.367683841921,0.963259180377714
735.867933966984,0.967553655349561
736.368184092046,0.968524737471004
736.868434217109,0.965062618603251
737.368684342171,0.964411209478307
737.868934467234,0.960762112065432
738.369184592296,0.95485117741317
738.869434717359,0.952100783330077
739.369684842421,0.948747232649814
739.869934967484,0.952462677288378
740.370185092546,0.958476148562159
740.870435217609,0.957293961631707
741.370685342671,0.966383531551052
741.870935467734,0.972505571012323
742.371185592796,0.960460533766847
742.871435717859,0.953958505649359
743.371685842921,0.972783023047021
743.871935967984,0.97534040701902
744.372186093046,0.949495146830304
744.872436218109,0.943282633879458
745.372686343172,0.950303376670511
745.872936468234,0.958602811447565
746.373186593297,0.964791198134524
746.873436718359,0.961425584322318
747.373686843422,0.961341142398714
747.873936968484,0.966112111082326
748.374187093547,0.967746665460655
748.874437218609,0.962897286419412
749.374687343672,0.958319327846895
749.874937468734,0.95872947433297
750.375187593797,0.955816227968641
750.875437718859,0.947148867667314
751.375687843922,0.945972712302834
751.875937968985,0.958735505898942
752.376188094047,0.97153448889088
752.87643821911,0.965508954485156
753.376688344172,0.954863240545113
753.876938469235,0.951865552257181
754.377188594297,0.945659070872306
754.87743871936,0.947004110083994
755.377688844422,0.951280490357926
755.877938969485,0.946431111316683
756.378189094547,0.94716696236523
756.87843921961,0.95830123314898
757.378689344672,0.972668423293559
757.878939469735,0.978850778414547
758.379189594797,0.966461941908684
758.87943971986,0.95947738851346
759.379689844922,0.967632065707193
759.879939969985,0.966045763856637
760.380190095048,0.961516057811894
760.88044022011,0.965038492339364
761.380690345173,0.959634209228724
761.880940470235,0.948499938444974
762.381190595298,0.942040131289288
762.88144072036,0.939217358414535
763.381690845423,0.944687988750863
763.881940970485,0.952589340173784
764.382191095548,0.960297681485611
764.88244122061,0.955550839065887
765.382691345673,0.946485395410428
765.882941470735,0.954073105402821
766.383191595798,0.95979706150996
766.88344172086,0.957444750780999
767.383691845923,0.950586860271181
767.883941970985,0.948518033142889
768.384192096048,0.959730714284272
768.884442221111,0.970310080998626
769.384692346173,0.971763688397804
769.884942471236,0.964157883707496
770.385192596298,0.956407321433867
770.885442721361,0.956763183826197
771.385692846423,0.961660815395214
771.885942971486,0.964935955717845
772.386193096548,0.965834659047628
772.886443221611,0.969145988766089
773.386693346673,0.965726090860137
773.886943471736,0.961057658798045
774.387193596798,0.96598544819692
774.887443721861,0.963265211943685
775.387693846923,0.957257772235876
775.887943971986,0.958482180128131
776.388194097049,0.956503826489414
776.888444222111,0.948077728826956
777.388694347174,0.940333198119298
777.888944472236,0.939886862237393
778.389194597299,0.946002870132692
778.889444722361,0.957360308857395
779.389694847424,0.964344862252619
779.889944972486,0.963681389995732
780.390195097549,0.966636857321863
780.890445222611,0.964381051648449
781.390695347674,0.958940579141979
781.890945472736,0.957336182593509
782.391195597799,0.947076488875654
782.891445722861,0.943300728577373
783.391695847924,0.953132181111237
783.891945972986,0.959230094308621
784.392196098049,0.965321975940034
784.892446223112,0.973910925883728
785.392696348174,0.972366844994974
785.892946473237,0.967354613672495
786.393196598299,0.969375188273013
786.893446723362,0.963536632412412
787.393696848424,0.954338494305576
787.893946973487,0.951135732774605
788.394197098549,0.94560478677856
788.894447223612,0.951105574944747
789.394697348674,0.955201008239528
789.894947473737,0.941243964581024
790.395197598799,0.939953209463082
790.895447723862,0.947197120195088
791.395697848924,0.943174065691967
791.895947973987,0.950610986535068
792.39619809905,0.97181797249155
792.896448224112,0.966739393943382
793.396698349175,0.950635112798955
793.896948474237,0.955997174947792
794.3971985993,0.962197624766695
794.897448724362,0.962487139933337
795.397698849425,0.962583644988884
795.897948974487,0.960189113298121
796.39819909955,0.95072558628853
796.898449224612,0.947058394177739
797.398699349675,0.948318991465823
797.898949474737,0.944229589737014
798.3991995998,0.944911156691815
798.899449724862,0.952492835118237
799.399699849925,0.959857377169677
799.899949974988,0.957643792458065
800.40020010005,0.948650727594267
800.900450225113,0.948451685917201
801.400700350175,0.960834490857092
801.900950475238,0.964929924151873
802.4012006003,0.956944130805348
802.901450725363,0.945725418097994
803.401700850425,0.938457381102101
803.901950975488,0.94474830441058
804.40220110055,0.956371132038037
804.902451225613,0.966136237346212
805.402701350675,0.966878119960731
805.902951475738,0.962607771252771
806.4032016008,0.956696836600509
806.903451725863,0.955786070138783
807.403701850925,0.964803261266468
807.903951975988,0.955436239312424
808.40420210105,0.948584380368578
808.904452226113,0.963904557936685
809.404702351176,0.975641985317605
809.904952476238,0.977535897032717
810.405202601301,0.963307432905487
810.905452726363,0.950104334993445
811.405702851426,0.9597246827183
811.905952976488,0.962233814162525
812.406203101551,0.951738889371775
812.906453226613,0.951503658298879
813.406703351676,0.952492835118237
813.906953476738,0.951630321184284
814.407203601801,0.95111763807669
814.907453726863,0.950508449913549
815.407703851926,0.951147795906549
815.907953976988,0.954115326364623
816.408204102051,0.962475076801393
816.908454227114,0.975515322432199
817.408704352176,0.981269436369197
817.908954477239,0.97260207606787
818.409204602301,0.967517465953731
818.909454727364,0.9681206225509
819.409704852426,0.957155235614358
819.909954977489,0.953409633145935
820.410205102551,0.967601907877334
820.910455227614,0.963988999860289
821.410705352676,0.952613466437671
821.910955477739,0.956262563850547
822.411205602801,0.960086576676602
822.911455727864,0.961938267429912
823.411705852927,0.965321975940034
823.911955977989,0.972571918238012
824.412206103052,0.970527217373607
824.912456228114,0.951413184809303
825.412706353177,0.941533479747666
825.912956478239,0.951099543378775
826.413206603302,0.953542327597312
826.913456728364,0.94965799911154
827.413706853427,0.961624625999384
827.913956978489,0.975261996661388
828.414207103552,0.974936292098916
828.914457228614,0.972891591234512
829.414707353677,0.97366966324486
829.914957478739,0.968850442033476
830.415207603802,0.971956698508899
830.915457728864,0.980038996910971
831.415707853927,0.975539448696086
831.915957978989,0.969610419345909
832.416208104052,0.968597116262664
832.916458229115,0.962245877294469
833.416708354177,0.956708899732452
833.91695847924,0.958952642273923
834.417208604302,0.958379643506612
834.917458729365,0.960846553989035
835.417708854427,0.961769383582705
835.91795897949,0.954073105402821
836.418209104552,0.951250332528068
836.918459229615,0.951099543378775
837.418709354677,0.957390466687254
837.91895947974,0.959736745850243
838.419209604802,0.946008901698664
838.919459729865,0.94442863141408
839.419709854927,0.957571413666405
839.91995997999,0.963271243509657
840.420210105053,0.962270003558356
840.920460230115,0.958108223037885
841.420710355178,0.959712619586357
841.92096048024,0.968729810714042
842.421210605303,0.962076993447261
842.921460730365,0.95079796508019
843.421710855428,0.952245540913397
843.92196098049,0.949507209962247
844.422211105553,0.945803828455626
844.922461230615,0.954030884441019
845.422711355678,0.957842834135131
845.92296148074,0.953331222788303
846.423211605803,0.953258843996642
846.923461730865,0.9545676938125
847.423711855928,0.9587656637288
847.92396198099,0.962764591968035
848.424212106053,0.960297681485611
848.924462231116,0.956425416131782
849.424712356178,0.954742609225679
849.924962481241,0.962903317985384
850.425212606303,0.98330810566763
850.925462731366,0.992530370038353
851.425712856428,0.97633561540435
851.925962981491,0.960291649919639
852.426213106553,0.960189113298121
852.926463231616,0.958566622051734
853.426713356678,0.956268595416518
853.926963481741,0.955677501951292
854.427213606803,0.951672542146086
854.927463731866,0.962149372238922
855.427713856928,0.976414025761982
855.927963981991,0.966618762623948
856.428214107054,0.946479363844456
856.928464232116,0.945580660514674
857.428714357179,0.949875135486521
857.928964482241,0.948741201083842
858.429214607304,0.962734434138176
858.929464732366,0.972686517991474
859.429714857429,0.963060138700648
859.929964982491,0.948204391712361
860.430215107554,0.942643287886458
860.930465232616,0.953301064958444
861.430715357679,0.966401626248967
861.930965482741,0.966160363610099
862.431215607804,0.955605123159632
862.931465732866,0.957547287402518
863.431715857929,0.966293058061477
863.931965982992,0.960689733273771
864.432216108054,0.956214311322773
864.932466233117,0.952456645722407
865.432716358179,0.943928011438429
865.932966483242,0.945055914275136
866.433216608304,0.944289905396731
866.933466733367,0.945001630181391
867.433716858429,0.954640072604161
867.933966983492,0.959501514777347
868.434217108554,0.96135923709663
868.934467233617,0.964682629947034
869.434717358679,0.968639337224466
869.934967483742,0.97082276410622
870.435217608804,0.977921917254906
870.935467733867,0.981685614421244
871.435717858929,0.966401626248967
871.935967983992,0.950623049667011
872.436218109054,0.949953545844153
872.936468234117,0.958029812680253
873.43671835918,0.966317184325363
873.936968484242,0.962607771252771
874.437218609305,0.953246780864699
874.937468734367,0.962076993447261
875.43771885943,0.970322144130569
875.937968984492,0.95453150441667
876.438219109555,0.948421528087342
876.938469234617,0.958596779881593
877.43871935968,0.962288098256271
877.938969484742,0.962028740919488
878.439219609805,0.955816227968641
878.939469734867,0.952100783330077
879.43971985993,0.944223558171042
879.939969984992,0.931581395894368
880.440220110055,0.935634608227347
880.940470235118,0.940755407737317
881.44072036018,0.942498530303137
881.940970485243,0.950900501701709
882.441220610305,0.951570005524567
882.941470735368,0.945954617604919
883.44172086043,0.948566285670663
883.941970985493,0.953494075069538
884.442221110555,0.961697004791044
884.942471235618,0.97221002427971
885.44272136068,0.976667351532793
885.942971485743,0.977626370522293
886.443221610805,0.976697509362652
886.943471735868,0.972722707387304
887.443721860931,0.959905629697451
887.943971985993,0.954380715267378
888.444222111056,0.959778966812045
888.944472236118,0.956835562617858
889.444722361181,0.954863240545113
889.944972486243,0.960731954235573
890.445222611306,0.963874400106827
890.945472736368,0.961425584322318
891.445722861431,0.964061378651949
891.945972986493,0.967559686915533
892.446223111556,0.96281887606178
892.946473236618,0.953940410951444
893.446723361681,0.951419216375275
893.946973486743,0.95346391723968
894.447223611806,0.943089623768363
894.947473736868,0.935580324133602
895.447723861931,0.94200997345943
895.947973986993,0.953011549791803
896.448224112056,0.959308504666253
896.948474237119,0.955840354232528
897.448724362181,0.95168460527803
897.948974487244,0.953482011937595
898.449224612306,0.965328007506005
898.949474737369,0.968699652884183
899.449724862431,0.958506306392017
899.949974987494,0.950707491590615
900.450225112556,0.94336104423709
900.950475237619,0.936201575428687
901.450725362681,0.936479027463385
901.950975487744,0.94720315176106
902.451225612806,0.956063522173481
902.951475737869,0.960291649919639
903.451725862931,0.968180938210617
903.951975987994,0.973452526869879
904.452226113057,0.971528457324908
904.952476238119,0.965798469651797
905.452726363182,0.967885391478004
905.952976488244,0.97260207606787
906.453226613307,0.961974456825742
906.953476738369,0.955629249423519
907.453726863432,0.966926372488505
907.953976988494,0.975901342654388
908.454227113557,0.964827387530355
908.954477238619,0.950387818594115
909.454727363682,0.95321662303484
909.954977488744,0.959392946589857
910.455227613807,0.960237365825894
910.955477738869,0.962089056579205
911.455727863932,0.96495405041576
911.955977988995,0.96015292390229
912.456228114057,0.958096159905942
912.95647823912,0.95936882032597
913.456728364182,0.957336182593509
913.956978489245,0.956196216624858
914.457228614307,0.943662622535674
914.95747873937,0.943928011438429
915.457728864432,0.967004782846137
915.957978989495,0.973784262998323
916.458229114557,0.966208616137873
916.95847923962,0.966148300478156
917.458729364682,0.96459818802343
917.958979489745,0.960002134752998
918.459229614807,0.959809124641904
918.95947973987,0.960695764839743
919.459729864932,0.964736914040779
919.959979989995,0.967270171748891
920.460230115058,0.962342382350016
920.96048024012,0.954338494305576
921.460730365183,0.959109462989187
921.960980490245,0.966124174214269
922.461230615308,0.956443510829697
922.96148074037,0.950472260517719
923.461730865433,0.953650895784802
923.961980990495,0.953934379385472
924.462231115558,0.948759295781757
924.96248124062,0.94418133720924
925.462731365683,0.950954785795454
925.962981490745,0.957541255836546
926.463231615808,0.958174570263574
926.96348174087,0.954308336475717
927.463731865933,0.946256195903504
927.963981990996,0.958228854357319
928.464232116058,0.971094184574946
928.964482241121,0.964344862252619
929.464732366183,0.964477556703996
929.964982491246,0.959971976923139
930.465232616308,0.947975192205437
930.965482741371,0.950623049667011
931.465732866433,0.962505234631252
931.965982991496,0.968717747582098
932.466233116558,0.960412281239073
932.966483241621,0.955761943874896
933.466733366683,0.966196553005929
933.966983491746,0.960026261016885
934.467233616808,0.939470684185346
934.967483741871,0.94026685089361
935.467733866933,0.954042947572963
935.967983991996,0.963904557936685
936.468234117059,0.964736914040779
936.968484242121,0.963627105901987
937.468734367184,0.964755008738694
937.968984492246,0.959863408735649
938.469234617309,0.961009406270271
938.969484742371,0.969061546842485
939.469734867434,0.97324142206087
939.969984992496,0.966522257568401
940.470235117559,0.955014029694406
940.970485242621,0.956479700225528
941.470735367684,0.958464085430216
941.970985492746,0.954507378152783
942.471235617809,0.954097231666708
942.971485742871,0.951949994180784
943.471735867934,0.952709971493218
943.971985992996,0.956491763357471
944.472236118059,0.959218031176678
944.972486243122,0.968416169283513
945.472736368184,0.973132853873379
945.972986493247,0.972089392960276
946.473236618309,0.977783191237557
946.973486743372,0.974821692345454
947.473736868434,0.964978176679647
947.973986993497,0.960104671374517
948.474237118559,0.960158955468262
948.974487243622,0.969387251404956
949.474737368684,0.982735106900319
949.974987493747,0.976438152025869
950.475237618809,0.957722202815697
950.975487743872,0.962951570513157
951.475737868935,0.969966281738239
951.975987993997,0.962849033891638
952.47623811906,0.949953545844153
952.976488244122,0.93919926371662
953.476738369185,0.946805068406928
953.976988494247,0.954615946340274
954.47723861931,0.951370963847501
954.977488744372,0.952842665944595
955.477738869435,0.958783758426715
955.977988994497,0.962559518724997
956.47823911956,0.975895311088416
956.978489244622,0.979417745615886
957.478739369685,0.96448961983594
957.978989494747,0.965068650169222
958.47923961981,0.972083361394304
958.979489744872,0.969013294314711
959.479739869935,0.968856473599447
959.979989994997,0.960315776183526
960.48024012006,0.945327334743862
960.980490245123,0.942975024014901
961.480740370185,0.945514313288985
961.980990495248,0.953590580125085
962.48124062031,0.965382291599751
962.981490745373,0.9771559083765
963.481740870435,0.984043956716177
963.981990995498,0.982487812695479
964.48224112056,0.98163736189347
964.982491245623,0.973838547092068
965.482741370685,0.956696836600509
965.982991495748,0.95065320749687
966.48324162081,0.94474830441058
966.983491745873,0.93269120403316
967.483741870935,0.940116061744317
967.983991995998,0.948349149295682
968.484242121061,0.944308000094646
968.984492246123,0.945375587271636
969.484742371186,0.957384435121282
969.984992496248,0.969978344870183
970.485242621311,0.973199201099068
970.985492746373,0.977463518241057
971.485742871436,0.978096832668085
971.985992996498,0.963367748565204
972.486243121561,0.954652135736104
972.986493246623,0.964001062992232
973.486743371686,0.969296777915381
973.986993496748,0.962372540179874
974.487243621811,0.957444750780999
974.987493746873,0.961528120943837
975.487743871936,0.961853825506308
975.987993996999,0.954374683701406
976.488244122061,0.944591483695316
976.988494247124,0.936997742136951
977.488744372186,0.935640639793319
977.988994497249,0.934289569015659
978.489244622311,0.941786805518477
978.989494747374,0.951551910826652
979.489744872436,0.949235789493521
979.989994997499,0.952498866684208
980.490245122561,0.953349317486218
980.990495247624,0.95239633006269
981.490745372686,0.966673046717693
981.990995497749,0.971287194686041
982.491245622811,0.967101287901684
982.991495747874,0.963729642523506
983.491745872936,0.94976656729903
983.991995997999,0.941750616122647
984.492246123061,0.943409296764863
984.992496248124,0.950984943625313
985.492746373187,0.956262563850547
985.992996498249,0.9545676938125
986.493246623312,0.960725922669601
986.993496748374,0.962740465704148
987.493746873437,0.961136069155677
987.993996998499,0.967059066939882
988.494247123562,0.968609179394608
988.994497248624,0.964332799120675
989.494747373687,0.967059066939882
989.994997498749,0.970207544377107
990.495247623812,0.960557038822394
990.995497748874,0.956775246958141
991.495747873937,0.965967353499005
991.995997999,0.972149708619993
992.496248124062,0.974411545859379
992.996498249125,0.972499539446351
993.496748374187,0.968024117495353
993.99699849925,0.965864816877486
994.497248624312,0.964007094558204
994.997498749375,0.9632833066416
995.497748874437,0.969640577175768
995.9979989995,0.973506810963625
996.498249124562,0.96175128888479
996.998499249625,0.94898246372271
997.498749374687,0.952999486659859
997.99899949975,0.959031052631555
998.499249624812,0.956654615638707
998.999499749875,0.96630512119342
999.499749874937,0.973687757942775
1000,0.963723610957534
