0,0.907059059175444
0.500250125062531,0.927564372957219
1.00050025012506,0.933336581592131
1.50075037518759,0.919090022766986
2.00100050025013,0.912063248409961
2.50125062531266,0.917576099708091
3.00150075037519,0.9271421633392
3.50175087543772,0.936183480730772
4.00200100050025,0.937709466921611
4.50225112556278,0.937251067907762
5.00250125062531,0.935550166303744
5.50275137568784,0.931466796140906
6.00300150075037,0.937769782581328
6.50325162581291,0.941274122410883
7.00350175087544,0.933782917474037
7.50375187593797,0.924645095026918
8.0040020010005,0.924349548294305
8.50425212606303,0.935809523640527
9.00450225112556,0.93831262351878
9.50475237618809,0.929820178630633
10.0050025012506,0.9277815093322
10.5052526263132,0.935290808966961
11.0055027513757,0.941672205765015
11.5057528764382,0.937576772470233
12.0060030015007,0.935345093060706
12.5062531265633,0.941816963348336
13.0065032516258,0.942564877528826
13.5067533766883,0.939356084431884
14.0070035017509,0.943409296764863
14.5072536268134,0.952221414649511
15.0075037518759,0.959851345603706
15.5077538769385,0.964604219589402
16.008004002001,0.963464253620751
16.5082541270635,0.953475980371623
17.0085042521261,0.94161792167127
17.5087543771886,0.939597347070751
18.0090045022511,0.947908844979748
18.5092546273137,0.951021133021143
19.0095047523762,0.944350221056448
19.5097548774387,0.945375587271636
20.0100050025013,0.9552070398055
20.5102551275638,0.961733194186875
21.0105052526263,0.958319327846895
21.5107553776888,0.954634041038189
22.0110055027514,0.956093680003339
22.5112556278139,0.956021301211679
23.0115057528764,0.959833250905791
23.511755877939,0.964815324398411
24.0120060030015,0.966793678037127
24.512256128064,0.96936312514107
25.0125062531266,0.968820284203617
25.5127563781891,0.965080713301166
26.0130065032516,0.967650160405108
26.5132566283142,0.969948187040324
27.0135067533767,0.969357093575098
27.5137568784392,0.973639505415002
28.0140070035017,0.972342718731087
28.5142571285643,0.965689901464307
29.0145072536268,0.963096328096478
29.5147573786893,0.949929419580266
30.0150075037519,0.936111101939111
30.5152576288144,0.953252812430671
31.0155077538769,0.977644465220208
31.5157578789395,0.977282571261906
32.016008004002,0.97462868223436
32.5162581290645,0.97185416188738
33.0165082541271,0.952028404538416
33.5167583791896,0.941256027712968
34.0170085042521,0.944669894052948
34.5172586293147,0.948578348802606
35.0175087543772,0.956093680003339
35.5177588794397,0.963753768787393
36.0180090045023,0.970328175696541
36.5182591295648,0.980708500733829
37.0185092546273,0.977819380633387
37.5187593796898,0.963711547825591
38.0190095047524,0.958011717982338
38.5192596298149,0.955906701458217
39.0195097548774,0.952902981604312
39.51975987994,0.947492666927701
40.0200100050025,0.951129701208634
40.520260130065,0.965527049183071
41.0205102551276,0.978024453876425
41.5207603801901,0.975328343887077
42.0210105052526,0.966425752512854
42.5212606303152,0.97320523266504
43.0215107553777,0.985322648702176
43.5217608804402,0.979116167317302
44.0220110055028,0.963367748565204
44.5222611305653,0.964163915273468
45.0225112556278,0.965056587037279
45.5227613806903,0.961570341905639
46.0230115057529,0.967915549307863
46.5232616308154,0.96249920306528
47.0235117558779,0.96054497569045
47.5237618809405,0.975720395675237
48.024012006003,0.97704734018901
48.5242621310655,0.973235390494898
49.0245122561281,0.980165659796377
49.5247623811906,0.984532513559884
50.0250125062531,0.97736701318551
50.5252626313157,0.969688829703541
51.0255127563782,0.977946043518793
51.5257628814407,0.982409402337847
52.0260130065032,0.973585221321257
52.5262631315658,0.983434768553036
53.0265132566283,0.999913006787708
53.5267633816908,0.986788319233298
54.0270135067534,0.970406586054173
54.5272636318159,0.976196889387001
55.0275137568784,0.979393619352
55.527763881941,0.968639337224466
56.0280140070035,0.962131277541006
56.528264132066,0.963132517492308
57.0285142571286,0.96285506545761
57.5287643821911,0.971299257817984
58.0290145072536,0.984912502216101
58.5292646323162,0.98576295301811
59.0295147573787,0.972427160654691
59.5297648824412,0.971793846227663
60.0300150075037,0.987385444264496
60.5302651325663,0.987578454375591
61.0305152576288,0.970255796904881
61.5307653826913,0.961998583089629
62.0310155077539,0.969061546842485
62.5312656328164,0.976492436119614
63.0315157578789,0.980575806282452
63.5317658829415,0.986052468184752
64.032016008004,0.995274732555474
64.5322661330665,1.00520269014489
65.0325162581291,1.01090251998814
65.5327663831916,1.00047997398905
66.0330165082541,0.98647467780277
66.5332666333167,0.983078906160706
67.0335167583792,0.983241758441941
67.5337668834417,0.985551848209101
68.0340170085043,0.982620507146857
68.5342671335668,0.979520282237405
69.0345172586293,0.983573494570385
69.5347673836918,0.987252749813119
70.0350175087544,0.991492940691221
70.5352676338169,0.991480877559278
71.0355177588794,0.987747338222798
71.535767883942,0.985322648702176
72.0360180090045,0.981034205296301
72.536268134067,0.981221183841423
73.0365182591296,0.983277947837772
73.5367683841921,0.981583077799725
74.0370185092546,0.973784262998323
74.5372686343172,0.975521353998171
75.0375187593797,0.989019998642826
75.5377688844422,0.993585894083399
76.0380190095048,0.99259068569807
76.5382691345673,0.99991903835368
77.0385192596298,1.0120605806547
77.5387693846923,1.00516046918308
78.0390195097549,0.993965882739616
78.5392696348174,0.994225240076399
79.0395197598799,0.99195133970507
79.5397698849425,0.988229863500534
80.040020010005,0.988139390010958
80.5402701350675,0.992162444514079
81.0405202601301,1.00137867731883
81.5407703851926,1.00148724550632
82.0410205102551,0.985449311587582
82.5412706353177,0.978030485442396
83.0415207603802,0.974960418362803
83.5417708854427,0.968579021564749
84.0420210105053,0.971124342404805
84.5422711355678,0.982590349316998
85.0425212606303,0.998881609006548
85.5427713856928,1.00893622948136
86.0430215107554,1.00931018657161
86.5432716358179,1.00745246425233
87.0435217608804,1.00729564353706
87.543771885943,1.00322433650617
88.0440220110055,0.99429761886806
88.544272136068,0.99088375252808
89.0445222611306,0.997132454874757
89.5447723861931,1.0039843138186
90.0450225112556,0.998670504197539
90.5452726363182,0.987970506163751
91.0455227613807,0.993845251420182
91.5457728864432,0.997241023062247
92.0460230115058,0.978953315036066
92.5462731365683,0.981215152275452
93.0465232616308,1.00292878977356
93.5467733866933,1.00511824822128
94.0470235117559,0.99991903835368
94.5472736368184,0.99582963662487
95.0475237618809,0.994695702222191
95.5477738869435,1.0043462077769
96.048024012006,1.00981080654726
96.5482741370685,1.0080133998877
97.0485242621311,1.00169231874936
97.5487743871936,0.993465262763966
98.0490245122561,0.991330088409985
98.5492746373187,0.998260357711464
99.0495247623812,1.00332687312769
99.5497748874437,1.00324243120408
100.050025012506,1.01108949853326
100.550275137569,1.01204851752276
101.050525262631,1.00312179988465
101.550775387694,0.998857482742662
102.051025512756,0.996372477562323
102.551275637819,1.00342337818324
103.051525762881,1.02033588916787
103.551775887944,1.02006446869914
104.052026013006,1.01084220432842
104.552276138069,1.01756740038686
105.052526263132,1.01867720852565
105.552776388194,1.00931621813758
106.053026513257,1.01122219298464
106.553276638319,1.01334530420667
107.053526763382,1.00341131505129
107.553776888444,0.989128566830316
108.054027013507,0.984110303941865
108.554277138569,0.994888712333286
109.054527263632,1.00006982750297
109.554777388694,0.998290515541322
110.055027513757,1.00194564452017
110.555277638819,0.998682567329482
111.055527763882,1.00598679372121
111.555777888944,1.02004637400123
112.056028014007,1.01780866302573
112.55627813907,1.01130060334227
113.056528264132,1.00127010913134
113.556778389195,0.994490628979154
114.057028514257,0.996758497784511
114.55727863932,1.00735595919678
115.057528764382,1.01168662356446
115.557778889445,0.997470222569171
116.058029014507,0.988561599628977
116.55827913957,0.996698182124794
117.058529264632,0.998676535763511
117.558779389695,0.983205569046111
118.059029514757,0.982813517257951
118.55927963982,1.00687946548502
119.059529764882,1.01558904674815
119.559779889945,1.00358623046447
120.060030015007,1.00386368249917
120.56028014007,1.0113367927381
121.060530265133,1.01711503293898
121.560780390195,1.01441289138366
122.061030515258,0.993610020347286
122.56128064032,0.988362557951911
123.061530765383,1.00167422405144
123.561780890445,1.00362845142627
124.062031015508,0.999979354013397
124.56228114057,1.00479254365881
125.062531265633,1.01506430050861
125.562781390695,1.02106570865044
126.063031515758,1.01850832467845
126.56328164082,1.0089724188772
127.063531765883,0.999442544641916
127.563781890945,0.996969602593521
128.064032016008,1.00741024329053
128.564282141071,1.02079428818172
129.064532266133,1.01544428916482
129.564782391196,1.0026634008708
130.065032516258,0.999587302225237
130.565282641321,0.996312161902606
131.065532766383,0.99024440653508
131.565782891446,0.992108160420334
132.066033016508,0.99845939938853
132.566283141571,1.01183741271375
133.066533266633,1.02611412936875
133.566783391696,1.01523318435582
134.067033516758,1.00127010913134
134.567283641821,1.00845370420363
135.067533766883,1.01860482973399
135.567783891946,1.02072794095603
136.068034017009,1.01175900235612
136.568284142071,1.00754896930787
137.068534267134,1.01849022998053
137.568784392196,1.02717568497977
138.069034517259,1.0254446255459
138.569284642321,1.01940099644226
139.069534767384,1.01984733232416
139.569784892446,1.02289930470584
140.070035017509,1.01434654415798
140.570285142571,1.00709660186
141.070535267634,1.01445511234547
141.570785392696,1.01633696092864
142.071035517759,1.0101425426757
142.571285642821,1.01043205784235
143.071535767884,1.01708487510913
143.571785892946,1.02894293380948
144.072036018009,1.03030003615311
144.572286143072,1.01756136882089
145.072536268134,1.01314023096364
145.572786393197,1.01619220334531
146.073036518259,1.01599316166825
146.573286643322,1.01131869804018
147.073536768384,1.00663820284615
147.573786893447,1.00698803367251
148.074037018509,1.01444908077949
148.574287143572,1.02410561790018
149.074537268634,1.02531796266049
149.574787393697,1.01829118830346
150.075037518759,1.00786864230437
150.575287643822,1.00604710938092
151.075537768884,1.00915336585635
151.575787893947,1.00652963465866
152.07603801901,1.00572140481845
152.576288144072,1.00719310691554
153.076538269135,1.01117394045686
153.576788394197,1.01151170815128
154.07703851926,1.00779023194674
154.577288644322,1.01120409828672
155.077538769385,1.01984733232416
155.577788894447,1.02822517745885
156.07803901951,1.02282089434821
156.578289144572,1.00812799964116
157.078539269635,1.00251261172151
157.578789394697,0.99856796757602
158.07903951976,0.990147901479533
158.579289644822,0.990823436868363
159.079539769885,1.00250054858957
159.579789894947,1.01257929532827
160.08004002001,1.02053493084494
160.580290145073,1.02949783787888
161.080540270135,1.03584907684707
161.580790395198,1.03683825366643
162.08104052026,1.02762202086168
162.581290645323,1.0120605806547
163.081540770385,1.00397828225263
163.581790895448,0.999792375468274
164.08204102051,0.999062555985699
164.582291145573,1.01507636364055
165.082541270635,1.02988385810106
165.582791395698,1.01970860630681
166.08304152076,1.00560680506499
166.583291645823,1.00861052491889
167.083541770885,1.02153013923027
167.583791895948,1.02095110889698
168.084042021011,1.0093343128355
168.584292146073,1.01208470691859
169.084542271136,1.01502811111278
169.584792396198,1.01610776142171
170.085042521261,1.02210313799758
170.585292646323,1.01935877548045
171.085542771386,1.02090888793518
171.585792896448,1.02496813183413
172.086043021511,1.02498019496608
172.586293146573,1.0252516154348
173.086543271636,1.02295962036556
173.586793396698,1.02332151432386
174.087043521761,1.02323104083428
174.587293646823,1.02419005982378
175.087543771886,1.02495606870219
175.587793896948,1.02184378066079
176.088044022011,1.01791723121322
176.588294147074,1.01812833602223
177.088544272136,1.02011875279289
177.588794397199,1.01464209089059
178.089044522261,1.01204248595679
178.589294647324,1.01791723121322
179.089544772386,1.02327929336206
179.589794897449,1.02610809780278
180.090045022511,1.02503447905982
180.590295147574,1.02501638436191
181.090545272636,1.0286835764727
181.590795397699,1.02910578609072
182.091045522761,1.02706711679228
182.591295647824,1.02522145760494
183.091545772886,1.02779693627486
183.591795897949,1.02856294515326
184.092046023012,1.02095714046295
184.592296148074,1.01297134711643
185.092546273137,1.00443064970051
185.592796398199,1.0033027468638
186.093046523262,1.02432275427516
186.593296648324,1.04042703541959
187.093546773387,1.02963656389622
187.593796898449,1.01942512270614
188.094047023512,1.02175933873719
188.594297148574,1.02496813183413
189.094547273637,1.01540809976899
189.594797398699,1.01606554045991
190.095047523762,1.03098763467388
190.595297648824,1.02995020532675
191.095547773887,1.03115048695512
191.595797898949,1.01990764798388
192.096048024012,0.997222928364332
192.596298149075,1.00492523811019
193.096548274137,1.02022732098038
193.5967983992,1.02194028571634
194.097048524262,1.01664457079319
194.597298649325,1.01944321740406
195.097548774387,1.02624079225416
195.59779889945,1.02306215698708
196.098049024512,1.02516114194523
196.598299149575,1.02598746648335
197.098549274637,1.02994417376078
197.5987993997,1.03537861470128
198.099049524762,1.01943718583809
198.599299649825,1.00246435919374
199.099549774887,1.00489508028033
199.59979989995,1.01672298115082
200.100050025013,1.01779056832781
200.600300150075,1.01962416438321
201.100550275138,1.02800200951789
201.6008004002,1.02581255107017
202.101050525263,1.02083650914352
202.601300650325,1.01832134613332
203.101550775388,1.01547444699468
203.60180090045,1.01367100876915
204.102051025513,1.01698837005358
204.602301150575,1.02570398288268
205.102551275638,1.03855121840239
205.6028014007,1.0326040943543
206.103051525763,1.02362912418842
206.603301650825,1.03857534466628
207.103551775888,1.04042100385362
207.60380190095,1.03375009188892
208.104052026013,1.03862359719405
208.604302151076,1.03580685588527
209.104552276138,1.02098126672684
209.604802401201,1.0104199947104
210.105052526263,1.0125310428005
210.605302651326,1.01396655550176
211.105552776388,1.01148155032142
211.605802901451,1.01625251900503
212.106053026513,1.02892483911156
212.606303151576,1.03685031679837
213.106553276638,1.03001052098647
213.606803401701,1.02483543738275
214.107053526763,1.02792359916026
214.607303651826,1.02884039718796
215.107553776888,1.02053493084494
215.607803901951,1.01738645340771
216.108054027014,1.02992607906287
216.608304152076,1.03723030545459
217.108554277139,1.03530623590962
217.608804402201,1.03035432024686
218.109054527264,1.02513098411537
218.609304652326,1.02273042085863
219.109554777389,1.02605984527501
219.609804902451,1.02458211161194
220.110055027514,1.02257360014337
220.610305152576,1.03330978757299
221.110555277639,1.0317717382502
221.610805402701,1.01926830199088
222.111055527764,1.0226097895392
222.611305652826,1.03292979891677
223.111555777889,1.03566812986792
223.611805902951,1.02960640606637
224.112056028014,1.02432275427516
224.612306153077,1.03798425120105
225.112556278139,1.04814140829739
225.612806403202,1.03929310101691
226.113056528264,1.0333278822709
226.613306653327,1.03084890865654
227.113556778389,1.02838199817411
227.613806903452,1.02484146894873
228.114057028514,1.02392467092103
228.614307153577,1.0190933865777
229.114557278639,1.01645759224807
229.614807403702,1.03057748818781
230.115057528764,1.02985973183718
230.615307653827,1.02505860532371
231.115557778889,1.0314098442919
231.615807903952,1.02855691358729
232.116058029015,1.02811660927136
232.616308154077,1.02532399422646
233.11655827914,1.02423831235156
233.616808404202,1.02985370027121
234.117058529265,1.02613825563264
234.617308654327,1.02128284502543
235.11755877939,1.01943115427212
235.617808904452,1.01854451407428
236.118059029515,1.01533572097733
236.618309154577,1.01133076117213
237.11855927964,1.01694011752581
237.618809404702,1.025209394473
238.119059529765,1.03560178264223
238.619309654827,1.04157906452018
239.11955977989,1.03373199719101
239.619809904952,1.03080668769473
240.120060030015,1.0342446802986
240.620310155078,1.03177776981618
241.12056028014,1.03099366623986
241.620810405203,1.03665730668728
242.121060530265,1.03572844552764
242.621310655328,1.03268250471193
243.12156078039,1.03415420680902
243.621810905453,1.03596367660053
244.122061030515,1.04034862506196
244.622311155578,1.03175364355229
245.12256128064,1.0212888765914
245.622811405703,1.02784518880263
246.123061530765,1.0321999794342
246.623311655828,1.02929879620181
247.12356178089,1.02514304724731
247.623811905953,1.02079428818172
248.124062031016,1.0203298576019
248.624312156078,1.02375578707382
249.124562281141,1.02893690224351
249.624812406203,1.03345454515631
250.125062531266,1.02861119768104
250.625312656328,1.02598143491738
251.125562781391,1.03571035082972
251.625812906453,1.03887692296486
252.126063031516,1.029684816424
252.626313156578,1.02198853824411
253.126563281641,1.02584270890003
253.626813406703,1.03723030545459
254.127063531766,1.04236919966247
254.627313656828,1.03394913356599
255.127563781891,1.02690426451105
255.627813906953,1.02121649779974
256.128064032016,1.01633092936266
256.628314157079,1.01908132344576
257.128564282141,1.02051683614702
257.628814407204,1.02809248300747
258.129064532266,1.03020353109756
258.629314657329,1.02093904576504
259.129564782391,1.0232491355322
259.629814907454,1.02496210026816
260.130065032516,1.01960003811932
260.630315157579,1.02639761296942
261.130565282641,1.03952833208981
261.630815407704,1.04013148868698
262.131065532766,1.03332185070493
262.631315657829,1.03557162481237
263.131565782891,1.03137365489607
263.631815907954,1.0190089446541
264.132066033016,1.02577033010837
264.632316158079,1.03670555921505
265.132566283142,1.03589129780887
265.632816408204,1.03662714885742
266.133066533267,1.03245330520501
266.633316658329,1.02192219101843
267.133566783392,1.03022765736145
267.633816908454,1.04450437401645
268.134067033517,1.04213396858958
268.634317158579,1.04486023640878
269.134567283642,1.04512562531154
269.634817408704,1.0340094492257
270.135067533767,1.03764045194066
270.635317658829,1.04424501667967
271.135567783892,1.04271903048883
271.635817908954,1.04377455453388
272.136068034017,1.03423261716666
272.63631815908,1.02529986796258
273.136568284142,1.02814073553524
273.636818409205,1.0339672282639
274.137068534267,1.04007720459323
274.63731865933,1.03861153406211
275.137568784392,1.04289997746798
275.637818909455,1.04258633603746
276.138069034517,1.03099969780583
276.63831915958,1.03331581913896
277.138569284642,1.03729665268028
277.638819409705,1.02736869509087
278.139069534767,1.01904513404993
278.63931965983,1.02665093874023
279.139569784892,1.04028830940224
279.639819909955,1.03902771211415
280.140070035018,1.03039050964269
280.64032016008,1.03536052000336
281.140570285143,1.03867184972182
281.640820410205,1.03106001346554
282.141070535268,1.03123492887872
282.64132066033,1.03861153406211
283.141570785393,1.04148859103061
283.641820910455,1.04133780188131
284.142071035518,1.04311108227699
284.64232116058,1.04466119473172
285.142571285643,1.05046959276246
285.642821410705,1.04907026945703
286.143071535768,1.03421452246874
286.64332166083,1.02896706007337
287.143571785893,1.03074034046904
287.643821910955,1.03042066747254
288.144072036018,1.03345454515631
288.644322161081,1.03286948325705
289.144572286143,1.02538430988618
289.644822411206,1.03390691260419
290.145072536268,1.0394016692044
290.645322661331,1.02848453479563
291.145572786393,1.03340629262853
291.645822911456,1.03741125243374
292.146073036518,1.03218188473628
292.646323161581,1.02954609040665
293.146573286643,1.02828549311856
293.646823411706,1.03314090372578
294.147073536768,1.0408070240758
294.647323661831,1.04230285243679
295.147573786893,1.03590939250679
295.647823911956,1.02952196414276
296.148074037018,1.02635539200762
296.648324162081,1.02475099545915
297.148574287144,1.02741694761864
297.648824412206,1.03791790397536
298.149074537269,1.05013785663402
298.649324662331,1.0539136169323
299.149574787394,1.04843695503
299.649824912456,1.03692269559003
300.150075037519,1.03717602136084
300.650325162581,1.04864805983901
301.150575287644,1.04178413776322
301.650825412706,1.03009496291007
302.151075537769,1.03340629262853
302.651325662831,1.03867184972182
303.151575787894,1.03664524355533
303.651825912956,1.03455229016316
304.152076038019,1.03917246969748
304.652326163082,1.03844868178087
305.152576288144,1.0326040943543
305.652826413207,1.03391294417016
306.153076538269,1.03865978658988
306.653326663332,1.03545099349294
307.153576788394,1.02925054367404
307.653826913457,1.03935341667663
308.154077038519,1.04934168992575
308.654327163582,1.04343678683946
309.154577288644,1.0436840810443
309.654827413707,1.05136829609224
310.155077538769,1.05552404504674
310.655327663832,1.04482404701295
311.155577788894,1.03087906648639
311.655827913957,1.04472754195741
312.15607803902,1.06008390892134
312.656328164082,1.05089783394645
313.156578289145,1.03770076760038
313.656828414207,1.03501672074298
314.15707853927,1.03391897573613
314.657328664332,1.03058351975378
315.157578789395,1.03742331556568
315.657828914457,1.04358757598876
316.15807903952,1.03409389114931
316.658329164582,1.02995623689272
317.158579289645,1.04527641446083
317.658829414707,1.04856964948138
318.15907953977,1.02990195279898
318.659329664832,1.02227202184478
319.159579789895,1.03083684552459
319.659829914957,1.03621097080537
320.16008004002,1.04215206328749
320.660330165083,1.04590369732189
321.160580290145,1.03763442037469
321.660830415208,1.03911818560373
322.16108054027,1.05137432765822
322.661330665333,1.04373233357208
323.161580790395,1.02669919126801
323.661830915458,1.03006480508021
324.16208104052,1.03653064380187
324.662331165583,1.04016767808281
325.162581290645,1.05303300830043
325.662831415708,1.05858204899439
326.16308154077,1.05509580386275
326.663331665833,1.04978802580766
327.163581790895,1.04282759867632
327.663831915958,1.04155493825629
328.16408204102,1.04055972987097
328.664332166083,1.037568073149
329.164582291146,1.03857534466628
329.664832416208,1.034799584368
330.165082541271,1.03521576242004
330.665332666333,1.0374836312254
331.165582791396,1.03057748818781
331.665832916458,1.03725443171848
332.166083041521,1.04407010126649
332.666333166583,1.03505894170478
333.166583291646,1.02780296784083
333.666833416708,1.02118030840391
334.167083541771,1.02615031876458
334.667333666833,1.04590972888786
335.167583791896,1.05177241101235
335.667833916959,1.04165144331184
336.168084042021,1.03414214367708
336.668334167084,1.03642810718035
337.168584292146,1.03953436365578
337.668834417209,1.03445578510761
338.169084542271,1.03090319275028
338.669334667334,1.03477545810411
339.169584792396,1.04029434096821
339.669834917459,1.04328599769017
340.170085042521,1.04233904183262
340.670335167584,1.0400832361592
341.170585292646,1.04269490422495
341.670835417709,1.04416057475607
342.171085542771,1.04271299892286
342.671335667834,1.04220634738124
343.171585792896,1.03730871581222
343.671835917959,1.0340094492257
344.172086043022,1.03563797203806
344.672336168084,1.03427483812846
345.172586293147,1.02583064576808
345.672836418209,1.02323707240026
346.173086543272,1.02443132246265
346.673336668334,1.02125871876154
347.173586793397,1.02976322678163
347.673836918459,1.03900961741624
348.174087043522,1.03332185070493
348.674337168584,1.03086097178848
349.174587293647,1.03948007956203
349.674837418709,1.0432377451624
350.175087543772,1.04525228819694
350.675337668834,1.04699541076276
351.175587793897,1.04688684257527
351.675837918959,1.04767094615159
352.176088044022,1.03359327117366
352.676338169085,1.01955178559155
353.176588294147,1.02270629459475
353.67683841921,1.02533002579243
354.177088544272,1.02261582110517
354.677338669335,1.02325516709817
355.177588794397,1.02662681247635
355.67783891946,1.02965465859414
356.178089044522,1.03405167018751
356.678339169585,1.0413197071834
357.178589294647,1.04781570373492
357.67883941971,1.04904614319314
358.179089544772,1.03820138757603
358.679339669835,1.02377388177174
359.179589794897,1.02505860532371
359.67983991996,1.03406976488542
360.180090045022,1.0364401703123
360.680340170085,1.0342446802986
361.180590295148,1.03615065514566
361.68084042021,1.03796615650314
362.181090545273,1.02927466993792
362.681340670335,1.0268922013791
363.181590795398,1.03133143393427
363.68184092046,1.02712140088603
364.182091045523,1.02513701568134
364.682341170585,1.0291721333164
365.182591295648,1.03068002480933
365.68284142071,1.02495606870219
366.183091545773,1.02666300187218
366.683341670835,1.03929310101691
367.183591795898,1.04223047364512
367.683841920961,1.03648842284007
368.184092046023,1.03527607807976
368.684342171086,1.04483007857893
369.184592296148,1.05227906255397
369.684842421211,1.04978802580766
370.185092546273,1.04882900681816
370.685342671336,1.04900995379731
371.185592796398,1.04663351680446
371.685842921461,1.04041497228764
372.186093046523,1.03510116266658
372.686343171586,1.03606621322205
373.186593296648,1.03627731803106
373.686843421711,1.03487196315966
374.187093546773,1.03443165884372
374.687343671836,1.03304439867023
375.187593796898,1.03313487215981
375.687843921961,1.02943752221916
376.188094047024,1.02211520112952
376.688344172086,1.02411164946615
377.188594297149,1.02902737573308
377.688844422211,1.02621666599027
378.189094547274,1.0245278275182
378.689344672336,1.03657286476367
379.189594797399,1.04480595231504
379.689844922461,1.03778520952399
380.190095047524,1.03740522086777
380.690345172586,1.03818329287812
381.190595297649,1.04069242432234
381.690845422711,1.05140448548807
382.191095547774,1.04782776686686
382.691345672836,1.03453419546524
383.191595797899,1.03353898707991
383.691845922961,1.04081305564178
384.192096048024,1.04128351778757
384.692346173087,1.04036671975987
385.192596298149,1.04213396858958
385.692846423212,1.03666333825325
386.193096548274,1.03633160212481
386.693346673337,1.0429180721659
387.193596798399,1.03417833307291
387.693846923462,1.0287257974345
388.194097048524,1.03874422851348
388.694347173587,1.04146446476672
389.194597298649,1.04533069855458
389.694847423712,1.04963723665837
390.195097548774,1.04436564799911
390.695347673837,1.04183239029099
391.195597798899,1.03716998979487
391.695847923962,1.03340629262853
392.196098049024,1.03583701371513
392.696348174087,1.03443165884372
393.19659829915,1.03208537968073
393.696848424212,1.02763408399362
394.197098549275,1.03095747684403
394.697348674337,1.04143430693686
395.1975987994,1.03764045194066
395.697848924462,1.03937754294051
396.198099049525,1.04569259251288
396.698349174587,1.03761632567678
397.19859929965,1.03637985465258
397.698849424712,1.03541480409711
398.199099549775,1.03388881790627
398.699349674837,1.0435151971971
399.1995997999,1.04344884997141
399.699849924963,1.04049941421125
400.200100050025,1.04682652691556
400.700350175088,1.05391964849827
401.20060030015,1.04719445243983
401.700850425213,1.03169332789257
402.201100550275,1.03722427388862
402.701350675338,1.05054197155412
403.2016008004,1.05434185811629
403.701850925463,1.05586784430713
404.202101050525,1.05212827340468
404.702351175588,1.04259236760343
405.20260130065,1.03173554885437
405.702851425713,1.03172348572243
406.203101550775,1.04065623492651
406.703351675838,1.04291204059993
407.2036018009,1.04135589657923
407.703851925963,1.03823757697186
408.204102051026,1.03251965243069
408.704352176088,1.02931085933375
409.204602301151,1.03136159176413
409.704852426213,1.03973340533284
410.205102551276,1.04217015798541
410.705352676338,1.04136795971117
411.205602801401,1.04367804947833
411.705852926463,1.0365668331977
412.206103051526,1.03885279670098
412.706353176588,1.05731542014034
413.206603301651,1.05732748327228
413.706853426713,1.03589129780887
414.207103551776,1.0243348174071
414.707353676838,1.03531829904156
415.207603801901,1.0355655932464
415.707853926963,1.01242850617898
416.208104052026,1.0094187547591
416.708354177089,1.03379834441669
417.208604302151,1.04458881594006
417.708854427214,1.03066796167738
418.209104552276,1.02238059003227
418.709354677339,1.02780296784083
419.209604802401,1.03682619053449
419.709854927464,1.03957055305161
420.210105052526,1.03527004651379
420.710355177589,1.04241142062428
421.210605302651,1.04418470101995
421.710855427714,1.03645223344424
422.211105552776,1.04141018067297
422.711355677839,1.04616908622464
423.211605802901,1.04266474639509
423.711855927964,1.03860550249614
424.212106053027,1.03804456686077
424.712356178089,1.04139811754103
425.212606303152,1.0457951291344
425.712856428214,1.04194095847848
426.213106553277,1.03877438634334
426.713356678339,1.0455176770997
427.213606803402,1.04242348375622
427.713856928464,1.02942545908722
428.214107053527,1.02198250667814
428.714357178589,1.0190089446541
429.214607303652,1.01892450273049
429.714857428714,1.03630144429495
430.215107553777,1.05047562432843
430.715357678839,1.04740555724884
431.215607803902,1.04850330225569
431.715857928965,1.05072895009924
432.216108054027,1.05182669510609
432.71635817909,1.05116925441518
433.216608304152,1.05092196021034
433.716858429215,1.050354993009
434.217108554277,1.04785189313075
434.71735867934,1.04966136292225
435.217608804402,1.04913058511674
435.717858929465,1.04509546748168
436.218109054527,1.04069242432234
436.71835917959,1.04189873751668
437.218609304652,1.04758047266202
437.718859429715,1.04831029214459
438.219109554777,1.05279174566156
438.71935967984,1.0603070768623
439.219609804902,1.0561935488696
439.719859929965,1.05051181372426
440.220110055028,1.0489918590994
440.72036018009,1.04226666304096
441.220610305153,1.03957658461758
441.720860430215,1.04192286378057
442.221110555278,1.04543926674207
442.72136068034,1.05158543246722
443.221610805403,1.05519834048427
443.721860930465,1.05736970423408
444.222111055528,1.05899219548047
444.72236118059,1.06667641052841
445.222611305653,1.07135690572244
445.722861430715,1.05505961446692
446.223111555778,1.04305679818325
446.72336168084,1.04594591828369
447.223611805903,1.04958295256462
447.723861930965,1.0512717910367
448.224112056028,1.04485420484281
448.724362181091,1.03414214367708
449.224612306153,1.03461863738885
449.724862431216,1.04019180434669
450.225112556278,1.0342024593368
450.725362681341,1.0363979493505
451.225612806403,1.05243588326923
451.725862931466,1.05469168894265
452.226113056528,1.04373233357208
452.726363181591,1.0425561782076
453.226613306653,1.0519111370297
453.726863431716,1.05210414714079
454.227113556778,1.04718842087386
454.727363681841,1.04203746353403
455.227613806903,1.03581288745124
455.727863931966,1.03627128646509
456.228114057029,1.03996863640574
456.728364182091,1.04293616686381
457.228614307154,1.04303267191936
457.728864432216,1.04505324651988
458.229114557279,1.04536688795041
458.729364682341,1.03850296587462
459.229614807404,1.03782743048579
459.729864932466,1.0435151971971
460.230115057529,1.04340059744363
460.730365182591,1.04288188277007
461.230615307654,1.04171779053753
461.730865432716,1.04154287512435
462.231115557779,1.0442389851137
462.731365682841,1.04618718092256
463.231615807904,1.05007150940833
463.731865932966,1.04777951433909
464.232116058029,1.0384426502149
464.732366183092,1.03577066648944
465.232616308154,1.04262252543329
465.732866433217,1.04431739547133
466.233116558279,1.04660939054058
466.733366683342,1.04914867981466
467.233616808404,1.04113272863828
467.733866933467,1.03777314639204
468.234117058529,1.04226063147498
468.734367183592,1.03911818560373
469.234617308654,1.02759789459779
469.734867433717,1.03313487215981
470.235117558779,1.05580752864741
470.735367683842,1.06861857477129
471.235617808904,1.05855189116453
471.735867933967,1.03919056439539
472.23611805903,1.03375009188892
472.736368184092,1.03039050964269
473.236618309155,1.02613825563264
473.736868434217,1.04086733973552
474.23711855928,1.05873886970966
474.737368684342,1.05558436070646
475.237618809405,1.04314727167282
475.737868934467,1.03843058708296
476.23811905953,1.04154890669032
476.738369184592,1.04350916563112
477.238619309655,1.04782776686686
477.738869434717,1.04445008992271
478.23911955978,1.0312409604447
478.739369684842,1.03753791531915
479.239619809905,1.05066863443953
479.739869934967,1.04992072025904
480.24012006003,1.04563227685316
480.740370185093,1.03417833307291
481.240620310155,1.02227202184478
481.740870435218,1.03288757795497
482.24112056028,1.04822585022099
482.741370685343,1.04687477944333
483.241620810405,1.04449231088451
483.741870935468,1.04600623394341
484.24212106053,1.04638622259962
484.742371185593,1.04508340434974
485.242621310655,1.04241142062428
485.742871435718,1.04480595231504
486.24312156078,1.04610273899895
486.743371685843,1.04441993209285
487.243621810905,1.04499293086016
487.743871935968,1.04657320114475
488.244122061031,1.04649479078711
488.744372186093,1.04831632371057
489.244622311156,1.04837663937028
489.744872436218,1.04625352814825
490.245122561281,1.04791824035643
490.745372686343,1.03937151137454
491.245622811406,1.03485386846174
491.745872936468,1.04396756464497
492.246123061531,1.04342472370752
492.746373186593,1.04517990940528
493.246623311656,1.05481835182805
493.746873436718,1.05817190250832
494.247123561781,1.0600718457894
494.747373686843,1.06424568944181
495.247623811906,1.06281017674055
495.747873936968,1.04780967216894
496.248124062031,1.0377188622983
496.748374187094,1.04478785761712
497.248624312156,1.05605482285225
497.748874437219,1.05469772050862
498.249124562281,1.0435574181589
498.749374687344,1.05394980632813
499.249624812406,1.07328097526741
499.749874937469,1.06712274641031
500.250125062531,1.05201367365122
500.750375187594,1.04233904183262
501.250625312656,1.03630747586092
501.750875437719,1.0396369002773
502.251125562781,1.05123560164087
502.751375687844,1.05978233062276
503.251625812906,1.0535095020122
503.751875937969,1.04706175798845
504.252126063032,1.04701350546068
504.752376188094,1.03827979793366
505.252626313157,1.03858137623225
505.752876438219,1.05644687464041
506.253126563282,1.05676051607094
506.753376688344,1.03866581815585
507.253626813407,1.03293583048274
507.753876938469,1.04000482580157
508.254127063532,1.04463103690186
508.754377188594,1.04884710151608
509.254627313657,1.05640465367861
509.754877438719,1.05331046033513
510.255127563782,1.04502308869002
510.755377688844,1.04508943591571
511.255627813907,1.04198921100626
511.755877938969,1.03946801643009
512.256128064032,1.04416660632204
512.756378189095,1.04682049534959
513.256628314157,1.05070482383536
513.75687843922,1.04752618856827
514.257128564282,1.03159682283703
514.757378689345,1.02832771408037
515.257628814407,1.03371390249309
515.75787893947,1.03221204256614
516.258129064532,1.03413611211111
516.758379189595,1.03402754392362
517.258629314657,1.03943785860023
517.75887943972,1.05125972790475
518.259129564782,1.04697128449888
518.759379689845,1.04209777919375
519.259629814907,1.0442812060755
519.75987993997,1.04170572740559
520.260130065033,1.044600879072
520.760380190095,1.04878075429039
521.260630315158,1.05019214072776
521.76088044022,1.05549388721688
522.261130565283,1.05942646823043
522.761380690345,1.06459552026817
523.261630815408,1.06417331065015
523.76188094047,1.05805730275485
524.262131065533,1.05508374073081
524.762381190595,1.05023436168957
525.262631315658,1.05111497032143
525.76288144072,1.05734557797019
526.263131565783,1.05489676218569
526.763381690845,1.04668176933224
527.263631815908,1.04189270595071
527.76388194097,1.03936547980857
528.264132066033,1.03772489386427
528.764382191096,1.04074067685012
529.264632316158,1.04443199522479
529.764882441221,1.05145876958182
530.265132566283,1.05897410078255
530.765382691346,1.05401615355382
531.265632816408,1.0486721861029
531.765882941471,1.05173622161652
532.266133066533,1.05377489091495
532.766383191596,1.04769507241548
533.266633316658,1.03854518683642
533.766883441721,1.03384659694447
534.267133566783,1.03746553652749
534.767383691846,1.04685065317944
535.267633816908,1.04498689929419
535.767883941971,1.03925088005511
536.268134067034,1.05120544381101
536.768384192096,1.06513836120563
537.268634317159,1.06509010867785
537.768884442221,1.05443233160587
538.269134567284,1.04379868079777
538.769384692346,1.04685668474542
539.269634817409,1.06005978265746
539.769884942471,1.06337111237592
540.270135067534,1.05081339202285
540.770385192596,1.04353329189501
541.270635317659,1.04830426057862
541.770885442721,1.05554817131063
542.271135567784,1.06323238635857
542.771385692846,1.06168227390384
543.271635817909,1.05342506008859
543.771885942971,1.05785222951182
544.272136068034,1.06241209338642
544.772386193097,1.05500533037318
545.272636318159,1.04536085638443
545.772886443222,1.0477553880752
546.273136568284,1.05600657032448
546.773386693347,1.05567483419603
547.273636818409,1.05612117007794
547.773886943472,1.05074101323119
548.274137068534,1.04354535502695
548.774387193597,1.04388915428734
549.274637318659,1.04347297623529
549.774887443722,1.04454056341228
550.275137568784,1.03992641544394
550.775387693847,1.02942545908722
551.275637818909,1.02753757893807
551.775887943972,1.02494400557025
552.276138069035,1.02658459151455
552.776388194097,1.04198921100626
553.27663831916,1.05133813826239
553.776888444222,1.05142258018599
554.277138569285,1.05047562432843
554.777388694347,1.05312348179001
555.27763881941,1.05594625466476
555.777888944472,1.04953470003685
556.278139069535,1.04042703541959
556.778389194597,1.04440786896091
557.27863931966,1.05071085540133
557.778889444722,1.04725476809955
558.279139569785,1.04803887167587
558.779389694847,1.04630781224199
559.27963981991,1.04302664035339
559.779889944973,1.04672399029404
560.280140070035,1.04788808252658
560.780390195098,1.04613892839478
561.28064032016,1.0530390398664
561.780890445223,1.05436598438018
562.281140570285,1.03740522086777
562.781390695348,1.03535448843739
563.28164082041,1.03636175995467
563.781890945473,1.02318881987248
564.282141070535,1.02359293479259
564.782391195598,1.03173554885437
565.28264132066,1.0362049392394
565.782891445723,1.03596367660053
566.283141570785,1.03212760064253
566.783391695848,1.03911215403776
567.28364182091,1.04493261520044
567.783891945973,1.04090352913135
568.284142071035,1.04196508474237
568.784392196098,1.04002895206546
569.284642321161,1.03523385711796
569.784892446223,1.04149462259658
570.285142571286,1.04259236760343
570.785392696348,1.03586113997901
571.285642821411,1.03835217672532
571.785892946473,1.04283363024229
572.286143071536,1.0435574181589
572.786393196598,1.04428723764147
573.286643321661,1.0419168322146
573.786893446723,1.03600589756234
574.287143571786,1.03823154540589
574.787393696848,1.04937184775561
575.287643821911,1.05366029116149
575.787893946973,1.04730302062732
576.288144072036,1.04183239029099
576.788394197099,1.04555386649553
577.288644322161,1.05262286181436
577.788894447224,1.05148892741168
578.289144572286,1.04349107093321
578.789394697349,1.04060798239874
579.289644822411,1.03662714885742
579.789894947474,1.03223616883003
580.290145072536,1.04499293086016
580.790395197599,1.05529484553982
581.290645322661,1.05360600706774
581.790895447724,1.05725510448062
582.291145572786,1.04746587290856
582.791395697849,1.03676587487477
583.291645822912,1.04806299793975
583.791895947974,1.04528847759277
584.292146073037,1.03203712715296
584.792396198099,1.03774298856218
585.292646323162,1.0432799661242
585.792896448224,1.04360567068667
586.293146573287,1.0422787261729
586.793396698349,1.03829789263158
587.293646823412,1.04199524257223
587.793896948474,1.03614462357968
588.294147073537,1.02528177326466
588.794397198599,1.02789947289638
589.294647323662,1.03026987832325
589.794897448724,1.03794806180522
590.295147573787,1.04733921002315
590.795397698849,1.04296632469367
591.295647823912,1.04441390052688
591.795897948974,1.05665797944942
592.296148074037,1.05539738216134
592.7963981991,1.04101812888481
593.296648324162,1.04263458856523
593.796898449225,1.0468385900475
594.297148574287,1.03384659694447
594.79739869935,1.03327359817716
595.297648824412,1.05002325688056
595.797898949475,1.05425741619269
596.298149074537,1.04120510742994
596.7983991996,1.03910612247179
597.298649324662,1.05515611952247
597.798899449725,1.06361237501479
598.299149574787,1.05212224183871
598.79939969985,1.03788171457953
599.299649824912,1.03587923467693
599.799899949975,1.04143430693686
600.300150075038,1.05238763074146
600.8004002001,1.05838300731733
601.300650325163,1.05701987340772
601.800900450225,1.05767731409864
602.301150575288,1.05487866748777
602.80140070035,1.04750206230439
603.301650825413,1.04799665071407
603.801900950475,1.05697162087995
604.302151075538,1.05575324455367
604.8024012006,1.04166350644379
605.302651325663,1.03393103886807
605.802901450725,1.04732111532524
606.303151575788,1.06040961348382
606.80340170085,1.05309332396015
607.303651825913,1.0384004292531
607.803901950976,1.03276091506956
608.304152076038,1.04498086772822
608.804402201101,1.05248413579701
609.304652326163,1.03936547980857
609.804902451226,1.02976322678163
610.305152576288,1.03309265119801
610.805402701351,1.04036671975987
611.305652826413,1.04805696637378
611.805902951476,1.05613926477586
612.306153076538,1.06500566675425
612.806403201601,1.06401045836892
613.306653326663,1.05261079868241
613.806903451726,1.05224890472411
614.307153576788,1.05554817131063
614.807403701851,1.04326187142628
615.307653826913,1.03344851359034
615.807903951976,1.04285172494021
616.308154077038,1.05435392124823
616.808404202101,1.04969152075211
617.308654327164,1.04745984134259
617.808904452226,1.05955313111584
618.309154577289,1.05746017772366
618.809404702351,1.04601226550938
619.309654827414,1.0457951291344
619.809904952476,1.04375042826999
620.310155077539,1.03782743048579
620.810405202601,1.03425071186457
621.310655327664,1.03589732937484
621.810905452726,1.04352726032904
622.311155577789,1.04444405835674
622.811405702851,1.04075273998206
623.311655827914,1.04799665071407
623.811905952977,1.05192320016164
624.312156078039,1.0388045441732
624.812406203102,1.03431102752429
625.312656328164,1.0539558378941
625.812906453227,1.06519867686534
626.313156578289,1.05376282778301
626.813406703352,1.04735127315509
627.313656828414,1.04951057377296
627.813906953477,1.04710397895025
628.314157078539,1.04952263690491
628.814407203602,1.05148289584571
629.314657328664,1.04448627931854
629.814907453727,1.03532433060753
630.315157578789,1.03568019299986
630.815407703852,1.0451980041032
631.315657828914,1.0448361101449
631.815907953977,1.04310505071102
632.316158079039,1.04633797007185
632.816408204102,1.05049371902635
633.316658329165,1.05718272568896
633.816908454227,1.05814174467846
634.31715857929,1.04861187044318
634.817408704352,1.04036671975987
635.317658829415,1.04422692198176
635.817908954477,1.04969152075211
636.31815907954,1.04621130718644
636.818409204602,1.047158263044
637.318659329665,1.05638052741472
637.818909454727,1.05206795774496
638.31915957979,1.04159112765213
638.819409704852,1.04625352814825
639.319659829915,1.05615735947377
639.819909954977,1.05818999720623
640.32016008004,1.0568751158244
640.820410205103,1.05289428228308
641.320660330165,1.04735730472107
641.820910455228,1.04517387783931
642.32116058029,1.03877438634334
642.821410705353,1.03913628030165
643.321660830415,1.04407613283246
643.821910955478,1.03463673208676
644.32216108054,1.02848453479563
644.822411205603,1.03475133184022
645.322661330665,1.04563830841913
645.822911455728,1.04987849929724
646.32316158079,1.05033086674511
646.823411705853,1.05068069757147
647.323661830916,1.05025245638748
647.823911955978,1.05831062852567
648.324162081041,1.0578763557757
648.824412206103,1.05734557797019
649.324662331166,1.06754495602833
649.824912456228,1.05940234196654
650.325162581291,1.03975753159673
650.825412706353,1.03510116266658
651.325662831416,1.04299648252353
651.825912956478,1.04978199424169
652.326163081541,1.05051784529023
652.826413206603,1.0504394349326
653.326663331666,1.04621733875242
653.826913456728,1.03595161346859
654.327163581791,1.0346065742569
654.827413706853,1.05507770916484
655.327663831916,1.07265972397233
655.827913956978,1.06156767415038
656.328164082041,1.04549958240178
656.828414207104,1.04764681988771
657.328664332166,1.05426344775866
657.828914457229,1.04980612050557
658.329164582291,1.05066260287356
658.829414707354,1.06016231927898
659.329664832416,1.063353017678
659.829914957479,1.06125403271985
660.330165082541,1.06071722334837
660.830415207604,1.06076547587615
661.330665332666,1.05346124948442
661.830915457729,1.04522816193306
662.331165582791,1.04745984134259
662.831415707854,1.04771919867937
663.331665832916,1.04069242432234
663.831915957979,1.04604242333924
664.332166083042,1.05575324455367
664.832416208104,1.05002325688056
665.332666333167,1.04765888301965
665.832916458229,1.05790048203959
666.333166583292,1.06261716662946
666.833416708354,1.05859411212634
667.333666833417,1.05594022309879
667.833916958479,1.06357618561896
668.334167083542,1.06630245343816
668.834417208604,1.05399202728993
669.334667333667,1.04286981963812
669.834917458729,1.04089146599941
670.335167583792,1.04786395626269
670.835417708854,1.05841919671316
671.335667833917,1.06144101126498
671.83591795898,1.0607111917824
672.336168084042,1.06166417920593
672.836418209105,1.06735797748321
673.336668334167,1.06830493334077
673.83691845923,1.05660972692165
674.337168584292,1.05126575947073
674.837418709355,1.04917883764452
675.337668834417,1.0472427049676
675.83791895948,1.04841282876611
676.338169084542,1.04545132987401
676.838419209605,1.04616305465867
677.338669334667,1.04832235527654
677.83891945973,1.05317173431778
678.339169584792,1.0629489027579
678.839419709855,1.0531898290157
679.339669834917,1.03611446574983
679.83991995998,1.03951023739189
680.340170085042,1.04464913159978
680.840420210105,1.04522213036709
681.340670335168,1.04531863542263
681.84092046023,1.04000482580157
682.341170585293,1.03687444306226
682.841420710355,1.03922675379122
683.341670835418,1.04385899645748
683.84192096048,1.03508909953464
684.342171085543,1.02902134416711
684.842421210605,1.04395550151303
685.342671335668,1.05657956909179
685.84292146073,1.06168227390384
686.343171585793,1.06474027785149
686.843421710855,1.06562691804933
687.343671835918,1.06420950004598
687.843921960981,1.06022866650466
688.344172086043,1.04296632469367
688.844422211106,1.02580048793823
689.344672336168,1.03338216636465
689.844922461231,1.04908836415494
690.345172586293,1.05366029116149
690.845422711356,1.04192889534654
691.345672836418,1.03033019398297
691.845922961481,1.03834011359338
692.346173086543,1.05328030250527
692.846423211606,1.0571103468973
693.346673336668,1.04680843221764
693.846923461731,1.0428758512041
694.347173586793,1.05668813727928
694.847423711856,1.06268954542112
695.347673836918,1.05232128351577
695.847923961981,1.04479992074907
696.348174087044,1.04660939054058
696.848424212106,1.04348503936724
697.348674337169,1.03649445440604
697.848924462231,1.03663921198936
698.349174587294,1.04435358486716
698.849424712356,1.04491452050253
699.349674837419,1.03549321445474
699.849924962481,1.03433515378818
700.350175087544,1.03465482678468
700.850425212606,1.03870803911765
701.350675337669,1.04412438536024
701.850925462731,1.04811125046753
702.351175587794,1.05386536440453
702.851425712856,1.05771953506044
703.351675837919,1.05720685195285
703.851925962981,1.04124129682577
704.352176088044,1.03266441001402
704.852426213107,1.03352692394797
705.352676338169,1.03067399324336
705.852926463232,1.03493227881937
706.353176588294,1.04739952568287
706.853426713357,1.06968616194828
707.353676838419,1.07621834789563
707.853926963482,1.06041564504979
708.354177088544,1.05279174566156
708.854427213607,1.04819569239113
709.354677338669,1.04043306698556
709.854927463732,1.04232697870067
710.355177588794,1.0546796258107
710.855427713857,1.05750239868546
711.355677838919,1.04347900780127
711.855927963982,1.03705539004141
712.356178089045,1.04627765441213
712.856428214107,1.05692939991815
713.35667833917,1.06803954443801
713.856928464232,1.06719512520197
714.357178589295,1.05762303000489
714.857428714357,1.06209845195589
715.35767883942,1.05889569042492
715.857928964482,1.04796046131824
716.358179089545,1.04340662900961
716.858429214607,1.03951626895786
717.35867933967,1.04288188277007
717.858929464732,1.04478182605115
718.359179589795,1.03499862604506
718.859429714857,1.03218791630225
719.35967983992,1.04659129584266
719.859929964982,1.05369044899135
720.360180090045,1.04928740583201
720.860430215107,1.05452280509544
721.36068034017,1.06136863247332
721.860930465233,1.05750239868546
722.361180590295,1.05554817131063
722.861430715358,1.05296666107474
723.36168084042,1.04180826402711
723.861930965483,1.03457641642704
724.362181090545,1.03472117401036
724.862431215608,1.04013752025295
725.36268134067,1.05024642482151
725.862931465733,1.05818396564026
726.363181590795,1.05855189116453
726.863431715858,1.04905217475911
727.36368184092,1.03905183837804
727.863931965983,1.0432377451624
728.364182091046,1.0464766960892
728.864432216108,1.03346660828825
729.364682341171,1.02659665464649
729.864932466233,1.03800234589897
730.365182591296,1.05162765342903
730.865432716358,1.05911885836587
731.365682841421,1.05594625466476
731.865932966483,1.0458373500962
732.366183091546,1.05065053974161
732.866433216608,1.06155561101844
733.366683341671,1.06086801249766
733.866933466733,1.059305836911
734.367183591796,1.05753255651532
734.867433716858,1.05425138462671
735.367683841921,1.05805127118888
735.867933966984,1.06168227390384
736.368184092046,1.0487988489883
736.868434217109,1.03068002480933
737.368684342171,1.02777281001097
737.868934467234,1.03373199719101
738.369184592296,1.03698904281572
738.869434717359,1.03998069953768
739.369684842421,1.0474357150787
739.869934967484,1.04425104824564
740.370185092546,1.02811660927136
740.870435217609,1.02321897770234
741.370685342671,1.03638588621855
741.870935467734,1.05001722531458
742.371185592796,1.04650685391906
742.871435717859,1.03617478140954
743.371685842921,1.03233870545154
743.871935967984,1.03596367660053
744.372186093046,1.0454332351761
744.872436218109,1.05468565737668
745.372686343172,1.05329839720319
745.872936468234,1.0491607429466
746.373186593297,1.05174828474846
746.873436718359,1.03751378905526
747.373686843422,1.02636142357359
747.873936968484,1.03949817425995
748.374187093547,1.0431955242006
748.874437218609,1.04028830940224
749.374687343672,1.04333425021795
749.874937468734,1.04724873653358
750.375187593797,1.04634400163782
750.875437718859,1.03955848991966
751.375687843922,1.03892517549264
751.875937968985,1.0410422551487
752.376188094047,1.04182032715905
752.87643821911,1.0403184672321
753.376688344172,1.04192889534654
753.876938469235,1.05053593998815
754.377188594297,1.05422122679686
754.87743871936,1.04692906353708
755.377688844422,1.04244157845413
755.877938969485,1.04396756464497
756.378189094547,1.03567416143389
756.87843921961,1.03090922431625
757.378689344672,1.04350916563112
757.878939469735,1.05612720164391
758.379189594797,1.06036136095604
758.87943971986,1.06422156317793
759.379689844922,1.06340730177175
759.879939969985,1.05352759671011
760.380190095048,1.04416057475607
760.88044022011,1.03582495058318
761.380690345173,1.03365358683337
761.880940470235,1.03777917795801
762.381190595298,1.03563194047209
762.88144072036,1.03525195181587
763.381690845423,1.04639828573157
763.881940970485,1.05311745022404
764.382191095548,1.044600879072
764.88244122061,1.03724236858653
765.382691345673,1.04308092444713
765.882941470735,1.04542720361012
766.383191595798,1.03440150101386
766.88344172086,1.03312280902786
767.383691845923,1.04599417081146
767.883941970985,1.05323808154347
768.384192096048,1.0564710009043
768.884442221111,1.06032517156021
769.384692346173,1.05866045935202
769.884942471236,1.05543357155717
770.385192596298,1.05598244406059
770.885442721361,1.05563261323423
771.385692846423,1.04904011162717
771.885942971486,1.04282156711035
772.386193096548,1.04540307734624
772.886443221611,1.0501619828979
773.386693346673,1.05081942358882
773.886943471736,1.0493537530577
774.387193596798,1.04399772247483
774.887443721861,1.04186857968682
775.387693846923,1.04558402432539
775.887943971986,1.04065020336054
776.388194097049,1.03212760064253
776.888444222111,1.03999276266963
777.388694347174,1.05639862211264
777.888944472236,1.0552345298801
778.389194597299,1.04814140829739
778.889444722361,1.05243588326923
779.389694847424,1.04711001051623
779.889944972486,1.04054163517305
780.390195097549,1.04581322383231
780.890445222611,1.04693509510305
781.390695347674,1.04478785761712
781.890945472736,1.04621130718644
782.391195597799,1.0430447350513
782.891445722861,1.03671159078102
783.391695847924,1.0432377451624
783.891945972986,1.05040324553677
784.392196098049,1.04509546748168
784.892446223112,1.03801440903091
785.392696348174,1.03897342802041
785.892946473237,1.04796046131824
786.393196598299,1.04833441840848
786.893446723362,1.03664524355533
787.393696848424,1.03365961839935
787.893946973487,1.04207365292986
788.394197098549,1.0496312050924
788.894447223612,1.05384726970661
789.394697348674,1.0577496928903
789.894947473737,1.05858808056036
790.395197598799,1.052273030988
790.895447723862,1.05308126082821
791.395697848924,1.05982455158456
791.895947973987,1.05641671681055
792.39619809905,1.04700747389471
792.896448224112,1.03033622554894
793.396698349175,1.02282692591418
793.896948474237,1.03213363220851
794.3971985993,1.0393594482426
794.897448724362,1.05319586058167
795.397698849425,1.06373903790019
795.897948974487,1.05969185713318
796.39819909955,1.05349140731428
796.898449224612,1.04678430595376
797.398699349675,1.04797855601615
797.898949474737,1.05115115971726
798.3991995998,1.04541514047818
798.899449724862,1.04508943591571
799.399699849925,1.0512295700749
799.899949974988,1.05528881397385
800.40020010005,1.05304507143238
800.900450225113,1.04433549016925
801.400700350175,1.03962483714535
801.900950475238,1.0356078142082
802.4012006003,1.0343291222222
802.901450725363,1.03936547980857
803.401700850425,1.05153717993945
803.901950975488,1.06525899252506
804.40220110055,1.06875126922267
804.902451225613,1.06830493334077
805.402701350675,1.06205623099409
805.902951475738,1.05692939991815
806.4032016008,1.05379298561287
806.903451725863,1.04393137524914
807.403701850925,1.0452824460268
807.903951975988,1.05547579251897
808.40420210105,1.05413075330728
808.904452226113,1.04770713554742
809.404702351176,1.04434152173522
809.904952476238,1.03838233455518
810.405202601301,1.03330375600702
810.905452726363,1.03641001248244
811.405702851426,1.03765251507261
811.905952976488,1.03420849090277
812.406203101551,1.03883470200306
812.906453226613,1.04557799275942
813.406703351676,1.05252635675881
813.906953476738,1.06278605047666
814.407203601801,1.06031913999424
814.907453726863,1.04982421520349
815.407703851926,1.0512717910367
815.907953976988,1.06256891410168
816.408204102051,1.06419140534807
816.908454227114,1.05607291755017
817.408704352176,1.05356981767191
817.908954477239,1.05774366132433
818.409204602301,1.06058452889699
818.909454727364,1.05534309806759
819.409704852426,1.04757444109605
819.909954977489,1.04427517450953
820.410205102551,1.04230285243679
820.910455227614,1.03987213135019
821.410705352676,1.03954642678772
821.910955477739,1.04297235625964
822.411205602801,1.05051784529023
822.911455727864,1.05694749461606
823.411705852927,1.05926361594919
823.911955977989,1.05249619892895
824.412206103052,1.04467325786366
824.912456228114,1.04356344972487
825.412706353177,1.0411266970723
825.912956478239,1.04521609880111
826.413206603302,1.06279811360861
826.913456728364,1.0687452376567
827.413706853427,1.05662782161956
827.913956978489,1.05516818265441
828.414207103552,1.0616702107719
828.914457228614,1.05980645688665
829.414707353677,1.05015595133193
829.914957478739,1.04404597500261
830.415207603802,1.04151874886046
830.915457728864,1.04623543345033
831.415707853927,1.05078926575896
831.915957978989,1.04185651655488
832.416208104052,1.03660302259353
832.916458229115,1.0384426502149
833.416708354177,1.04405803813455
833.91695847924,1.0506324450437
834.417208604302,1.04619321248853
834.917458729365,1.03349676611811
835.417708854427,1.03985403665228
835.91795897949,1.05208605244288
836.418209104552,1.05026451951942
836.918459229615,1.05641068524458
837.418709354677,1.06253875627182
837.91895947974,1.05607291755017
838.419209604802,1.04324980829434
838.919459729865,1.04334028178392
839.419709854927,1.05375076465106
839.91995997999,1.05601863345642
840.420210105053,1.06329270201829
840.920460230115,1.0623939986885
841.420710355178,1.04714016834609
841.92096048024,1.0364823912741
842.421210605303,1.03475736340619
842.921460730365,1.04102416045079
843.421710855428,1.03864169189197
843.92196098049,1.03330978757299
844.422211105553,1.03959467931549
844.922461230615,1.04582528696426
845.422711355678,1.05046959276246
845.92296148074,1.05484247809194
846.423211605803,1.04951660533893
846.923461730865,1.03785758831565
847.423711855928,1.03466085835065
847.92396198099,1.03936547980857
848.424212106053,1.0455176770997
848.924462231116,1.04483007857893
849.424712356178,1.03990832074602
849.924962481241,1.04812934516544
850.425212606303,1.0549992988072
850.925462731366,1.04733921002315
851.425712856428,1.03893723862458
851.925962981491,1.03575257179152
852.426213106553,1.04128954935354
852.926463231616,1.05448661569961
853.426713356678,1.05241175700535
853.926963481741,1.03932325884677
854.427213606803,1.03966102654118
854.927463731866,1.04717032617594
855.427713856928,1.04257427290551
855.927963981991,1.03297805144454
856.428214107054,1.04399169090886
856.928464232116,1.0445586581102
857.428714357179,1.03126508670858
857.928964482241,1.03839439768713
858.429214607304,1.04784586156477
858.929464732366,1.0505902240819
859.429714857429,1.04998706748473
859.929964982491,1.05409456391145
860.430215107554,1.05953503641792
860.930465232616,1.05046959276246
861.430715357679,1.03619890767343
861.930965482741,1.02751345267419
862.431215607804,1.02931689089972
862.931465732866,1.04791220879046
863.431715857929,1.05863633308814
863.931965982992,1.04629574911005
864.432216108054,1.03276694663553
864.932466233117,1.02921435427821
865.432716358179,1.03841249238504
865.932966483242,1.04608464430104
866.433216608304,1.04394343838109
866.933466733367,1.04316536637074
867.433716858429,1.04530054072472
867.933966983492,1.04521006723514
868.434217108554,1.05262286181436
868.934467233617,1.06210448352186
869.434717358679,1.05059625564787
869.934967483742,1.04093971852718
870.435217608804,1.03758616784692
870.935467733867,1.03426880656249
871.435717858929,1.05121750694295
871.935967983992,1.06053024480325
872.436218109054,1.04815347142933
872.936468234117,1.04058385613485
873.43671835918,1.03778520952399
873.936968484242,1.0407225821522
874.437218609305,1.05740589362991
874.937468734367,1.0632685757544
875.43771885943,1.04647066452323
875.937968984492,1.03579479275333
876.438219109555,1.04293013529784
876.938469234617,1.04695922136693
877.43871935968,1.04151874886047
877.938969484742,1.04065623492651
878.439219609805,1.04796046131824
878.939469734867,1.05516818265441
879.43971985993,1.06125403271985
879.939969984992,1.06431806823347
880.440220110055,1.04795442975226
880.940470235118,1.02583064576808
881.44072036018,1.02727822160129
881.940970485243,1.04365392321445
882.441220610305,1.05890172199089
882.941470735368,1.06900459499348
883.44172086043,1.06393807957726
883.941970985493,1.04954676316879
884.442221110555,1.04434755330119
884.942471235618,1.04534276168652
885.44272136068,1.04222444207915
885.942971485743,1.03458847955899
886.443221610805,1.03809281938854
886.943471735868,1.05198954738733
887.443721860931,1.05864236465411
887.943971985993,1.06264129289334
888.444222111056,1.05815983937637
888.944472236118,1.04700144232874
889.444722361181,1.04866012297095
889.944972486243,1.056748452939
890.445222611306,1.0513562329603
890.945472736368,1.04485420484281
891.445722861431,1.05081942358882
891.945972986493,1.04619321248853
892.446223111556,1.04235110496456
892.946473236618,1.04572275034274
893.446723361681,1.03838836612116
893.946973486743,1.03283932542719
894.447223611806,1.03798425120105
894.947473736868,1.04895566970357
895.447723861931,1.05318379744972
895.947973986993,1.04983627833543
896.448224112056,1.0494804159431
896.948474237119,1.052273030988
897.448724362181,1.05518627735233
897.948974487244,1.04934168992575
898.449224612306,1.03592145563873
898.949474737369,1.03350279768408
899.449724862431,1.03934738511065
899.949974987494,1.04024005687447
900.450225112556,1.0420434951
900.950475237619,1.04601226550938
901.450725362681,1.04565640311705
901.950975487744,1.05235144134563
902.451225612806,1.05881728006729
902.951475737869,1.05022229855762
903.451725862931,1.04786395626269
903.951975987994,1.04845504972791
904.452226113057,1.03973943689881
904.952476238119,1.03461863738885
905.452726363182,1.0352459202499
905.952976488244,1.03402754392362
906.453226613307,1.02519129977508
906.953476738369,1.023930702487
907.453726863432,1.03723030545459
907.953976988494,1.04170572740559
908.454227113557,1.03513735206241
908.954477238619,1.0364401703123
909.454727363682,1.04210984232569
909.954977488744,1.04297235625964
910.455227613807,1.04646463295726
910.955477738869,1.05891378512284
911.455727863932,1.06922776293443
911.955977988995,1.05978836218873
912.456228114057,1.0471160420822
912.95647823912,1.04956485786671
913.456728364182,1.04978199424169
913.956978489245,1.04288791433604
914.457228614307,1.04136795971117
914.95747873937,1.04904011162717
915.457728864432,1.06145307439692
915.957978989495,1.06072325491434
916.458229114557,1.04252602037774
916.95847923962,1.03327359817716
917.458729364682,1.0404451301175
917.958979489745,1.04665161150238
918.459229614807,1.04808109263767
918.95947973987,1.0404451301175
919.459729864932,1.03286345169108
919.959979989995,1.04809918733558
920.460230115058,1.05925758438322
920.96048024012,1.04809918733558
921.460730365183,1.04694715823499
921.960980490245,1.05286412445322
922.461230615308,1.05355775453997
922.96148074037,1.05816587094234
923.461730865433,1.05478216243222
923.961980990495,1.04731508375926
924.462231115558,1.0465611380128
924.96248124062,1.04333425021795
925.462731365683,1.03973943689881
925.962981490745,1.04493261520044
926.463231615808,1.05084958141868
926.96348174087,1.04988453086321
927.463731865933,1.03945595329815
927.963981990996,1.0373991893018
928.464232116058,1.05153114837348
928.964482241121,1.04756840953008
929.464732366183,1.04552370866567
929.964982491246,1.05976423592484
930.465232616308,1.05541547685925
930.965482741371,1.04271299892286
931.465732866433,1.04342472370752
931.965982991496,1.04678430595376
932.466233116558,1.04504118338794
932.966483241621,1.03877438634334
933.466733366683,1.03741125243374
933.966983491746,1.0468808110093
934.467233616808,1.052912376981
934.967483741871,1.05607291755017
935.467733866933,1.06181496835522
935.967983991996,1.06366665910853
936.468234117059,1.06250859844197
936.968484242121,1.06287049240027
937.468734367184,1.06432409979945
937.968984492246,1.0578763557757
938.469234617309,1.04613289682881
938.969484742371,1.05307522926223
939.469734867434,1.06467996219178
939.969984992496,1.05649512716819
940.470235117559,1.03732681051014
940.970485242621,1.02806835674358
941.470735367684,1.03356914490977
941.970985492746,1.03799028276702
942.471235617809,1.04568052938094
942.971485742871,1.04984834146738
943.471735867934,1.04165144331184
943.971985992996,1.0348840262916
944.472236118059,1.03276694663553
944.972486243122,1.03525798338184
945.472736368184,1.04113876020425
945.972986493247,1.04353329189501
946.473236618309,1.03661508572548
946.973486743372,1.0358430452811
947.473736868434,1.05157336933528
947.973986993497,1.05960741520958
948.474237118559,1.0543177318524
948.974487243622,1.05484247809194
949.474737368684,1.05569896045992
949.974987493747,1.04154287512435
950.475237618809,1.03218791630225
950.975487743872,1.03581891901721
951.475737868935,1.03957658461758
951.975987993997,1.0427250620548
952.47623811906,1.04121113899591
952.976488244122,1.03834011359338
953.476738369185,1.03563194047209
953.976988494247,1.04142224380492
954.47723861931,1.04768300928354
954.977488744372,1.03979372099256
955.477738869435,1.03347867142019
955.977988994497,1.03595161346859
956.47823911956,1.04166953800976
956.978489244622,1.03691666402406
957.478739369685,1.03286948325705
957.978989494747,1.03988419448214
958.47923961981,1.04543926674207
958.979489744872,1.04974580484586
959.479739869935,1.05286412445322
959.979989994997,1.06025279276855
960.48024012006,1.06425775257376
960.980490245123,1.05311745022404
961.480740370185,1.0431955242006
961.980990495248,1.04584338166217
962.48124062031,1.05320792371361
962.981490745373,1.05384123814064
963.481740870435,1.04761666205785
963.981990995498,1.04271903048883
964.48224112056,1.03911818560373
964.982491245623,1.04407613283246
965.482741370685,1.0491185219848
965.982991495748,1.04752618856827
966.48324162081,1.04796046131824
966.983491745873,1.03877438634334
967.483741870935,1.03637985465258
967.983991995998,1.04129558091951
968.484242121061,1.03983594195436
968.984492246123,1.04572275034274
969.484742371186,1.03667540138519
969.984992496248,1.01782072615767
970.485242621311,1.02482940581678
970.985492746373,1.03709157943724
971.485742871436,1.04051750890916
971.985992996498,1.05329839720319
972.486243121561,1.06282827143847
972.986493246623,1.05098830743603
973.486743371686,1.03203109558699
973.986993496748,1.02879214466019
974.487243621811,1.04037878289181
974.987493746873,1.04420882728384
975.487743871936,1.03173554885437
975.987993996999,1.02077016191783
976.488244122061,1.02522748917091
976.988494247124,1.04061401396471
977.488744372186,1.04893757500565
977.988994497249,1.04311108227699
978.489244622311,1.04162731704796
978.989494747374,1.04399772247483
979.489744872436,1.03638588621855
979.989994997499,1.03576463492347
980.490245122561,1.05363013333163
980.990495247624,1.05536119276551
981.490745372686,1.04338853431169
981.990995497749,1.04881091212024
982.491245622811,1.04896170126954
982.991495747874,1.04046925638139
983.491745872936,1.03947404799606
983.991995997999,1.04243554688816
984.492246123061,1.0417660430653
984.992496248124,1.0321999794342
985.492746373187,1.0306016144517
985.992996498249,1.04238729436039
986.493246623312,1.05508374073081
986.993496748374,1.05193526329358
987.493746873437,1.03577066648944
987.993996998499,1.03094541371208
988.494247123562,1.0368865061942
988.994497248624,1.04152478042644
989.494747373687,1.03786965144759
989.994997498749,1.03522179398601
990.495247623812,1.03954642678772
990.995497748874,1.03536052000336
991.495747873937,1.02826739842065
991.995997999,1.0332012193855
992.496248124062,1.04279140928049
992.996498249125,1.04453453184631
993.496748374187,1.04385899645748
993.99699849925,1.04960707882851
994.497248624312,1.05313554492195
994.997498749375,1.05423932149477
995.497748874437,1.05955916268181
995.9979989995,1.06338317550786
996.498249124562,1.05769540879655
996.998499249625,1.05507167759887
997.498749374687,1.05917314245962
997.99899949975,1.05728526231048
998.499249624812,1.06180893678925
998.999499749875,1.06735797748321
999.499749874937,1.05816587094234
1000,1.04736132576505
