0,0.0356284601948064
0.500250125062531,0.0184023077796435
1.00050025012506,0.0172502786790496
1.50075037518759,0.0348443566184858
2.00100050025013,0.0370096888023246
2.50125062531266,0.0287162855912431
3.00150075037519,0.0319371418201285
3.50175087543772,0.038348696448041
4.00200100050025,0.0400616611840026
4.50225112556278,0.0314425534104494
5.00250125062531,0.0136373706620039
5.50275137568784,0.00445129568711133
6.00300150075037,0.0189873696788979
6.50325162581291,0.0385115487292768
7.00350175087544,0.0416720892984453
7.50375187593797,0.0449411980551044
8.0040020010005,0.0453935655029816
8.50425212606303,0.0356827442885516
9.00450225112556,0.0399108720347102
9.50475237618809,0.0493864621762441
10.0050025012506,0.0351941874448441
10.5052526263132,0.0270515733830551
11.0055027513757,0.0309901859625723
11.5057528764382,0.0256703447755368
12.0060030015007,0.0255195556262443
12.5062531265633,0.014765273498711
13.0065032516258,0.00165264907624463
13.5067533766883,0.0178715299741342
14.0070035017509,0.0377998239446168
14.5072536268134,0.0390001055729842
15.0075037518759,0.0332339285040432
15.5077538769385,0.03293838177143
16.008004002001,0.0401400715416347
16.5082541270635,0.0446456513224913
17.0085042521261,0.0407854491006061
17.5087543771886,0.0374258668543715
18.0090045022511,0.0319130155562418
18.5092546273137,0.0307006707959309
19.0095047523762,0.0392594629097671
19.5097548774387,0.0354535447816271
20.0100050025013,0.0188486436615489
20.5102551275638,0.0164601435367574
21.0105052526263,0.0322749095145435
21.5107553776888,0.0331856759762695
22.0110055027514,0.025012904084622
22.5112556278139,0.0243614949596788
23.0115057528764,0.022732972147321
23.511755877939,0.0267077741226683
24.0120060030015,0.0288912010044222
24.512256128064,0.0207063659808312
25.0125062531266,0.0116529854573161
25.5127563781891,0.0138243492071265
26.0130065032516,0.0232215289910284
26.5132566283142,0.0323955408339774
27.0135067533767,0.0366900158058246
27.5137568784392,0.0267439635184985
28.0140070035017,0.0178474037102474
28.5142571285643,0.0231793080292264
29.0145072536268,0.0358757543996459
29.5147573786893,0.0431558545274825
30.0150075037519,0.0382642545244373
30.5152576288144,0.033475191142911
31.0155077538769,0.0281312236919885
31.5157578789395,0.0231431186333962
32.016008004002,0.0214542801613214
32.5162581290645,0.0210501652412178
33.0165082541271,0.0302121139522236
33.5167583791896,0.0363824059412683
34.0170085042521,0.0395550096423802
34.5172586293147,0.0435901272774446
35.0175087543772,0.0311047857160345
35.5177588794397,0.0193914845990015
36.0180090045023,0.0257366920012254
36.5182591295648,0.0274617198691304
37.0185092546273,0.0136494337939472
37.5187593796898,0.00528365179120538
38.0190095047524,0.0148014628945411
38.5192596298149,0.0235110441576697
39.0195097548774,0.025368766476952
39.51975987994,0.0295968942231106
40.0200100050025,0.0324256986638359
40.520260130065,0.0336682012540052
41.0205102551276,0.0265992059351778
41.5207603801901,0.0198498836128503
42.0210105052526,0.026140806921329
42.5212606303152,0.0233783497062924
43.0215107553777,0.0130100878009475
43.5217608804402,0.0186797598143414
44.0220110055028,0.0312435117333836
44.5222611305653,0.0347176937330803
45.0225112556278,0.0350313351636085
45.5227613806903,0.0303267137056858
46.0230115057529,0.022455520112623
46.5232616308154,0.0223891728869342
47.0235117558779,0.021146670296765
47.5237618809405,0.0202359038350389
48.024012006003,0.0177086776928984
48.5242621310655,0.0161525336722009
49.0245122561281,0.0261769963171592
49.5247623811906,0.0329444133374017
50.0250125062531,0.0323533198721756
50.5252626313157,0.0341567580977126
51.0255127563782,0.0369734994064944
51.5257628814407,0.0344462732643539
52.0260130065032,0.0413463847359737
52.5262631315658,0.0463043319647076
53.0265132566283,0.0294762629036768
53.5267633816908,0.0260503334317536
54.0270135067534,0.0419796991630018
54.5272636318159,0.0423596878192186
55.0275137568784,0.0238970643798582
55.527763881941,0.0155614402069748
56.0280140070035,0.0184927812692189
56.528264132066,0.021363806671746
57.0285142571286,0.0311590698097798
57.5287643821911,0.0323472883062038
58.0290145072536,0.0193673583351148
58.5292646323162,0.0145602002556734
59.0295147573787,0.0215628483488121
59.5297648824412,0.0197292522934165
60.0300150075037,0.0141862431654282
60.5302651325663,0.0235894545153018
61.0305152576288,0.0322145938548265
61.5307653826913,0.0276969509420265
62.0310155077539,0.0227269405813493
62.5312656328164,0.0240116641333205
63.0315157578789,0.030779081153563
63.5317658829415,0.0393981889271161
64.032016008004,0.0442053470065575
64.5322661330665,0.0486445795617255
65.0325162581291,0.0490607576137726
65.5327663831916,0.0357008389864667
66.0330165082541,0.0173226574707099
66.5332666333167,0.0117977430406367
67.0335167583792,0.0130342140648344
67.5337668834417,0.00863720247146815
68.0340170085043,0.0108266609191937
68.5342671335668,0.019819725782992
69.0345172586293,0.0242167373763581
69.5347673836918,0.0269369736295929
70.0350175087544,0.0287524749870732
70.5352676338169,0.0294461050738183
71.0355177588794,0.0319793627819304
71.535767883942,0.033553601500543
72.0360180090045,0.029072147983573
72.536268134067,0.0228656665986983
73.0365182591296,0.0283543916329413
73.5367683841921,0.032124120365251
74.0370185092546,0.0245364103728579
74.5372686343172,0.0303327452716574
75.0375187593797,0.0416479630345585
75.5377688844422,0.0383004439202674
76.0380190095048,0.0283785178968281
76.5382691345673,0.0255738397199896
77.0385192596298,0.0258693864526027
77.5387693846923,0.0179258140678795
78.0390195097549,0.0230707398417359
78.5392696348174,0.0348503881844575
79.0395197598799,0.0259658915081498
79.5397698849425,0.0174553519220871
80.040020010005,0.0173950362623703
80.5402701350675,0.0252843245533482
81.0405202601301,0.0330891709207224
81.5407703851926,0.0273048991538662
82.0410205102551,0.0269068157997344
82.5412706353177,0.026617300633093
83.0415207603802,0.0175096360158326
83.5417708854427,0.021146670296765
84.0420210105053,0.0295787995251956
84.5422711355678,0.0270455418170833
85.0425212606303,0.026140806921329
85.5427713856928,0.0315209637680816
86.0430215107554,0.0342894525490899
86.5432716358179,0.0313822377507326
87.0435217608804,0.0280407502024131
87.543771885943,0.027944245146866
88.0440220110055,0.033276149465845
88.544272136068,0.040489902367993
89.0445222611306,0.0461294165515285
89.5447723861931,0.0477398446659713
90.0450225112556,0.0395731043402953
90.5452726363182,0.0324679196256378
91.0455227613807,0.0342231053234012
91.5457728864432,0.0386683694445409
92.0460230115058,0.0452488079196609
92.5462731365683,0.0415755842428982
93.0465232616308,0.0327091822645056
93.5467733866933,0.0317622264069494
94.0470235117559,0.0295546732613088
94.5472736368184,0.0307730495875913
95.0475237618809,0.0287585065530449
95.5477738869435,0.0247716414457541
96.048024012006,0.036328121847523
96.5482741370685,0.0424561928747658
97.0485242621311,0.0470160567493677
97.5487743871936,0.0516362362836866
98.0490245122561,0.0350132404656933
98.5492746373187,0.0232215289910284
99.0495247623812,0.0209415970537273
99.5497748874437,0.0229440769563303
100.050025012506,0.0302663980459689
100.550275137569,0.0311470066778364
101.050525262631,0.0330047289971187
101.550775387694,0.0369252468787209
102.051025512756,0.0400073770902574
102.551275637819,0.0376852241911545
103.051525762881,0.0247294204839522
103.551775887944,0.00546459877035621
104.052026013006,0
104.552276138069,0.0210803230710763
105.052526263132,0.0342954841150616
105.552776388194,0.0316596897854305
106.053026513257,0.0370760360280132
106.553276638319,0.0383306017501259
107.053526763382,0.0314003324486476
107.553776888444,0.0255617765880461
108.054027013507,0.0265388902754609
108.554277138569,0.0287223171572147
109.054527263632,0.0240237272652638
109.554777388694,0.0268223738761306
110.055027513757,0.0352062505767876
110.555277638819,0.0327936241881093
111.055527763882,0.0211044493349631
111.555777888944,0.0223047309633305
112.056028014007,0.0336320118581751
112.55627813907,0.0392775576076821
113.056528264132,0.0443681992877933
113.556778389195,0.0431920439233127
114.057028514257,0.0360084488510232
114.55727863932,0.0352243452747026
115.057528764382,0.0341326318338258
115.557778889445,0.0244037159214806
116.058029014507,0.0255255871922161
116.55827913957,0.0361170170385137
117.058529264632,0.0396394515659839
117.558779389695,0.0398565879409649
118.059029514757,0.0416298683366435
118.55927963982,0.0354957657434289
119.059529764882,0.0186134125886528
119.559779889945,0.0200851146857466
120.060030015007,0.0355198920073158
120.56028014007,0.0410146486075306
121.060530265133,0.0432825174128881
121.560780390195,0.046455121114
122.061030515258,0.04577958572517
122.56128064032,0.0479690441728956
123.061530765383,0.0505023018810078
123.561780890445,0.0449170717912176
124.062031015508,0.0390121687049275
124.56228114057,0.0310505016222893
125.062531265633,0.0253928927408387
125.562781390695,0.0295667363932521
126.063031515758,0.0305921026084404
126.56328164082,0.0286077174037526
127.063531765883,0.0317200054451475
127.563781890945,0.0282940759732243
128.064032016008,0.0227812246750945
128.564282141071,0.0271360153066588
129.064532266133,0.029946725049469
129.564782391196,0.0302422717820821
130.065032516258,0.0313641430528174
130.565282641321,0.0279321820149226
131.065532766383,0.0228958244285568
131.565782891446,0.0207847763384633
132.066033016508,0.0215507852168686
132.566283141571,0.0294581682057616
133.066533266633,0.0329926658651752
133.566783391696,0.0281372552579603
134.067033516758,0.0399772192603989
134.567283641821,0.0498991452838383
135.067533766883,0.037836013340447
135.567783891946,0.0300371985390444
136.068034017009,0.0252843245533482
136.568284142071,0.0130945297245513
137.068534267134,0.00412559112463984
137.568784392196,0.0134142027210512
138.069034517259,0.0360747960767117
138.569284642321,0.0315269953340532
139.069534767384,0.0166350589499367
139.569784892446,0.0332580547679299
140.070035017509,0.0475709608187637
140.570285142571,0.039241368211852
141.070535267634,0.0384331383716447
141.570785392696,0.0429749075483316
142.071035517759,0.0401159452777479
142.571285642821,0.0481379280201031
143.071535767884,0.0529390545335728
143.571785892946,0.0352484715385895
144.072036018009,0.0242167373763581
144.572286143072,0.0238307171541695
145.072536268134,0.0139027595647585
145.572786393197,0.0177026461269267
146.073036518259,0.0348262619205707
146.573286643322,0.0343015156810332
147.073536768384,0.029054053285658
147.573786893447,0.0237462752305658
148.074037018509,0.0134926130786832
148.574287143572,0.0193311689392847
149.074537268634,0.0318647630284682
149.574787393697,0.0269490367615363
150.075037518759,0.0217558584599062
150.575287643822,0.0242891161680184
151.075537768884,0.026756026650442
151.575787893947,0.0381375916390316
152.07603801901,0.0452669026175759
152.576288144072,0.0418952572393981
153.076538269135,0.0340843793060522
153.576788394197,0.0272626781920644
154.07703851926,0.0379626762258525
154.577288644322,0.0405441864617383
155.077538769385,0.0275099723969039
155.577788894447,0.0338250219692693
156.07803901951,0.0428542762288977
156.578289144572,0.0363703428093248
157.078539269635,0.0281915393517055
157.578789394697,0.0275582249246775
158.07903951976,0.0355741761010611
158.579289644822,0.0355862392330044
159.079539769885,0.0301035457647331
159.579789894947,0.0321422150631662
160.08004002001,0.0340783477400805
160.580290145073,0.0295908626571389
161.080540270135,0.0318225420666663
161.580790395198,0.0442415364023877
162.08104052026,0.043385054034407
162.581290645323,0.0369674678405227
163.081540770385,0.0357068705524383
163.581790895448,0.0279864661086678
164.08204102051,0.024078011359009
164.582291145573,0.0303327452716574
165.082541270635,0.037359519628683
165.582791395698,0.0361471748683722
166.08304152076,0.0264061958240837
166.583291645823,0.0150125677035505
167.083541770885,0.0211647649946801
167.583791895948,0.041997793860917
168.084042021011,0.0437228217288219
168.584292146073,0.0361170170385137
169.084542271136,0.0420279516907754
169.584792396198,0.0490004419540556
170.085042521261,0.0452065869578591
170.585292646323,0.042848244662926
171.085542771386,0.0409362382498984
171.585792896448,0.0331253603165526
172.086043021511,0.0323895092680057
172.586293146573,0.0403270500867572
173.086543271636,0.0456468912737928
173.586793396698,0.0449532611870478
174.087043521761,0.0435901272774446
174.587293646823,0.0384331383716449
175.087543771886,0.0347297568650237
175.587793896948,0.035157998049014
176.088044022011,0.0335113805387411
176.588294147074,0.0307428917577328
177.088544272136,0.0320457100076191
177.588794397199,0.0334631280109675
178.089044522261,0.0231008976715944
178.589294647324,0.0148014628945411
179.089544772386,0.0193975161649732
179.589794897449,0.0292229371328655
180.090045022511,0.0359240069274194
180.590295147574,0.038071244413343
181.090545272636,0.0377093504550413
181.590795397699,0.0268284054421023
182.091045522761,0.0182877080261813
182.591295647824,0.0229139191264718
183.091545772886,0.0297295886744879
183.591795897949,0.0319974574798455
184.092046023012,0.0310927225840911
184.592296148074,0.0325523615492415
185.092546273137,0.0287585065530449
185.592796398199,0.0263096907685365
186.093046523262,0.0305921026084404
186.593296648324,0.0342532631532597
187.093546773387,0.0395127886805783
187.593796898449,0.0453754708050665
188.094047023512,0.0547123349292514
188.594297148574,0.0540609258043082
189.094547273637,0.0317381001430626
189.594797398699,0.0150065361375787
190.095047523762,0.0250008409526785
190.595297648824,0.0432945805448315
191.095547773887,0.0465636893014906
191.595797898949,0.0469678042215941
192.096048024012,0.0445793040968027
192.596298149075,0.0330529815248922
193.096548274137,0.0344040523025521
193.5967983992,0.0354113238198253
194.097048524262,0.0300733879348746
194.597298649325,0.0371061938578717
195.097548774387,0.0390785159306163
195.59779889945,0.0342592947192314
196.098049024512,0.0405260917638232
196.598299149575,0.0473900138396128
197.098549274637,0.0454237233328401
197.5987993997,0.0358878175315892
198.099049524762,0.0282759812753093
198.599299649825,0.0320336468756757
199.099549774887,0.0375947507015791
199.59979989995,0.0418711309755113
200.100050025013,0.0438494846142274
200.600300150075,0.0381134653751449
201.100550275138,0.0259598599421781
201.6008004002,0.0165928379881347
202.101050525263,0.0275401302267624
202.601300650325,0.0413886056977757
203.101550775388,0.0406467230832571
203.60180090045,0.0463344897945661
204.102051025513,0.051171805703866
204.602301150575,0.0380833075452864
205.102551275638,0.029331505320356
205.6028014007,0.0345669045837879
206.103051525763,0.039301683871569
206.603301650825,0.0417746259199642
207.103551775888,0.0345970624136464
207.60380190095,0.0283483600669696
208.104052026013,0.0294883260356201
208.604302151076,0.0280166239385263
209.104552276138,0.0307609864556478
209.604802401201,0.0288067590808184
210.105052526263,0.0271541100045739
210.605302651326,0.0386744010105126
211.105552776388,0.0440244000274067
211.605802901451,0.030561944778582
212.106053026513,0.0260322387338385
212.606303151576,0.0346694412053067
213.106553276638,0.0318346051986097
213.606803401701,0.0212130175224536
214.107053526763,0.0188607067934923
214.607303651826,0.0271360153066588
215.107553776888,0.0355078288753724
215.607803901951,0.0416901839963605
216.108054027014,0.0400254717881724
216.608304152076,0.0366116054481928
217.108554277139,0.0406406915172854
217.608804402201,0.0357973440420137
218.109054527264,0.0224856779424815
218.609304652326,0.0148919363841166
219.109554777389,0.0170874263978138
219.609804902451,0.0300975141987613
220.110055027514,0.0409603645137853
220.610305152576,0.0428964971906995
221.110555277639,0.0354113238198253
221.610805402701,0.0272868044559512
222.111055527764,0.0350433982955518
222.611305652826,0.0339456532887032
223.111555777889,0.0229320138243869
223.611805902951,0.026617300633093
224.112056028014,0.0314666796743363
224.612306153077,0.0277632981677152
225.112556278139,0.0266595215948948
225.612806403202,0.0231069292375661
226.113056528264,0.0146748000091356
226.613306653327,0.0243675265256504
227.113556778389,0.0288127906467902
227.613806903452,0.0175940779394362
228.114057028514,0.0223409203591607
228.614307153577,0.0328358451499112
229.114557278639,0.0349046722782028
229.614807403702,0.0275944143205077
230.115057528764,0.019680999765643
230.615307653827,0.0258995442824611
231.115557778889,0.0385959906528806
231.615807903952,0.0450437346766233
232.116058029015,0.040411492010361
232.616308154077,0.0379626762258525
233.11655827914,0.0484937904124332
233.616808404202,0.0526435078009598
234.117058529265,0.0493743990443007
234.617308654327,0.0498508927560647
235.11755877939,0.0435599694475861
235.617808904452,0.0357249652503534
236.118059029515,0.0307428917577328
236.618309154577,0.022395204452906
237.11855927964,0.0300975141987614
237.618809404702,0.0462500478709623
238.119059529765,0.0486445795617255
238.619309654827,0.0423536562532469
239.11955977989,0.0329504449033734
239.619809904952,0.0285112123482054
240.120060030015,0.0304714712890065
240.620310155078,0.0296813361467144
241.12056028014,0.0240478535291506
241.620810405203,0.0268766579698759
242.121060530265,0.0288248537787336
242.621310655328,0.0191140325643036
243.12156078039,0.017262341810993
243.621810905453,0.0259176389803762
244.122061030515,0.033336465125562
244.622311155578,0.0339697795525901
245.12256128064,0.0265147640115742
245.622811405703,0.01942164242886
246.123061530765,0.0260141440359234
246.623311655828,0.0306524182681573
247.12356178089,0.0237583383625092
247.623811905953,0.0273290254177531
248.124062031016,0.0273652148135832
248.624312156078,0.0242227689423298
249.124562281141,0.0316054056916852
249.624812406203,0.0286378752336111
250.125062531266,0.0313339852229589
250.625312656328,0.04055021802771
251.125562781391,0.0326368034728453
251.625812906453,0.0287283487231865
252.126063031516,0.041720341826219
252.626313156578,0.0444888306072272
253.126563281641,0.0345970624136464
253.626813406703,0.0335234436706845
254.127063531766,0.0276728246781397
254.627313656828,0.0199403571024258
255.127563781891,0.0274979092649605
255.627813906953,0.030640355136214
256.128064032016,0.0213819013696611
256.628314157079,0.0180645400852285
257.128564282141,0.033276149465845
257.628814407204,0.0496699457769137
258.129064532266,0.0458760907807172
258.629314657329,0.0417263733921905
259.129564782391,0.0429387181525014
259.629814907454,0.0318949208583267
260.130065032516,0.0185350022310208
260.630315157579,0.0176966145609551
261.130565282641,0.0196327472378693
261.630815407704,0.0182273923664643
262.131065532766,0.0302663980459689
262.631315657829,0.0475528661208486
263.131565782891,0.0465455946035754
263.631815907954,0.035574176101061
264.132066033016,0.0295787995251955
264.632316158079,0.0389940740070125
265.132566283142,0.0596521874600701
265.632816408204,0.0586750737726555
266.133066533267,0.0406527546492288
266.633316658329,0.0336742328199769
267.133566783392,0.0340059689484201
267.633816908454,0.0393077154375406
268.134067033517,0.0423898456490771
268.634317158579,0.040152134673578
269.134567283642,0.040272765993012
269.634817408704,0.046316395096651
270.135067533767,0.0608705637863526
270.635317658829,0.0660094579942373
271.135567783892,0.0626800335778613
271.635817908954,0.0570163931304392
272.136068034017,0.0449472296210761
272.63631815908,0.0444466096454254
273.136568284142,0.054404725064695
273.636818409205,0.0591998200121929
274.137068534267,0.0588077682240328
274.63731865933,0.0566364044742222
275.137568784392,0.0509787955927717
275.637818909455,0.0428180868330675
276.138069034517,0.0368830259169189
276.63831915958,0.0266534900289231
277.138569284642,0.0197292522934165
277.638819409705,0.0381375916390317
278.139069534767,0.0547485243250816
278.63931965983,0.0480534860964994
279.139569784892,0.0421244567463225
279.639819909955,0.0366658895419379
280.140070035018,0.0290661164176014
280.64032016008,0.0322809410805152
281.140570285143,0.0408337016283796
281.640820410205,0.0433850540344068
282.141070535268,0.0391207368924181
282.64132066033,0.0368950890488624
283.141570785393,0.0440847156871237
283.641820910455,0.0521549509572524
284.142071035518,0.04471199854818
284.64232116058,0.0339396217227316
285.142571285643,0.0349710195038915
285.642821410705,0.030658449834129
286.143071535768,0.0275099723969039
286.64332166083,0.0320155521777605
287.143571785893,0.0301940192543085
287.643821910955,0.0324679196256378
288.144072036018,0.0503515127317155
288.644322161081,0.0573179714290238
289.144572286143,0.0469798673535375
289.644822411206,0.0487048952214425
290.145072536268,0.0556231013909775
290.645322661331,0.0548088399847985
291.145572786393,0.0404838708020213
291.645822911456,0.0272023625323474
292.146073036518,0.0395188202465501
292.646323161581,0.0536085583564311
293.146573286643,0.0485239482422917
293.646823411706,0.0476554027423675
294.147073536768,0.0521127299954506
294.647323661831,0.0454237233328401
295.147573786893,0.0335294752366562
295.647823911956,0.0276125090184227
296.148074037018,0.0311651013757515
296.648324162081,0.0341567580977126
297.148574287144,0.044494862173199
297.648824412206,0.0559669006513641
298.149074537269,0.0460449746279247
298.649324662331,0.0310082806604874
299.149574787394,0.0226485302237173
299.649824912456,0.0221117208522362
300.150075037519,0.0311108172820063
300.650325162581,0.0376671294932395
301.150575287644,0.0381737810348618
301.650825412706,0.034542778319901
302.151075537769,0.0378601396043337
302.651325662831,0.0477217499680561
303.151575787894,0.0469014569959055
303.651825912956,0.0400556296180309
304.152076038019,0.0484696641485464
304.652326163082,0.0508822905372246
305.152576288144,0.0352846609344196
305.652826413207,0.0391207368924181
306.153076538269,0.0475227082909901
306.653326663332,0.0425526979303129
307.153576788394,0.0435298116177276
307.653826913457,0.0472150984264337
308.154077038519,0.0456589544057362
308.654327163582,0.0466722574889811
309.154577288644,0.0503635758636588
309.654827413707,0.0450738925064816
310.155077538769,0.0371966673474472
310.655327663832,0.0410025854755871
311.155577788894,0.0425285716664262
311.655827913957,0.036406532205155
312.15607803902,0.0404356182742477
312.656328164082,0.0452849973154911
313.156578289145,0.0446094619266612
313.656828414207,0.0459122801765474
314.15707853927,0.048475695714518
314.657328664332,0.0540729889362516
315.157578789395,0.0524022451620919
315.657828914457,0.0462440163049906
316.15807903952,0.0455021336904721
316.658329164582,0.0441148735169822
317.158579289645,0.0458157751210003
317.658829414707,0.0451884922599439
318.15907953977,0.0399711876944272
318.659329664832,0.0415635211109548
319.159579789895,0.0494347147040176
319.659829914957,0.0514613208705074
320.16008004002,0.0471849405965752
320.660330165083,0.0571128981859862
321.160580290145,0.0637596838867949
321.660830415208,0.0506048385025266
322.16108054027,0.0494528094019328
322.661330665333,0.055749764276383
323.161580790395,0.0518111516968658
323.661830915458,0.0492417045929234
324.16208104052,0.0456589544057362
324.662331165583,0.0339215270248164
325.162581290645,0.02532654551515
325.662831415708,0.0295124522995068
326.16308154077,0.0414067003956907
326.663331665833,0.0520041618079601
327.163581790895,0.0490426629158575
327.663831915958,0.0390604212327011
328.16408204102,0.0356948074204949
328.664332166083,0.037516340343947
329.164582291146,0.037317298666881
329.664832416208,0.0341929474935427
330.165082541271,0.0324498249277226
330.665332666333,0.0261166806574422
331.165582791396,0.032148246629138
331.665832916458,0.0513045001552433
332.166083041521,0.0497604192664892
332.666333166583,0.0361351117364287
333.166583291646,0.0349951457677783
333.666833416708,0.0388070954618899
334.167083541771,0.0374258668543715
334.667333666833,0.03361391716026
335.167583791896,0.0328117188860244
335.667833916959,0.0362316167919758
336.168084042021,0.0420400148227188
336.668334167084,0.0495131250616497
337.168584292146,0.0586690422066838
337.668834417209,0.0502670708081117
338.169084542271,0.0287042224592996
338.669334667334,0.019680999765643
339.169584792396,0.0231189923695095
339.669834917459,0.0398565879409649
340.170085042521,0.0519679724121298
340.670335167584,0.0543504409709497
341.170585292646,0.0516181415857715
341.670835417709,0.0423234984233885
342.171085542771,0.0445431147009725
342.671335667834,0.054501230120242
343.171585792896,0.0562081632902319
343.671835917959,0.0474201716694713
344.172086043022,0.0292470633967522
344.672336168084,0.0198860730086806
345.172586293147,0.0314968375041947
345.672836418209,0.0396092937361254
346.173086543272,0.0373052355349377
346.673336668334,0.039380094229201
347.173586793397,0.0443983571176518
347.673836918459,0.0454478495967269
348.174087043522,0.0465757524334339
348.674337168584,0.0503153233358853
349.174587293647,0.0468893938639622
349.674837418709,0.0414730476213794
350.175087543772,0.0386623378785692
350.675337668834,0.0372811092710509
351.175587793897,0.0376791926251828
351.675837918959,0.0364366900350135
352.176088044022,0.0371001622919001
352.676338169085,0.0350494298615235
353.176588294147,0.0372087304793906
353.67683841921,0.0456107018779627
354.177088544272,0.0497362930026025
354.677338669335,0.0524927186516674
355.177588794397,0.0479026969472069
355.67783891946,0.0350373667295801
356.178089044522,0.0344462732643539
356.678339169585,0.0480112651346974
357.178589294647,0.0560995951027413
357.67883941971,0.0529450860995445
358.179089544772,0.0465576577355188
358.679339669835,0.0529571492314879
359.179589794897,0.0630901800639366
359.67983991996,0.0588982417136081
360.180090045022,0.0508581642733378
360.680340170085,0.0393981889271161
361.180590295148,0.0299708513133558
361.68084042021,0.0332339285040432
362.181090545273,0.0338612113650995
362.681340670335,0.0231189923695094
363.181590795398,0.0204831980398784
363.68184092046,0.030779081153563
364.182091045523,0.0416238367706717
364.682341170585,0.0457856172911418
365.182591295648,0.0357551230802119
365.68284142071,0.037715382021013
366.183091545773,0.0465455946035754
366.683341670835,0.0401099137117762
367.183591795898,0.0375525297397772
367.683841920961,0.0366297001461077
368.184092046023,0.0275521933587057
368.684342171086,0.0302603664799972
369.184592296148,0.0372569830071642
369.684842421211,0.0331856759762695
370.185092546273,0.0367865208613719
370.685342671336,0.0333304335595902
371.185592796398,0.0273109307198379
371.685842921461,0.0368528680870606
372.186093046523,0.0437047270309068
372.686343171586,0.0458760907807172
373.186593296648,0.0494045568741591
373.686843421711,0.0398083354131914
374.187093546773,0.0277512350357717
374.687343671836,0.0402607028610685
375.187593796898,0.0576316128595521
375.687843921961,0.0563951418353544
376.188094047024,0.0464189317181699
376.688344172086,0.0384753593334467
377.188594297149,0.0384331383716447
377.688844422211,0.049645819513027
378.189094547274,0.0521006668635071
378.689344672336,0.0392835891736538
379.189594797399,0.0283362969350262
379.689844922461,0.0352665662365045
380.190095047524,0.0504057968254606
380.690345172586,0.0522514560127996
381.190595297649,0.039181052552135
381.690845422711,0.0280226555044981
382.191095547774,0.0400013455242857
382.691345672836,0.051726709773262
383.191595797899,0.0461113218536133
383.691845922961,0.038668369444541
384.192096048024,0.0366779526738814
384.692346173087,0.0399108720347102
385.192596298149,0.0495070934956781
385.692846423212,0.0559849953492791
386.193096548274,0.0480896754923296
386.693346673337,0.0382220335626354
387.193596798399,0.0311711329417232
387.693846923462,0.0294762629036768
388.194097048524,0.0368950890488624
388.694347173587,0.0429447497184732
389.194597298649,0.0513467211170452
389.694847423712,0.0572033716755617
390.195097548774,0.0452005553918874
390.695347673837,0.0400616611840027
391.195597798899,0.0495493144574799
391.695847923962,0.0574325711824861
392.196098049024,0.0560513425749678
392.696348174087,0.0455322915203306
393.19659829915,0.0382099704306921
393.696848424212,0.0311470066778364
394.197098549275,0.0286137489697242
394.697348674337,0.0383366333160976
395.1975987994,0.0472512878222638
395.697848924462,0.0482284015096786
396.198099049525,0.046237984739019
396.698349174587,0.0446456513224913
397.19859929965,0.0434755275239823
397.698849424712,0.0406165652533986
398.199099549775,0.0497543877005175
398.699349674837,0.0578185914046747
399.1995997999,0.0473960454055845
399.699849924963,0.051449257738564
400.200100050025,0.0594471142170325
400.700350175088,0.0527098550266484
401.20060030015,0.0528485810439974
401.700850425213,0.0553396177903077
402.201100550275,0.0516844888114601
402.701350675338,0.0499413662456402
403.2016008004,0.0482223699437069
403.701850925463,0.0413041637741719
404.202101050525,0.0413644794338889
404.702351175588,0.0477096868361128
405.20260130065,0.0572938451651371
405.702851425713,0.0716308774798577
406.203101550775,0.0808531418505805
406.703351675838,0.0864986876000876
407.2036018009,0.0795442920347225
407.703851925963,0.060587080185683
408.204102051026,0.0477700024958297
408.704352176088,0.0394946939826633
409.204602301151,0.0384391699376164
409.704852426213,0.0426190451560016
410.205102551276,0.0442475679683595
410.705352676338,0.0493502727804139
411.205602801401,0.0490064735200273
411.705852926463,0.0421968355379828
412.206103051526,0.0479328547770654
412.706353176588,0.05477868215494
413.206603301651,0.0463405213605378
413.706853426713,0.0429568128504165
414.207103551776,0.0500077134713287
414.707353676838,0.0508280064434794
415.207603801901,0.0515035418323093
415.707853926963,0.0588318944879195
416.208104052026,0.061262615574513
416.708354177089,0.0489702841241971
417.208604302151,0.0343980207365804
417.708854427214,0.041400668829719
418.209104552276,0.0601347127378058
418.709354677339,0.0632168429493423
419.209604802401,0.0628187595952104
419.709854927464,0.0633012848729461
420.210105052526,0.0490848838776593
420.710355177589,0.0454900705585287
421.210605302651,0.0615099097793524
421.710855427714,0.0665945198934919
422.211105552776,0.0545374195160722
422.711355677839,0.0496880404748289
423.211605802901,0.0550440710576946
423.711855927964,0.0478665075513768
424.212106053027,0.0382160019966638
424.712356178089,0.0427215817775204
425.212606303152,0.0362557430558627
425.712856428214,0.0196689366336996
426.213106553277,0.0245906944666032
426.713356678339,0.0328117188860244
427.213606803402,0.0313279536569873
427.713856928464,0.0371061938578717
428.214107053527,0.044989450582878
428.714357178589,0.0495915354192817
429.214607303652,0.0516422678496583
429.714857428714,0.0522997085405731
430.215107553777,0.0548329662486854
430.715357678839,0.0507978486136209
431.215607803902,0.0382220335626354
431.715857928965,0.0291867477370352
432.216108054027,0.0349710195038915
432.71635817909,0.0492658308568102
433.216608304152,0.0627343176716066
433.716858429215,0.0572094032415333
434.217108554277,0.0399711876944272
434.71735867934,0.0521911403530826
435.217608804402,0.0612324577446544
435.717858929465,0.0450075452807931
436.218109054527,0.039856587940965
436.71835917959,0.0434936222218975
437.218609304652,0.0395248518125217
437.718859429715,0.0327272769624206
438.219109554777,0.0389880424410408
438.71935967984,0.0654847117546998
439.219609804902,0.0768723083092613
439.719859929965,0.0540006101445913
440.220110055028,0.0328479082818546
440.72036018009,0.0329625080353168
441.220610305153,0.0393137470035123
441.720860430215,0.0395911990382104
442.221110555278,0.0451161134682836
442.72136068034,0.0604785119981924
443.221610805403,0.0602915334530699
443.721860930465,0.0402184818992667
444.222111055528,0.0316717529173739
444.72236118059,0.0406045021214553
445.222611305653,0.0505445228428097
445.722861430715,0.0538196631654404
446.223111555778,0.0512260897976112
446.72336168084,0.0459725958362643
447.223611805903,0.0404235551423043
447.723861930965,0.0450437346766231
448.224112056028,0.0505927753705833
448.724362181091,0.0497302614366307
449.224612306153,0.0575230446720616
449.724862431216,0.064037135921493
450.225112556278,0.0568897302450335
450.725362681341,0.0456408597078212
451.225612806403,0.0390121687049276
451.725862931466,0.0393740626632293
452.226113056528,0.0479328547770654
452.726363181591,0.0523298663704316
453.226613306653,0.0439278949718596
453.726863431716,0.0446034303606895
454.227113556778,0.048258559339537
454.727363681841,0.0290058007578845
455.227613806903,0.017835340578304
455.727863931966,0.031828573632638
456.228114057029,0.0483671275270275
456.728364182091,0.0486687058256123
457.228614307154,0.0341567580977126
457.728864432216,0.0344462732643539
458.229114557279,0.0403813341805025
458.729364682341,0.0440485262912934
459.229614807404,0.0464852789438585
459.729864932466,0.044651682888463
460.230115057529,0.0567630673596279
460.730365182591,0.0576436759914954
461.230615307654,0.0416419314685869
461.730865432716,0.0404657761041062
462.231115557779,0.0536025267904594
462.731365682841,0.0660758052199261
463.231615807904,0.0667211827788975
463.731865932966,0.0619321193973711
464.232116058029,0.0536869687140632
464.732366183092,0.0454900705585287
465.232616308154,0.0494648725338761
465.732866433217,0.0491994836311216
466.233116558279,0.042154614576181
466.733366683342,0.0425647610622563
467.233616808404,0.0472512878222638
467.733866933467,0.0483490328291124
468.234117058529,0.0485782323360369
468.734367183592,0.052975243929403
469.234617308654,0.0539161682209875
469.734867433717,0.0468532044681319
470.235117558779,0.0398083354131914
470.735367683842,0.0404597445381345
471.235617808904,0.0418349415796812
471.735867933967,0.03813156007306
472.23611805903,0.038010928753626
472.736368184092,0.0468411413361886
473.236618309155,0.0513949736448188
473.736868434217,0.0412559112463984
474.23711855928,0.0321784044589964
474.737368684342,0.0324799827575811
475.237618809405,0.0446215250586045
475.737868934467,0.0656837534317658
476.23811905953,0.063162558855597
476.738369184592,0.0441329682148972
477.238619309655,0.0326428350388169
477.738869434717,0.0336199487262316
478.23911955978,0.0442053470065575
478.739369684842,0.0512683107594132
479.239619809905,0.0565579941165902
479.739869934967,0.0500740606970175
480.24012006003,0.0410448064373891
480.740370185093,0.047564929252792
481.240620310155,0.0516543309816017
481.740870435218,0.0408638594582381
482.24112056028,0.0292772212266107
482.741370685343,0.0315873109937702
483.241620810405,0.0399470614305404
483.741870935468,0.0458037119890569
484.24212106053,0.0554662806757134
484.742371185593,0.0600683655121171
485.242621310655,0.0507918170476492
485.742871435718,0.0471125618049149
486.24312156078,0.0514552893045357
486.743371685843,0.0447964404717837
487.243621810905,0.0379023605661356
487.743871935968,0.0425466663643412
488.244122061031,0.0533371378877048
488.744372186093,0.0637295260569364
489.244622311156,0.0564554574950714
489.744872436218,0.0437228217288219
490.245122561281,0.0332580547679299
490.745372686343,0.0208450919981802
491.245622811406,0.0184204024775586
491.745872936468,0.0331675812783544
492.246123061531,0.052697791894705
492.746373186593,0.0562141948562036
493.246623311656,0.0497302614366307
493.746873436718,0.044018368461435
494.247123561781,0.0469798673535375
494.747373686843,0.0521428878253091
495.247623811906,0.0520101933739318
495.747873936968,0.0451945238259156
496.248124062031,0.0359963857190797
496.748374187094,0.0419676360310585
497.248624312156,0.0501162816588193
497.748874437219,0.0411292483609927
498.249124562281,0.0301578298584784
498.749374687344,0.0349770510698632
499.249624812406,0.050182628884508
499.749874937469,0.0574084449185993
500.250125062531,0.0500861238289608
500.750375187594,0.051388942078847
501.250625312656,0.0648272710637851
501.750875437719,0.0602553440572398
502.251125562781,0.045562449350189
502.751375687844,0.0392956523055973
503.251625812906,0.0413463847359737
503.751875937969,0.0509968902906869
504.252126063032,0.0535120533008839
504.752376188094,0.040628628385342
505.252626313157,0.0352665662365046
505.752876438219,0.0431980754892843
506.253126563282,0.0414247950936059
506.753376688344,0.0385658328230221
507.253626813407,0.0420520779546621
507.753876938469,0.0451643659960571
508.254127063532,0.0514975102663376
508.754377188594,0.0547786821549401
509.254627313657,0.0501585026206212
509.754877438719,0.0520765405996204
510.255127563782,0.0511295847420642
510.755377688844,0.0385175802952485
511.255627813907,0.0431558545274825
511.755877938969,0.0567087832658827
512.256128064032,0.0584700005296178
512.756378189095,0.055315491526421
513.256628314157,0.0496156616831686
513.75687843922,0.0456649859717079
514.257128564282,0.0497966086623195
514.757378689345,0.0604423226023623
515.257628814407,0.0572998767311088
515.75787893947,0.0387709060660597
516.258129064532,0.0421968355379828
516.758379189595,0.0599477341926832
517.258629314657,0.0613953100258903
517.75887943972,0.0580779487414576
518.259129564782,0.0548148715507702
518.759379689845,0.0528244547801107
519.259629814907,0.0567148148318544
519.75987993997,0.0563649840054961
520.260130065033,0.0568535408492034
520.760380190095,0.0591575990503911
521.260630315158,0.0550139132278362
521.76088044022,0.0472512878222638
522.261130565283,0.0385417065591352
522.761380690345,0.0394705677187764
523.261630815408,0.0509848271587435
523.76188094047,0.0588922101476365
524.262131065533,0.0564011734013262
524.762381190595,0.0465395630376038
525.262631315658,0.0390001055729842
525.76288144072,0.0421304883122942
526.263131565783,0.0498508927560647
526.763381690845,0.0530114333252332
527.263631815908,0.0539885470126479
527.76388194097,0.0563589524395243
528.264132066033,0.0542117149536007
528.764382191096,0.0411835324547379
529.264632316158,0.0410448064373891
529.764882441221,0.0624267078070502
530.265132566283,0.079435723847232
530.765382691346,0.081733750482448
531.265632816408,0.0695982397473963
531.765882941471,0.0517448044711771
532.266133066533,0.0449834190169063
532.766383191596,0.0486868005235275
533.266633316658,0.0495734407213667
533.766883441721,0.0512019635337245
534.267133566783,0.0549535975681192
534.767383691846,0.0522032034850259
535.267633816908,0.0537231581098933
535.767883941971,0.0629574856125593
536.268134067034,0.0620587822827767
536.768384192096,0.0533069800578463
537.268634317159,0.0480655492284427
537.768884442221,0.0482766540374521
538.269134567284,0.0481379280201031
538.769384692346,0.0423174668574168
539.269634817409,0.0478001603256881
539.769884942471,0.0645196611992286
540.270135067534,0.0601829652655793
540.770385192596,0.0455443546522739
541.270635317659,0.0523419295023749
541.770885442721,0.0558583324638736
542.271135567784,0.0460932271556983
542.771385692846,0.0482645909055087
543.271635817909,0.0537533159397517
543.771885942971,0.0539825154466763
544.272136068034,0.0646041031228323
544.772386193097,0.0725959280353291
545.272636318159,0.0579331911581369
545.772886443222,0.0427818974372374
546.273136568284,0.0472512878222638
546.773386693347,0.0523419295023749
547.273636818409,0.0473779507076694
547.773886943472,0.0484153800548011
548.274137068534,0.0570344878283542
548.774387193597,0.0579090648942501
549.274637318659,0.0491632942352914
549.774887443722,0.0463224266626227
550.275137568784,0.0477338130999995
550.775387693847,0.0418228784477377
551.275637818909,0.0394645361528047
551.775887943972,0.0497242298706591
552.276138069035,0.0581744537970047
552.776388194097,0.0538860103911291
553.27663831916,0.0474744557632166
553.776888444222,0.0490848838776593
554.277138569285,0.048716958353386
554.777388694347,0.0443501045898783
555.27763881941,0.0494648725338761
555.777888944472,0.0548993134743739
556.278139069535,0.0540428311063932
556.778389194597,0.0606232695815131
557.27863931966,0.0660396158240958
557.778889444722,0.0608102481266357
558.279139569785,0.05200416180796
558.779389694847,0.0457072069335097
559.27963981991,0.0474201716694713
559.779889944973,0.0436564745031333
560.280140070035,0.0385175802952485
560.780390195098,0.0491693258012631
561.28064032016,0.0591817253142779
561.780890445223,0.0576798653873256
562.281140570285,0.0544650407244118
562.781390695348,0.0543805988008081
563.28164082041,0.0483912537909144
563.781890945473,0.0386864641424559
564.282141070535,0.0376610979272677
564.782391195598,0.0451583344300854
565.28264132066,0.0624870234667672
565.782891445723,0.0718902348166407
566.283141570785,0.0663954782164259
566.783391695848,0.0652856700776339
567.28364182091,0.0602734387551548
567.783891945973,0.0548932819084023
568.284142071035,0.0607740587308055
568.784392196098,0.0612505524425695
569.284642321161,0.0574386027484578
569.784892446223,0.0616908567585033
570.285142571286,0.0671856133587181
570.785392696348,0.072240065642999
571.285642821411,0.0695922081814246
571.785892946473,0.050460080919206
572.286143071536,0.035574176101061
572.786393196598,0.0356525864586931
573.286643321661,0.0337586747435806
573.786893446723,0.0364728794308437
574.287143571786,0.0519378145822714
574.787393696848,0.056781162057543
575.287643821911,0.0510692690823472
575.787893946973,0.0531019068148086
576.288144072036,0.0559729322173358
576.788394197099,0.0508340380094511
577.288644322161,0.046237984739019
577.788894447224,0.052975243929403
578.289144572286,0.0653158279074924
578.789394697349,0.0700626703272169
579.289644822411,0.0707683635459053
579.789894947474,0.067800833087831
580.290145072536,0.0521066984294789
580.790395197599,0.0385296434271919
581.290645322661,0.0489944103880838
581.790895447724,0.0641457041089835
582.291145572786,0.0613168996682582
582.791395697849,0.0550199447938079
583.291645822912,0.0530476227210633
583.791895947974,0.0440002737635199
584.292146073037,0.0444164518155669
584.792396198099,0.0644593455395116
585.292646323162,0.0711845415979523
585.792896448224,0.0621311610744371
586.293146573287,0.0533612641515916
586.793396698349,0.048457601016603
587.293646823412,0.0479992020027541
587.793896948474,0.047070340843113
588.294147073537,0.0520101933739318
588.794397198599,0.062113066376522
589.294647323662,0.070436627417462
589.794897448724,0.0771015078161857
590.295147573787,0.0738444621914701
590.795397698849,0.0609791319738432
591.295647823912,0.0454418180307551
591.795897948974,0.0343980207365804
592.296148074037,0.0370519097641265
592.7963981991,0.0484937904124332
593.296648324162,0.0527279497245635
593.796898449225,0.0453754708050665
594.297148574287,0.0498750190199515
594.79739869935,0.0526796971967899
595.297648824412,0.0419374782012
595.797898949475,0.0412740059443134
596.298149074537,0.0527219181585918
596.7983991996,0.0611842052168808
597.298649324662,0.0540548942383365
597.798899449725,0.0563529208735526
598.299149574787,0.0696706185390567
598.79939969985,0.0703823433237167
599.299649824912,0.0674811600913311
599.799899949975,0.0629032015188141
600.300150075038,0.058427779567816
600.8004002001,0.0696706185390567
601.300650325163,0.0833683048607775
601.800900450225,0.0778433904307043
602.301150575288,0.0632289060812857
602.80140070035,0.0550440710576946
603.301650825413,0.0551586708111568
603.801900950475,0.0552793021305907
604.302151075538,0.0499293031136967
604.8024012006,0.0483369696971691
605.302651325663,0.0515336996621678
605.802901450725,0.0536688740161481
606.303151575788,0.0533974535474218
606.80340170085,0.0521066984294788
607.303651825913,0.0546580508355061
607.803901950976,0.0547907452868834
608.304152076038,0.0532647590960444
608.804402201101,0.0506048385025266
609.304652326163,0.0445973987947178
609.804902451226,0.0504178599574041
610.305152576288,0.0657078796956526
610.805402701351,0.0649177445533604
611.305652826413,0.0543142515751195
611.805902951476,0.0524866870856957
612.306153076538,0.0619924350570881
612.806403201601,0.0730603586151496
613.306653326663,0.0617089514564183
613.806903451726,0.0436866323329916
614.307153576788,0.0438494846142274
614.807403701851,0.0555205647694587
615.307653826913,0.0644412508415965
615.807903951976,0.0689528621884249
616.308154077038,0.0754488587399411
616.808404202101,0.0759494787155919
617.308654327164,0.0748517337087432
617.808904452226,0.0731568636706967
618.309154577289,0.0669564138517936
618.809404702351,0.0632349376472573
619.309654827414,0.064688545046436
619.809904952476,0.0665402357997465
620.310155077539,0.0613048365363148
620.810405202601,0.0580538224775707
621.310655327664,0.0600140814183719
621.810905452726,0.066473888574058
622.311155577789,0.0669624454177653
622.811405702851,0.0555688172972322
623.311655827914,0.0552612074326757
623.811905952977,0.0587715788282026
624.312156078039,0.0618718037376541
624.812406203102,0.0692363457890945
625.312656328164,0.0659551739004921
625.812906453227,0.0640612621853797
626.313156578289,0.0630901800639366
626.813406703352,0.0604001016405604
627.313656828414,0.0724511704520083
627.813906953477,0.0727889381464233
628.314157078539,0.0543504409709497
628.814407203602,0.0527822338183087
629.314657328664,0.0643869667478513
629.814907453727,0.0725959280353291
630.315157578789,0.0706115428306412
630.815407703852,0.0629393909146443
631.315657828914,0.065303764775549
631.815907953977,0.0649840917790491
632.316158079039,0.0623784552792765
632.816408204102,0.0655691536783036
633.316658329165,0.0648634604596152
633.816908454227,0.0651650387582
634.31715857929,0.061202299914796
634.817408704352,0.0504962703150361
635.317658829415,0.0529692123634313
635.817908954477,0.0619441825293144
636.31815907954,0.0619864034911164
636.818409204602,0.060985163539815
637.318659329665,0.0535180848668556
637.818909454727,0.0371061938578717
638.31915957979,0.0339275585907881
638.819409704852,0.0434393381281521
639.319659829915,0.0455383230863022
639.819909954977,0.0475166767250185
640.32016008004,0.0571068666200145
640.820410205103,0.0664618254421145
641.320660330165,0.0684220843829156
641.820910455228,0.0667634037406993
642.32116058029,0.0677706752579725
642.821410705353,0.0633073164389177
643.321660830415,0.0530415911550917
643.821910955478,0.0444647043433405
644.32216108054,0.0451221450342553
644.822411205603,0.0527822338183087
645.322661330665,0.0489823472561405
645.822911455728,0.036147174868372
646.32316158079,0.0351278402191556
646.823411705853,0.0436866323329917
647.323661830916,0.0464611526799718
647.823911955978,0.0436926638989634
648.324162081041,0.0498267664921779
648.824412206103,0.0617752986821071
649.324662331166,0.067957653803095
649.824912456228,0.0675354441850764
650.325162581291,0.0620286244529182
650.825412706353,0.0606051748835981
651.325662831416,0.0588801470156931
651.825912956478,0.0615340360432391
652.326163081541,0.0672760868482934
652.826413206603,0.0622638555258144
653.326663331666,0.0556653223527793
653.826913456728,0.0483671275270275
654.327163581791,0.0449170717912176
654.827413706853,0.0585363477553065
655.327663831916,0.0714137411048766
655.827913956978,0.0599296394947681
656.328164082041,0.0478604759854051
656.828414207104,0.051449257738564
657.328664332166,0.0475950870826505
657.828914457229,0.0368830259169189
658.329164582291,0.0385296434271919
658.829414707354,0.0481138017562164
659.329664832416,0.0613229312342298
659.829914957479,0.0677163911642272
660.330165082541,0.0575712971998351
660.830415207604,0.0497242298706591
661.330665332666,0.0537352212418366
661.830915457729,0.0618778353036258
662.331165582791,0.0588861785816648
662.831415707854,0.0494407462699894
663.331665832916,0.0447180301141517
663.831915957979,0.0440424947253217
664.332166083042,0.0539825154466762
664.832416208104,0.0536507793182329
665.332666333167,0.0427034870796054
665.832916458229,0.0497001036067722
666.333166583292,0.0560392794430244
666.833416708354,0.0543323462730346
667.333666833417,0.0551586708111569
667.833916958479,0.0485239482422917
668.334167083542,0.0479026969472069
668.834417208604,0.0548872503424306
669.334667333667,0.0571490875818165
669.834917458729,0.0645196611992286
670.335167583792,0.0698455339522358
670.835417708854,0.070020449365415
671.335667833917,0.0705391640389809
671.83591795898,0.0643568089179928
672.336168084042,0.0531441277766105
672.836418209105,0.0515638574920262
673.336668334167,0.0633676320986346
673.83691845923,0.0666970565150107
674.337168584292,0.0630479591021348
674.837418709355,0.065719942827596
675.337668834417,0.0590972833906741
675.83791895948,0.0496578826449704
676.338169084542,0.050200723582423
676.838419209605,0.0522695507107146
677.338669334667,0.0589947467691553
677.83891945973,0.0645920399908889
678.339169584792,0.0594350510850891
678.839419709855,0.0578668439324482
679.339669834917,0.0563227630436941
679.83991995998,0.0514552893045357
680.340170085042,0.0497121667387156
680.840420210105,0.0476554027423675
681.340670335168,0.056859572415175
681.84092046023,0.0607318377690037
682.341170585293,0.0531260330786955
682.841420710355,0.0482645909055087
683.341670835418,0.0449954821488496
683.84192096048,0.0504842071830928
684.342171085543,0.0569078249429485
684.842421210605,0.0580477909115991
685.342671335668,0.0567510042276845
685.84292146073,0.0606413642794282
686.343171585793,0.0658224794491148
686.843421710855,0.0619502140952862
687.343671835918,0.0572817820331938
687.843921960981,0.0589404626754101
688.344172086043,0.0648996498554454
688.844422211106,0.0632349376472574
689.344672336168,0.0574808237102598
689.844922461231,0.0500499344331307
690.345172586293,0.0431015704337373
690.845422711356,0.0485239482422917
691.345672836418,0.052975243929403
691.845922961481,0.0439399581038029
692.346173086543,0.0377756976807299
692.846423211606,0.0563348261756375
693.346673336668,0.0819086658956272
693.846923461731,0.0793211240937698
694.347173586793,0.0618838668695976
694.847423711856,0.0606896168072019
695.347673836918,0.0701652069487357
695.847923961981,0.0720953080596783
696.348174087044,0.0726260858651876
696.848424212106,0.0732533687262439
697.348674337169,0.0600502708142021
697.848924462231,0.0463706791903963
698.349174587294,0.0460751324577832
698.849424712356,0.0549535975681191
699.349674837419,0.0607016799391452
699.849924962481,0.061081668595362
700.350175087544,0.0643387142200776
700.850425212606,0.0642120513346721
701.350675337669,0.0604543857343057
701.850925462731,0.0590429992969289
702.351175587794,0.0667272143448692
702.851425712856,0.0713896148409899
703.351675837919,0.0612203946127111
703.851925962981,0.0531501593425823
704.352176088044,0.0482284015096786
704.852426213107,0.0487531477492161
705.352676338169,0.0535301479987991
705.852926463232,0.0512260897976113
706.353176588294,0.0460389430619531
706.853426713357,0.0387286851042579
707.353676838419,0.0479207916451221
707.853926963482,0.0720168977020462
708.354177088544,0.077927832354308
708.854427213607,0.0707321741500752
709.354677338669,0.0717816666291501
709.854927463732,0.0736393889484324
710.355177588794,0.0608886584842677
710.855427713857,0.0519136883183846
711.355677838919,0.0553215230923927
711.855927963982,0.0575712971998351
712.356178089045,0.0591033149566459
712.856428214107,0.0604181963384754
713.35667833917,0.0725356123756121
713.856928464232,0.0786335255729964
714.357178589295,0.0649418708172472
714.857428714357,0.0564313312311847
715.35767883942,0.0569017933769769
715.857928964482,0.0613410259321449
716.358179089545,0.0638501573763703
716.858429214607,0.0620467191508334
717.35867933967,0.0540488626723649
717.858929464732,0.0432885489788598
718.359179589795,0.04887377906865
718.859429714857,0.0544167881966383
719.35967983992,0.0536749055821197
719.859929964982,0.064193956636757
720.360180090045,0.0646101346888041
720.860430215107,0.0612384893106261
721.36068034017,0.0731327374068099
721.860930465233,0.0777649800730722
722.361180590295,0.06552090115053
722.861430715358,0.0593626722934287
723.36168084042,0.0658948582407751
723.861930965483,0.0645739452929738
724.362181090545,0.0601950283975227
724.862431215608,0.0596521874600701
725.36268134067,0.0593626722934287
725.862931465733,0.0576376444255239
726.363181590795,0.0569500459047505
726.863431715858,0.067861148747548
727.36368184092,0.0835492518399285
727.863931965983,0.0883564099193699
728.364182091046,0.0768602451773179
728.864432216108,0.0682833583655666
729.364682341171,0.0703401223619149
729.864932466233,0.0660697736539544
730.365182591296,0.0490607576137726
730.865432716358,0.0454056286349249
731.365682841421,0.0686512838898401
731.865932966483,0.0757142476426957
732.366183091546,0.0669443507198503
732.866433216608,0.0711604153340655
733.366683341671,0.0699118811779245
733.866933466733,0.0629936750083896
734.367183591796,0.0641698303728702
734.867433716858,0.0640612621853797
735.367683841921,0.0605991433176264
735.867933966984,0.0692544404870096
736.368184092046,0.0748517337087432
736.868434217109,0.0618356143418241
737.368684342171,0.0645498190290871
737.868934467234,0.0752015645351016
738.369184592296,0.0659973948622939
738.869434717359,0.0642120513346721
739.369684842421,0.0761364572607144
739.869934967484,0.0777167275452987
740.370185092546,0.0744114293928094
740.870435217609,0.0703763117577451
741.370685342671,0.0634641371541818
741.870935467734,0.0643688720499361
742.371185592796,0.0679274959732367
742.871435717859,0.057118929751958
743.371685842921,0.0435479063156426
743.871935967984,0.0531682540404973
744.372186093046,0.0670408557753973
744.872436218109,0.0595677455364664
745.372686343172,0.0586569790747403
745.872936468234,0.0653580488692943
746.373186593297,0.051250216061498
746.873436718359,0.0573420976929108
747.373686843422,0.0833079892010605
747.873936968484,0.0768964345731481
748.374187093547,0.0598994816649097
748.874437218609,0.0602131230954378
749.374687343672,0.0603578806787585
749.874937468734,0.0559246796895622
750.375187593797,0.053192380304384
750.875437718859,0.0551224814153267
751.375687843922,0.0655329642824735
751.875937968985,0.0707261425841034
752.376188094047,0.069604271313368
752.87643821911,0.0661662787095014
753.376688344172,0.0619562456612579
753.876938469235,0.0620467191508334
754.377188594297,0.0617089514564184
754.87743871936,0.059416956387174
755.377688844422,0.0619381509633429
755.877938969485,0.0652072597200019
756.378189094547,0.060050270814202
756.87843921961,0.0628489174250689
757.378689344672,0.0797252390138734
757.878939469735,0.0862152039994178
758.379189594797,0.0737479571359229
758.87943971986,0.0598994816649097
759.379689844922,0.0521006668635072
759.879939969985,0.0516000468878565
760.380190095048,0.0540488626723649
760.88044022011,0.0581382644011745
761.380690345173,0.0715886565180558
761.880940470235,0.0838086091767113
762.381190595298,0.0843876395099941
762.88144072036,0.071407709538905
763.381690845423,0.0534638007731104
763.881940970485,0.0461957637772171
764.382191095548,0.053946326050846
764.88244122061,0.0618898984355692
765.382691345673,0.0682712952336232
765.882941470735,0.0824816646629383
766.383191595798,0.0738987462852153
766.88344172086,0.0481922121138484
767.383691845923,0.0469979620514526
767.883941970985,0.0619441825293144
768.384192096048,0.0713473938791881
768.884442221111,0.0686392207578966
769.384692346173,0.0603035965850133
769.884942471236,0.057890970196335
770.385192596298,0.0608524690884376
770.885442721361,0.0646644187825492
771.385692846423,0.0638320626784553
771.885942971486,0.0527822338183087
772.386193096548,0.0426612661178034
772.886443221611,0.0514854471343942
773.386693346673,0.0675173494871613
773.886943471736,0.0749904597260923
774.387193596798,0.0710759734104618
774.887443721861,0.0608524690884376
775.387693846923,0.0646402925186624
775.887943971986,0.0743330190351774
776.388194097049,0.069604271313368
776.888444222111,0.0550259763597796
777.388694347174,0.0460691008918115
777.888944472236,0.0485722007700652
778.389194597299,0.0518352779607526
778.889444722361,0.053946326050846
779.389694847424,0.0581563590990896
779.889944972486,0.056642436040194
780.390195097549,0.058506189925448
780.890445222611,0.0650202811748793
781.390695347674,0.062589560088286
781.890945472736,0.0648152079318416
782.391195597799,0.0706296375285562
782.891445722861,0.0659069213727186
783.391695847924,0.0619743403591729
783.891945972986,0.0754609218718845
784.392196098049,0.083953366760032
784.892446223112,0.0719565820423292
785.392696348174,0.0705029746431506
785.892946473237,0.0670167295115106
786.393196598299,0.0526555709329032
786.893446723362,0.0574808237102598
787.393696848424,0.0672640237163501
787.893946973487,0.0652494806818037
788.394197098549,0.066612614591407
788.894447223612,0.0751472804413563
789.394697348674,0.090039216825473
789.894947473737,0.0982843675087809
790.395197598799,0.0899547749018692
790.895447723862,0.0791039877187887
791.395697848924,0.0651107546644547
791.895947973987,0.0491451995373763
792.39619809905,0.0463465529265095
792.896448224112,0.0510029218566586
793.396698349175,0.0537110949779499
793.896948474237,0.0592842619357967
794.3971985993,0.0544891669882986
794.897448724362,0.0433850540344068
795.397698849425,0.0483550643950842
795.897948974487,0.0634822318520969
796.39819909955,0.0693569771085284
796.898449224612,0.0627282861056349
797.398699349675,0.052420339860007
797.898949474737,0.0523238348044599
798.3991995998,0.0706115428306412
798.899449724862,0.0766491403683085
799.399699849925,0.0716670668756879
799.899949974988,0.0770050027606386
800.40020010005,0.0716067512159709
800.900450225113,0.0624327393730219
801.400700350175,0.0679516222371234
801.900950475238,0.0788446303820057
802.4012006003,0.0791462086805906
802.901450725363,0.0686030313620666
803.401700850425,0.0688081046051042
803.901950975488,0.0732835265561024
804.40220110055,0.0689046096606513
804.902451225613,0.0698274392543208
805.402701350675,0.065502806452615
805.902951475738,0.0504540493532343
806.4032016008,0.0464068685862264
806.903451725863,0.0547183664952231
807.403701850925,0.0570646456582127
807.903951975988,0.0487772740131028
808.40420210105,0.0467868572424434
808.904452226113,0.056087531970798
809.404702351176,0.0714197726708484
809.904952476238,0.0774030861147705
810.405202601301,0.0658707319768884
810.905452726363,0.0584941267935045
811.405702851426,0.0607016799391452
811.905952976488,0.0600924917760038
812.406203101551,0.0632590639111441
812.906453226613,0.0694776084279624
813.406703351676,0.0609127847481545
813.906953476738,0.0510933953462339
814.407203601801,0.0558523008979018
814.907453726863,0.0617029198904467
815.407703851926,0.0684220843829156
815.907953976988,0.0674510022614726
816.408204102051,0.0532165065682708
816.908454227114,0.0564313312311846
817.408704352176,0.0737962096636965
817.908954477239,0.0677103595982556
818.409204602301,0.0527701706863654
818.909454727364,0.0606051748835981
819.409704852426,0.0652374175498603
819.909954977489,0.0547545558910533
820.410205102551,0.0551043867174116
820.910455227614,0.0628549489910405
821.410705352676,0.0595798086684097
821.910955477739,0.0582046116268632
822.411205602801,0.065719942827596
822.911455727864,0.0729156010318289
823.411705852927,0.0729819482575176
823.911955977989,0.0583493692101839
824.412206103052,0.0545494826480156
824.912456228114,0.0647367975742096
825.412706353177,0.0668357825323597
825.912956478239,0.0660878683518694
826.413206603302,0.069682681671
826.913456728364,0.0741942930178284
827.413706853427,0.0706658269243864
827.913956978489,0.065659627167879
828.414207103552,0.0591937884462213
828.914457228614,0.0512683107594132
829.414707353677,0.05545421754377
829.914957478739,0.055749764276383
830.415207603802,0.0484455378846596
830.915457728864,0.054561545779959
831.415707853927,0.0692061879592361
831.915957978989,0.0745441238441867
832.416208104052,0.0644050614457663
832.916458229115,0.0525831921412429
833.416708354177,0.056087531970798
833.91695847924,0.0630238328382481
834.417208604302,0.0618657721716824
834.917458729365,0.0537171265439216
835.417708854427,0.0369493731426076
835.91795897949,0.0421244567463225
836.418209104552,0.0625171812966255
836.918459229615,0.0598572607031077
837.418709354677,0.0606594589773433
837.91895947974,0.0657078796956526
838.419209604802,0.0549174081722891
838.919459729865,0.0498508927560647
839.419709854927,0.0556532592208359
839.91995997999,0.0582769904185235
840.420210105053,0.0591877568802496
840.920460230115,0.0632228745153139
841.420710355178,0.0606835852412301
841.92096048024,0.0542117149536007
842.421210605303,0.0523720873322334
842.921460730365,0.0545917036098175
843.421710855428,0.062728286105635
843.92196098049,0.0609972266717583
844.422211105553,0.0478122234576316
844.922461230615,0.0498991452838383
845.422711355678,0.0631685904215687
845.92296148074,0.0669021297580483
846.423211605803,0.0564192680992412
846.923461730865,0.0535060217349123
847.423711855928,0.0656053430741338
847.92396198099,0.068217011139878
848.424212106053,0.0618235512098806
848.924462231116,0.0593144197656551
849.424712356178,0.0612083314807675
849.924962481241,0.0683255793273685
850.425212606303,0.0699782284036131
850.925462731366,0.0618898984355692
851.425712856428,0.0574084449185993
851.925962981491,0.0563227630436941
852.426213106553,0.0636993682270779
852.926463231616,0.0687176311155288
853.426713356678,0.0578004967067596
853.926963481741,0.0508280064434794
854.427213606803,0.0564916468909016
854.927463731866,0.0648393341957284
855.427713856928,0.0706718584903582
855.927963981991,0.0759072577537899
856.428214107054,0.0744476187886396
856.928464232116,0.067107203001086
857.428714357179,0.0672700552823218
857.928964482241,0.0745139660143282
858.429214607304,0.0761002678648842
858.929464732366,0.0701109228549904
859.429714857429,0.0633977899284931
859.929964982491,0.0563770471374394
860.430215107554,0.0490185366519708
860.930465232616,0.0525530343113844
861.430715357679,0.0633495374007196
861.930965482741,0.0573601923908258
862.431215607804,0.0495070934956781
862.931465732866,0.0595918718003532
863.431715857929,0.0671614870948313
863.931965982992,0.0631203378937951
864.432216108054,0.0641577672409268
864.932466233117,0.0660999314838128
865.432716358179,0.0617451408522485
865.932966483242,0.0686090629280381
866.433216608304,0.0762208991843182
866.933466733367,0.0755513953614599
867.433716858429,0.0745380922782151
867.933966983492,0.0719867398721877
868.434217108554,0.0728854432019704
868.934467233617,0.0662024681053316
869.434717358679,0.053451737641167
869.934967483742,0.0551647023771286
870.435217608804,0.0646101346888039
870.935467733867,0.0743149243372623
871.435717858929,0.0858593416070877
871.935967983992,0.0888630614609923
872.436218109054,0.0812090042429104
872.936468234117,0.0691217460356324
873.43671835918,0.0618718037376541
873.936968484242,0.0663834150844825
874.437218609305,0.0726200542992158
874.937468734367,0.070913121129226
875.43771885943,0.0665764251955767
875.937968984492,0.063874283640257
876.438219109555,0.0562684789499489
876.938469234617,0.0574084449185993
877.43871935968,0.0656897849977375
877.938969484742,0.062251792393871
878.439219609805,0.0548751872104872
878.939469734867,0.0592601356719099
879.43971985993,0.0708889948653392
879.939969984992,0.07142580423682
880.440220110055,0.060110586473919
880.940470235118,0.0537110949779499
881.44072036018,0.0571852769776466
881.940970485243,0.0604362910363906
882.441220610305,0.071051847146575
882.941470735368,0.076799929517601
883.44172086043,0.0720953080596783
883.941970985493,0.0785128942535626
884.442221110555,0.0772824547953366
884.942471235618,0.0636028631715307
885.44272136068,0.0661723102754731
885.942971485743,0.0790858930208737
886.443221610805,0.0767335822919123
886.943471735868,0.061497846647409
887.443721860931,0.0612867418383997
887.943971985993,0.0759072577537899
888.444222111056,0.0739530303789606
888.944472236118,0.0678128962197744
889.444722361181,0.0665161095358598
889.944972486243,0.0574506658804013
890.445222611306,0.0622819502237295
890.945472736368,0.0723848232263197
891.445722861431,0.0696103028793397
891.945972986493,0.0614978466474091
892.446223111556,0.0558945218597037
892.946473236618,0.0617572039841919
893.446723361681,0.0706658269243864
893.946973486743,0.0724210126221498
894.447223611806,0.0649599655151624
894.947473736868,0.059416956387174
895.447723861931,0.0632952533069743
895.947973986993,0.0583795270400423
896.448224112056,0.0500800922629892
896.948474237119,0.0493623359123573
897.448724362181,0.0545072616862138
897.948974487244,0.0711242259382353
898.449224612306,0.0781208424654023
898.949474737369,0.0686633470217834
899.449724862431,0.0659069213727186
899.949974987494,0.0763958145974973
900.450225112556,0.0824334121351646
900.950475237619,0.0738323990595267
901.450725362681,0.0698756917820943
901.950975487744,0.0635546106437572
902.451225612806,0.0573541608248541
902.951475737869,0.0639888833937193
903.451725862931,0.0589887152031836
903.951975987994,0.0541333045959685
904.452226113057,0.0605388276579094
904.952476238119,0.0645256927652003
905.452726363182,0.06793955910518
905.952976488244,0.0689166727925947
906.453226613307,0.0703883748896884
906.953476738369,0.0673002131121803
907.453726863432,0.0665824567615485
907.953976988494,0.0719384873444142
908.454227113557,0.0677525805600575
908.954477238619,0.0683979581190288
909.454727363682,0.0672519605844066
909.954977488744,0.047625244912509
910.455227613807,0.0396756409618141
910.955477738869,0.0579874752518821
911.455727863932,0.070834710771594
911.955977988995,0.0662869100289354
912.456228114057,0.0634098530604366
912.95647823912,0.0629514540465876
913.456728364182,0.0574084449185993
913.956978489245,0.0606051748835981
914.457228614307,0.0776926012814119
914.95747873937,0.0836879778572773
915.457728864432,0.0690373041120286
915.957978989495,0.0612143630467393
916.458229114557,0.0652072597200019
916.95847923962,0.0661904049733882
917.458729364682,0.0679094012753215
917.958979489745,0.0637114313590214
918.459229614807,0.063717462924993
918.95947973987,0.072022929268018
919.459729864932,0.0680481272926705
919.959979989995,0.0657501006574545
920.460230115058,0.0739349356810455
920.96048024012,0.0786998727986851
921.460730365183,0.0723968863582631
921.960980490245,0.0632771586090592
922.461230615308,0.062052750716805
922.96148074037,0.0636873050951345
923.461730865433,0.0664015097823976
923.961980990495,0.0697369657647453
924.462231115558,0.072577833337414
924.96248124062,0.0650564705707094
925.462731365683,0.0535361795647707
925.962981490745,0.0552189864708739
926.463231615808,0.0667272143448692
926.96348174087,0.0741460404900548
927.463731865933,0.0684703369106893
927.963981990996,0.0597788503454758
928.464232116058,0.0505143650129513
928.964482241121,0.0513346579851018
929.464732366183,0.0695801450494812
929.964982491246,0.0811426570172219
930.465232616308,0.0733679684797061
930.965482741371,0.0600080498524002
931.465732866433,0.0581563590990897
931.965982991496,0.0649780602130774
932.466233116558,0.0702918698341413
932.966483241621,0.0759253524517051
933.466733366683,0.0816251822949574
933.966983491746,0.0868062974646441
934.467233616808,0.0810340888297313
934.967483741871,0.0641095147131532
935.467733866933,0.0579814436859104
935.967983991996,0.0554481859777983
936.468234117059,0.0553999334500247
936.968484242121,0.0638079364145685
937.468734367184,0.0581563590990897
937.968984492246,0.0452065869578591
938.469234617309,0.0474623926312733
938.969484742371,0.0552189864708739
939.469734867434,0.0590852202587308
939.969984992496,0.0634581055882101
940.470235117559,0.0665281726678032
940.970485242621,0.0620829085466635
941.470735367684,0.0609911951057865
941.970985492746,0.0676982964663122
942.471235617809,0.0685366841363778
942.971485742871,0.066413572914341
943.471735867934,0.0693026930147832
943.971985992996,0.072794969712395
944.472236118059,0.0730784533130647
944.972486243122,0.0745501554101585
945.472736368184,0.0745380922782151
945.972986493247,0.0638139679805402
946.473236618309,0.0466420996591226
946.973486743372,0.0514854471343942
947.473736868434,0.0681205060843308
947.973986993497,0.0609550057099564
948.474237118559,0.0566967201339392
948.974487243622,0.0632470007792008
949.474737368684,0.0612565840085412
949.974987493747,0.061298804970343
950.475237618809,0.0591817253142779
950.975487743872,0.0554300912798832
951.475737868935,0.058783641960146
951.975987993997,0.0650021864769642
952.47623811906,0.0652193228519452
952.976488244122,0.0541212414640252
953.476738369185,0.0500499344331305
953.976988494247,0.0620768769806918
954.47723861931,0.0668780034941615
954.977488744372,0.0610575423314752
955.477738869435,0.0696464922751698
955.977988994497,0.0720530870978764
956.47823911956,0.0591515674844194
956.978489244622,0.0646041031228323
957.478739369685,0.0692242826571511
957.978989494747,0.0641034831471815
958.47923961981,0.0723245075666027
958.979489744872,0.0853828478953239
959.479739869935,0.0847555650342675
959.979989994997,0.0723908547922915
960.48024012006,0.0665884883275202
960.980490245123,0.0723486338304895
961.480740370185,0.0755875847572901
961.980990495248,0.0661542155775581
962.48124062031,0.0553818387521097
962.981490745373,0.0534457060751953
963.481740870435,0.0570887719220995
963.981990995498,0.0538618841272422
964.48224112056,0.0504057968254606
964.982491245623,0.0590731571267874
965.482741370685,0.0700807650251319
965.982991495748,0.082288654551844
966.48324162081,0.0805575951179673
966.983491745873,0.0656053430741338
967.483741870935,0.0645377558971436
967.983991995998,0.0683858949870855
968.484242121061,0.0636088947375025
968.984492246123,0.0597125031197872
969.484742371186,0.0611902367828526
969.984992496248,0.0616305410987864
970.485242621311,0.0622336976959559
970.985492746373,0.0628006648972953
971.485742871436,0.0551285129812984
971.985992996498,0.0535723689606009
972.486243121561,0.0611057948592488
972.986493246623,0.0577643073109294
973.486743371686,0.0551224814153267
973.986993496748,0.069049367243972
974.487243621811,0.0789411354375529
974.987493746873,0.0766973928960821
975.487743871936,0.0797976178055336
975.987993996999,0.0803826797047882
976.488244122061,0.0727044962228196
976.988494247124,0.0778252957327893
977.488744372186,0.0893938392665016
977.988994497249,0.0831451369198247
978.489244622311,0.0758348789621296
978.989494747374,0.0736816099102343
979.489744872436,0.0728733800700271
979.989994997499,0.0782052843890061
980.490245122561,0.073289558122074
980.990495247624,0.0642663354284173
981.490745372686,0.0666608671191805
981.990995497749,0.0719445189103859
982.491245622811,0.0649840917790491
982.991495747874,0.0660878683518694
983.491745872936,0.077728790677242
983.991995997999,0.072119434323565
984.492246123061,0.0646523556506059
984.992496248124,0.0690855566398022
985.492746373187,0.0703582170598299
985.992996498249,0.0585785687171083
986.493246623312,0.0547063033632798
986.993496748374,0.0657621637893979
987.493746873437,0.0669141928899918
987.993996998499,0.0612384893106261
988.494247123562,0.0609248478800979
988.994497248624,0.0577160547831558
989.494747373687,0.0535844320925443
989.994997498749,0.0590550624288723
990.495247623812,0.0699058496119528
990.995497748874,0.0707683635459052
991.495747873937,0.0629936750083896
991.995997999,0.0627222545396633
992.496248124062,0.0681808217440478
992.996498249125,0.0745320607122434
993.496748374187,0.0785551152153644
993.99699849925,0.078187189691091
994.497248624312,0.07797005331611
994.997498749375,0.0765164459169313
995.497748874437,0.0721737184173104
995.9979989995,0.0668538772302748
996.498249124562,0.0614314994217203
996.998499249625,0.0634219161923799
997.498749374687,0.0762932779759785
997.99899949975,0.0786998727986851
998.499249624812,0.0674268759975859
998.999499749875,0.0661542155775581
999.499749874937,0.0710880365424051
1000,0.0725577281175083
