0,0.00330730867447981
0.500250125062531,0.00635123896819567
1.00050025012506,0.0161645968041445
1.50075037518759,0.027926150448951
2.00100050025013,0.0396515146979274
2.50125062531266,0.034367862906722
3.00150075037519,0.0186676966823982
3.50175087543772,0.0157363556201541
4.00200100050025,0.0183661183838134
4.50225112556278,0.0118459955684104
5.00250125062531,0.00220755314564069
5.50275137568784,0.00866132873535497
6.00300150075037,0.028402644160715
6.50325162581291,0.0387347166702297
7.00350175087544,0.0267861844803006
7.50375187593797,0.013378013325221
8.0040020010005,0.0150487570993807
8.50425212606303,0.0186194441546246
9.00450225112556,0.0198860730086806
9.50475237618809,0.024813862407556
10.0050025012506,0.0333244019936186
10.5052526263132,0.0356767127225799
11.0055027513757,0.0282156656155924
11.5057528764382,0.0201213040815769
12.0060030015007,0.0153262091340787
12.5062531265633,0.0158207975437578
13.0065032516258,0.01664712208188
13.5067533766883,0.0227390037132927
14.0070035017509,0.0335234436706846
14.5072536268134,0.0285413701780639
15.0075037518759,0.0217196690640762
15.5077538769385,0.0284267704246017
16.008004002001,0.0258512917546877
16.5082541270635,0.0117253642489764
17.0085042521261,0.0151452621549278
17.5087543771886,0.0252662298554333
18.0090045022511,0.0224434569806796
18.5092546273137,0.0218583950814252
19.0095047523762,0.0224555201126231
19.5097548774387,0.0232215289910284
20.0100050025013,0.0256281238137349
20.5102551275638,0.022594246129972
21.0105052526263,0.0201152725156051
21.5107553776888,0.0117434589468915
22.0110055027514,0
22.5112556278139,0.00890862294019457
23.0115057528764,0.0270998259108287
23.511755877939,0.0329021923755999
24.0120060030015,0.0333123388616752
24.512256128064,0.0253868611748671
25.0125062531266,0.0166229958179933
25.5127563781891,0.0197895679531335
26.0130065032516,0.0191803797899923
26.5132566283142,0.0183118342900681
27.0135067533767,0.028481054518347
27.5137568784392,0.0368890574828908
28.0140070035017,0.0420219201248038
28.5142571285643,0.0476192133465374
29.0145072536268,0.03706397289607
29.5147573786893,0.0229501085223021
30.0150075037519,0.020730492244718
30.5152576288144,0.0180585085192568
31.0155077538769,0.02529035611932
31.5157578789395,0.0406889440450591
32.016008004002,0.0396515146979274
32.5162581290645,0.0279442451468661
33.0165082541271,0.0320155521777606
33.5167583791896,0.045327218277293
34.0170085042521,0.0527520759884503
34.5172586293147,0.0592902935017685
35.0175087543772,0.0602553440572398
35.5177588794397,0.0500318397352156
36.0180090045023,0.0409543329478137
36.5182591295648,0.0459122801765475
37.0185092546273,0.0543685356688648
37.5187593796898,0.054959629134091
38.0190095047524,0.0481680858499617
38.5192596298149,0.0369554047085794
39.0195097548774,0.0343557997747785
39.51975987994,0.0378179186425319
40.0200100050025,0.0366236685801361
40.520260130065,0.0383848858438712
41.0205102551276,0.0383004439202675
41.5207603801901,0.0381858441668053
42.0210105052526,0.0446637460204065
42.5212606303152,0.0387950323299466
43.0215107553777,0.0354535447816272
43.5217608804402,0.0465335314716322
44.0220110055028,0.0492839255547254
44.5222611305653,0.0495975669852535
45.0225112556278,0.0506048385025267
45.5227613806903,0.0475649292527921
46.0230115057529,0.0505384912768381
46.5232616308154,0.0585544424532216
47.0235117558779,0.0629635171785311
47.5237618809405,0.0659129529386904
48.024012006003,0.0644593455395117
48.5242621310655,0.0481680858499617
49.0245122561281,0.042751739607379
49.5247623811906,0.0657440690914829
50.0250125062531,0.0705029746431507
50.5252626313157,0.0465697208674624
51.0255127563782,0.0422933405935301
51.5257628814407,0.0587233263004291
52.0260130065032,0.0699782284036132
52.5262631315658,0.0642241144666156
53.0265132566283,0.0512984685892717
53.5267633816908,0.0507315013879324
54.0270135067534,0.0547485243250816
54.5272636318159,0.0619562456612579
55.0275137568784,0.0667995931365296
55.527763881941,0.0565700572485337
56.0280140070035,0.0495010619297064
56.528264132066,0.0557497642763831
57.0285142571286,0.0622698870917862
57.5287643821911,0.0671313292649729
58.0290145072536,0.0697128395008586
58.5292646323162,0.0711664469000373
59.0295147573787,0.0697671235946038
59.5297648824412,0.0624025815431635
60.0300150075037,0.0584036533039292
60.5302651325663,0.0585846002830801
61.0305152576288,0.0590249045990139
61.5307653826913,0.0613289628002016
62.0310155077539,0.0642422091645306
62.5312656328164,0.0660094579942374
63.0315157578789,0.0659370792025771
63.5317658829415,0.0644231561436814
64.032016008004,0.0653821751331811
64.5322661330665,0.0596220296302117
65.0325162581291,0.0456770491036513
65.5327663831916,0.0516060784538281
66.0330165082541,0.0664859517060015
66.5332666333167,0.0688563571328777
67.0335167583792,0.0740676301324229
67.5337668834417,0.0721918131152255
68.0340170085043,0.0630117697063047
68.5342671335668,0.0629876434424179
69.0345172586293,0.0684824000426327
69.5347673836918,0.0678551171815763
70.0350175087544,0.0617692671161354
70.5352676338169,0.0632650954771159
71.0355177588794,0.073747957135923
71.535767883942,0.081299477732486
72.0360180090045,0.0847736597321826
72.536268134067,0.0905157105372369
73.0365182591296,0.0860282254542954
73.5367683841921,0.0787239990625719
74.0370185092546,0.0803103009131279
74.5372686343172,0.0747612602191678
75.0375187593797,0.0683557371572271
75.5377688844422,0.0658345425810583
76.0380190095048,0.0603880385086171
76.5382691345673,0.0648755235915587
77.0385192596298,0.0711000996743486
77.5387693846923,0.068892546528708
78.0390195097549,0.0754367956079978
78.5392696348174,0.0801052276700902
79.0395197598799,0.0715946880840277
79.5397698849425,0.0698455339522359
80.040020010005,0.0794417554132038
80.5402701350675,0.0894481233602469
81.0405202601301,0.0878799162076059
81.5407703851926,0.0799061859930243
82.0410205102551,0.0776745065834969
82.5412706353177,0.0770230974585537
83.0415207603802,0.0749060178024885
83.5417708854427,0.076184709788488
84.0420210105053,0.0782836947466381
84.5422711355678,0.0758409105281014
85.0425212606303,0.0754247324760544
85.5427713856928,0.0799665016527412
86.0430215107554,0.0762631201461201
86.5432716358179,0.0654545539248415
87.0435217608804,0.0633073164389177
87.543771885943,0.069308724580755
88.0440220110055,0.0785551152153644
88.544272136068,0.0842730397565319
89.0445222611306,0.0861910777355313
89.5447723861931,0.0876205588708231
90.0450225112556,0.0833441785968909
90.5452726363182,0.0797674599756752
91.0455227613807,0.0780967162015156
91.5457728864432,0.0839473351940604
92.0460230115058,0.0930007157175756
92.5462731365683,0.0845203339613714
93.0465232616308,0.0704125011535752
93.5467733866933,0.0617330777203052
94.0470235117559,0.0679274959732367
94.5472736368184,0.0897858910546618
95.0475237618809,0.0966075921686496
95.5477738869435,0.0893455867387281
96.048024012006,0.0909982358149726
96.5482741370685,0.0959079305159329
97.0485242621311,0.0966437815644798
97.5487743871936,0.0931876942626981
98.0490245122561,0.0795744498645811
98.5492746373187,0.069724902632802
99.0495247623812,0.0753282274205073
99.5497748874437,0.0825238856247402
100.050025012506,0.087186286120861
100.550275137569,0.0914928242246517
101.050525262631,0.0896893859991147
101.550775387694,0.0841644715690415
102.051025512756,0.091070614606633
102.551275637819,0.104864805983901
103.051525762881,0.107355842730211
103.551775887944,0.108326924851654
104.052026013006,0.108863734223135
104.552276138069,0.0985799142413941
105.052526263132,0.0852019009161731
105.552776388194,0.0800207857464865
106.053026513257,0.0817096242185613
106.553276638319,0.0885373568985208
107.053526763382,0.0951177953736407
107.553776888444,0.0934410200335094
108.054027013507,0.0936038723147452
108.554277138569,0.0961793509846592
109.054527263632,0.0953469948805652
109.554777388694,0.0914325085649347
110.055027513757,0.0919934442003024
110.555277638819,0.0931876942626981
111.055527763882,0.0850933327286826
111.555777888944,0.0844660498676262
112.056028014007,0.0949127221306031
112.55627813907,0.105401615355382
113.056528264132,0.110444004507719
113.556778389195,0.104991468869307
114.057028514257,0.102409958633421
114.55727863932,0.111348739403474
115.057528764382,0.112518863201983
115.557778889445,0.103923881692316
116.058029014507,0.0987367349566581
116.55827913957,0.0878497583777476
117.058529264632,0.0755634584934034
117.558779389695,0.0908112572698501
118.059029514757,0.114376585521265
118.55927963982,0.114014691562963
119.059529764882,0.101523318435581
119.559779889945,0.101450939643921
120.060030015007,0.119093270111131
120.56028014007,0.124594058277318
121.060530265133,0.112114748281879
121.560780390195,0.10269344223409
122.061030515258,0.102253137918157
122.56128064032,0.110637014618814
123.061530765383,0.109551332743908
123.561780890445,0.0962215719464611
124.062031015508,0.0880367369228701
124.56228114057,0.0887122723117
125.062531265633,0.100250658015554
125.562781390695,0.110823993163936
126.063031515758,0.110703361844502
126.56328164082,0.105118131754712
127.063531765883,0.104551164553373
127.563781890945,0.0978681894567339
128.064032016008,0.0859679097945785
128.564282141071,0.0910283936448311
129.064532266133,0.0972469381616493
129.564782391196,0.0997922590017049
130.065032516258,0.105383520657467
130.565282641321,0.108966270844654
131.065532766383,0.116354939159981
131.565782891446,0.112947104385973
132.066033016508,0.0957149204048386
132.566283141571,0.0991529130087052
133.066533266633,0.107759957650315
133.566783391696,0.0973555063491398
134.067033516758,0.0914144138670197
134.567283641821,0.0970298017866683
135.067533766883,0.10845358773706
135.567783891946,0.124563900447459
136.068034017009,0.131771621783635
136.568284142071,0.114370553955293
137.068534267134,0.0892309869852658
137.568784392196,0.0879643581312097
138.069034517259,0.105226699942203
138.569284642321,0.113845807715756
139.069534767384,0.108918018316881
139.569784892446,0.105727319917853
140.070035017509,0.112585210427671
140.570285142571,0.114044849392822
141.070535267634,0.100570331012054
141.570785392696,0.0922347068391702
142.071035517759,0.105546372938703
142.571285642821,0.118634871097282
143.071535767884,0.107301558636466
143.571785892946,0.0997440064739313
144.072036018009,0.113115988233181
144.572286143072,0.11706063237867
145.072536268134,0.105311141865806
145.572786393197,0.105142258018599
146.073036518259,0.113435661229681
146.573286643322,0.112826473066539
147.073536768384,0.113465819059539
147.573786893447,0.122139210926837
148.074037018509,0.112929009688058
148.574287143572,0.0904131739157181
149.074537268634,0.0934651462973961
149.574787393697,0.108031378119041
150.075037518759,0.115335604510765
150.575287643822,0.112663620785303
151.075537768884,0.104659732740863
151.575787893947,0.117911083180679
152.07603801901,0.128182840030476
152.576288144072,0.114533406236529
153.076538269135,0.106270160855306
153.576788394197,0.109418638292531
154.07703851926,0.114949584288576
154.577288644322,0.123327429423261
155.077538769385,0.134576299960474
155.577788894447,0.13242906247455
156.07803901951,0.123212829669799
156.578289144572,0.118116156423716
157.078539269635,0.109153249389777
157.578789394697,0.110244962830653
158.07903951976,0.117820609691103
158.579289644822,0.122881093541356
159.079539769885,0.13417218504037
159.579789894947,0.134684868147964
160.08004002001,0.124334700940535
160.580290145073,0.127097158155571
161.080540270135,0.136783853106115
161.580790395198,0.13168114829406
162.08104052026,0.116161929048887
162.581290645323,0.111795075285379
163.081540770385,0.112838536198483
163.581790895448,0.119020891319471
164.08204102051,0.12780285137426
164.582291145573,0.127459052113873
165.082541270635,0.123255050631601
165.582791395698,0.112874725594313
166.08304152076,0.104104828671467
166.583291645823,0.110462099205635
167.083541770885,0.117965367274424
167.583791895948,0.11567337220518
168.084042021011,0.11784473595499
168.584292146073,0.118001556670254
169.084542271136,0.106378729042797
169.584792396198,0.10891801831688
170.085042521261,0.122458883923337
170.585292646323,0.120492593416564
171.085542771386,0.117868862218877
171.585792896448,0.12367726024962
172.086043021511,0.125854655565402
172.586293146573,0.121300823256772
173.086543271636,0.120311646437414
173.586793396698,0.127561588735392
174.087043521761,0.130372298478202
174.587293646823,0.12794760895758
175.087543771886,0.12851457615892
175.587793896948,0.130830697492051
176.088044022011,0.128701554704042
176.588294147074,0.126644790707694
177.088544272136,0.125366098721694
177.588794397199,0.117814578125132
178.089044522261,0.108688818809956
178.589294647324,0.114274048899746
179.089544772386,0.128810122891533
179.589794897449,0.129606289599797
180.090045022511,0.126777485159071
180.590295147574,0.132531599096069
181.090545272636,0.141343716980716
181.590795397699,0.135776581588841
182.091045522761,0.11962404791664
182.591295647824,0.122356347301818
183.091545772886,0.130927202547598
183.591795897949,0.131120212658692
184.092046023012,0.12851457615892
184.592296148074,0.125474666909185
185.092546273137,0.125510856305015
185.592796398199,0.126584475047977
186.093046523262,0.133768070120267
186.593296648324,0.133906796137616
187.093546773387,0.130541182325409
187.593796898449,0.132453188738437
188.094047023512,0.124545805749544
188.594297148574,0.127676188488854
189.094547273637,0.130541182325409
189.594797398699,0.119545637559008
190.095047523762,0.12406931203778
190.595297648824,0.12751936777359
191.095547773887,0.12791141956175
191.595797898949,0.137809219321303
192.096048024012,0.135728329061068
192.596298149075,0.127694283186769
193.096548274137,0.125094678252968
193.5967983992,0.123206798103828
194.097048524262,0.124925794405761
194.597298649325,0.129533910808136
195.097548774387,0.127808882940231
195.59779889945,0.128755838797788
196.098049024512,0.138153018581689
196.598299149575,0.136150538679086
197.098549274637,0.128050145579099
197.5987993997,0.130076751745589
198.099049524762,0.136542590467247
198.599299649825,0.136711474314454
199.099549774887,0.130993549773287
199.59979989995,0.124696594898836
200.100050025013,0.131650990464201
200.600300150075,0.143376354713178
201.100550275138,0.142381146327848
201.6008004002,0.144757583320696
202.101050525263,0.140233908841924
202.601300650325,0.129702794655344
203.101550775388,0.137857471849076
203.60180090045,0.146446421792771
204.102051025513,0.138412375918472
204.602301150575,0.140318350765528
205.102551275638,0.153991910823362
205.6028014007,0.158304480493125
206.103051525763,0.15249005089641
206.603301650825,0.136458148543643
207.103551775888,0.127115252853486
207.60380190095,0.136886389727633
208.104052026013,0.148201607490534
208.604302151076,0.146953073334393
209.104552276138,0.145988022778922
209.604802401201,0.147930187021808
210.105052526263,0.144691236095007
210.605302651326,0.145475339671328
211.105552776388,0.144510289115857
211.605802901451,0.133080471599493
212.106053026513,0.12926249033941
212.606303151576,0.139763446696132
213.106553276638,0.147646703421138
213.606803401701,0.149908540660524
214.107053526763,0.1535576380734
214.607303651826,0.151024380365288
215.107553776888,0.135861023512445
215.607803901951,0.12332139785729
216.108054027014,0.128375850141571
216.608304152076,0.136729569012369
217.108554277139,0.137043210442897
217.608804402201,0.137803187755331
218.109054527264,0.135227709085417
218.609304652326,0.131675116728088
219.109554777389,0.136922579123463
219.609804902451,0.14103610711616
220.110055027514,0.141410064206405
220.610305152576,0.14245955668548
221.110555277639,0.144950593431791
221.610805402701,0.147194335973261
222.111055527764,0.143147155206253
222.611305652826,0.14043295051899
223.111555777889,0.145071224751224
223.611805902951,0.141952905143858
224.112056028014,0.13541468763054
224.612306153077,0.143696027709678
225.112556278139,0.147610514025308
225.612806403202,0.142314799102159
226.113056528264,0.140939602060613
226.613306653327,0.142260515008414
227.113556778389,0.15035487654243
227.613806903452,0.153081144361636
228.114057028514,0.14651276901846
228.614307153577,0.140378666425245
229.114557278639,0.139473931529491
229.614807403702,0.144799804282498
230.115057528764,0.149992982584128
230.615307653827,0.15106660132709
231.115557778889,0.139449805265604
231.615807903952,0.126397496502854
232.116058029015,0.125933065923034
232.616308154077,0.132869366790484
233.11655827914,0.141934810445943
233.616808404202,0.150879622781967
234.117058529265,0.148497154223147
234.617308654327,0.147140051879516
235.11755877939,0.154323646951805
235.617808904452,0.143925227216602
236.118059029515,0.138195239543491
236.618309154577,0.151108822288892
237.11855927964,0.166821051645159
237.618809404702,0.167363892582612
238.119059529765,0.148430806997459
238.619309654827,0.141892589484141
239.11955977989,0.14622928541779
239.619809904952,0.142435430421593
240.120060030015,0.136192759640888
240.620310155078,0.130691971474702
241.12056028014,0.129859615370608
241.620810405203,0.136639095522794
242.121060530265,0.143376354713178
242.621310655328,0.154046194917107
243.12156078039,0.164233509843301
243.621810905453,0.154088415878909
244.122061030515,0.143702059275649
244.622311155578,0.152984639306089
245.12256128064,0.156145179875258
245.622811405703,0.151748168281891
246.123061530765,0.155934075066248
246.623311655828,0.157852113045247
247.12356178089,0.150771054594477
247.623811905953,0.147887966060006
248.124062031016,0.155421391958654
248.624312156078,0.15914286816319
249.124562281141,0.153455101451881
249.624812406203,0.152242756691571
250.125062531266,0.155897885670418
250.625312656328,0.147453693310044
251.125562781391,0.137429230665086
251.625812906453,0.142682724626433
252.126063031516,0.143322070619433
252.626313156578,0.146217222285846
253.126563281641,0.155946138198191
253.626813406703,0.143768406501338
254.127063531766,0.129268521905382
254.627313656828,0.132006852856531
255.127563781891,0.131759558651692
255.627813906953,0.134817562599342
256.128064032016,0.152001494052703
256.628314157079,0.164396362124537
257.128564282141,0.163232269892
257.628814407204,0.153394785792164
258.129064532266,0.141560853355698
258.629314657329,0.143273818091659
259.129564782391,0.156965472847408
259.629814907454,0.164890950534216
260.130065032516,0.169185425506064
260.630315157579,0.169179393940092
261.130565282641,0.154064289615023
261.630815407704,0.141597042751528
262.131065532766,0.147103862483686
262.631315657829,0.154353804781664
263.131565782891,0.156127085177342
263.631815907954,0.152001494052703
264.132066033016,0.142001157671631
264.632316158079,0.141898621050112
265.132566283142,0.151464684681222
265.632816408204,0.151283737702071
266.133066533267,0.150752959896562
266.633316658329,0.161072969274133
267.133566783392,0.161995798867802
267.633816908454,0.146452453358743
268.134067033517,0.140728497251603
268.634317158579,0.15586772784056
269.134567283642,0.16540363364181
269.634817408704,0.162731649916349
270.135067533767,0.157092135732814
270.635317658829,0.150704707368788
271.135567783892,0.15213418850408
271.635817908954,0.157556566312634
272.136068034017,0.156507073833559
272.63631815908,0.158473364340332
273.136568284142,0.166808988513216
273.636818409205,0.164034468166236
274.137068534267,0.159022236843756
274.63731865933,0.161947546340029
275.137568784392,0.15970983536453
275.637818909455,0.154794109097598
276.138069034517,0.148883174445336
276.63831915958,0.145360739917866
277.138569284642,0.148485091091204
277.638819409705,0.151368179625675
278.139069534767,0.160379339187388
278.63931965983,0.165494107131386
279.139569784892,0.156187400837059
279.639819909955,0.151084696025005
280.140070035018,0.156060737951654
280.64032016008,0.160192360642265
281.140570285143,0.154389994177494
281.640820410205,0.145312487390092
282.141070535268,0.143038587018763
282.64132066033,0.148087007737072
283.141570785393,0.15014377173342
283.641820910455,0.137760966793529
284.142071035518,0.135076919936125
284.64232116058,0.157218798618219
285.142571285643,0.162930691593415
285.642821410705,0.145559781594932
286.143071535768,0.137013052613039
286.64332166083,0.143478891334697
287.143571785893,0.156235653364833
287.643821910955,0.156742304906455
288.144072036018,0.148696195900213
288.644322161081,0.152743376667221
289.144572286143,0.159396193934002
289.644822411206,0.1503186871466
290.145072536268,0.149878382830666
290.645322661331,0.156398505646069
291.145572786393,0.154595067420532
291.645822911456,0.154371899479579
292.146073036518,0.151512937208995
292.646323161581,0.154396025743466
293.146573286643,0.156386442514125
293.646823411706,0.149419983816817
294.147073536768,0.147302904160752
294.647323661831,0.155602338937805
295.147573786893,0.158817163600719
295.647823911956,0.152182441031854
296.148074037018,0.146784189487186
296.648324162081,0.144305215872819
297.148574287144,0.156537231663418
297.648824412206,0.175403970022882
298.149074537269,0.173021501464062
298.649324662331,0.161091063972048
299.149574787394,0.16294878629133
299.649824912456,0.167568965825649
300.150075037519,0.159420320197888
300.650325162581,0.144866151508187
301.150575287644,0.140475171480792
301.650825412706,0.149992982584128
302.151075537769,0.159251436350681
302.651325662831,0.158400985548672
303.151575787894,0.153437006753966
303.651825912956,0.152357356445033
304.152076038019,0.155560117976003
304.652326163082,0.160331086659614
305.152576288144,0.157188640788361
305.652826413207,0.151561189736769
306.153076538269,0.156169306139144
306.653326663332,0.153274154472731
307.153576788394,0.13993233054334
307.653826913457,0.143551270126357
308.154077038519,0.16191738851017
308.654327163582,0.172406281734949
309.154577288644,0.168570205776951
309.654827413707,0.164577309103688
310.155077538769,0.166694388759753
310.655327663832,0.15985459294785
311.155577788894,0.144540446945715
311.655827913957,0.134142027210512
312.15607803902,0.131343380599645
312.656328164082,0.13627116999852
313.156578289145,0.139467899963519
313.656828414207,0.127060968759741
314.15707853927,0.122724272826092
314.657328664332,0.141729737202905
315.157578789395,0.160632664958199
315.657828914457,0.156350253118295
316.15807903952,0.14690482080662
316.658329164582,0.155361076298937
317.158579289645,0.164390330558565
317.658829414707,0.175554759172174
318.15907953977,0.177502954981032
318.659329664832,0.160029508361029
319.159579789895,0.144799804282498
319.659829914957,0.140372634859274
320.16008004002,0.14690482080662
320.660330165083,0.145360739917866
321.160580290145,0.13104180230106
321.660830415208,0.132833177394654
322.16108054027,0.150933906875713
322.661330665333,0.161718346833104
323.161580790395,0.170228886419167
323.661830915458,0.171567894064883
324.16208104052,0.159975224267284
324.662331165583,0.15633215842038
325.162581290645,0.161923420076142
325.662831415708,0.161941514774057
326.16308154077,0.155373139430881
326.663331665833,0.150252339920911
327.163581790895,0.151084696025005
327.663831915958,0.163883679016943
328.16408204102,0.161935483208085
328.664332166083,0.143376354713178
329.164582291146,0.145656286650479
329.664832416208,0.152942418344287
330.165082541271,0.156549294795361
330.665332666333,0.161127253367878
331.165582791396,0.160107918718662
331.665832916458,0.167146756207631
332.166083041521,0.174770655595854
332.666333166583,0.163419248437122
333.166583291646,0.149353636591128
333.666833416708,0.155535991712116
334.167083541771,0.163750984565566
334.667333666833,0.169487003804649
335.167583791896,0.177798501713645
335.667833916959,0.165590612186933
336.168084042021,0.152055778146448
336.668334167084,0.156609610455078
337.168584292146,0.153768742882409
337.668834417209,0.146989262730224
338.169084542271,0.156030580121795
338.669334667334,0.163093543874651
339.169584792396,0.15899811057987
339.669834917459,0.156434695041899
340.170085042521,0.157188640788361
340.670335167584,0.162279282468472
341.170585292646,0.163545911322528
341.670835417709,0.16038537075336
342.171085542771,0.164516993443971
342.671335667834,0.171531704669053
343.171585792896,0.165910285183433
343.671835917959,0.150348844976458
344.172086043022,0.142737008720178
344.672336168084,0.145318518956064
345.172586293147,0.155934075066248
345.672836418209,0.163636384812104
346.173086543272,0.163986215638462
346.673336668334,0.169028604790799
347.173586793397,0.17198407211693
347.673836918459,0.166115358426471
348.174087043522,0.156874999357833
348.674337168584,0.153286217604674
349.174587293647,0.162737681482321
349.674837418709,0.17247866052661
350.175087543772,0.165819811693857
350.675337668834,0.16092218012484
351.175587793897,0.167991175443668
351.675837918959,0.164529056575915
352.176088044022,0.158286385795209
352.676338169085,0.166742641287527
353.176588294147,0.172418344866893
353.67683841921,0.163111638572566
354.177088544272,0.157074041034899
354.677338669335,0.164722066687009
355.177588794397,0.167207071867347
355.67783891946,0.162146588017095
356.178089044522,0.171712651648204
356.678339169585,0.176302673352664
357.178589294647,0.1671105668118
357.67883941971,0.155849633142644
358.179089544772,0.1503186871466
358.679339669835,0.164426519954396
359.179589794897,0.172508818356468
359.67983991996,0.166585820572263
360.180090045022,0.160234581604067
360.680340170085,0.156995630677267
361.180590295148,0.167273419093036
361.68084042021,0.17909528839756
362.181090545273,0.172207240057883
362.681340670335,0.171025053127431
363.181590795398,0.179149572491305
363.68184092046,0.177340102699796
364.182091045523,0.170548559415667
364.682341170585,0.163352901211434
365.182591295648,0.161513273590067
365.68284142071,0.16358813228433
366.183091545773,0.17059681194344
366.683341670835,0.168003238575611
367.183591795898,0.164414456822452
367.683841920961,0.170536496283723
368.184092046023,0.160095855586718
368.684342171086,0.153243996642872
369.184592296148,0.172798333523109
369.684842421211,0.185452558931727
370.185092546273,0.175416033154825
370.685342671336,0.160059666190888
371.185592796398,0.151265643004156
371.685842921461,0.169082888884545
372.186093046523,0.190175275087564
372.686343171586,0.183027869411105
373.186593296648,0.166465189252829
373.686843421711,0.161863104416425
374.187093546773,0.164516993443971
374.687343671836,0.156941346583521
375.187593796898,0.155270602809362
375.687843921961,0.168093712065187
376.188094047024,0.17642933623807
376.688344172086,0.16849782698529
377.188594297149,0.166012821804952
377.688844422211,0.178992751776041
378.189094547274,0.179083225265616
378.689344672336,0.175506506644401
379.189594797399,0.179143540925333
379.689844922461,0.185693821570595
380.190095047524,0.19304026892412
380.690345172586,0.183811972987425
381.190595297649,0.16846163758946
381.690845422711,0.160228550038096
382.191095547774,0.162333566562217
382.691345672836,0.171338694557959
383.191595797899,0.174625898012533
383.691845922961,0.173781478776496
384.192096048024,0.177539144376862
384.692346173087,0.184994159917878
385.192596298149,0.180916821321012
385.692846423212,0.17297928050226
386.193096548274,0.178112143144173
386.693346673337,0.189131814174461
387.193596798399,0.186327135997623
387.693846923462,0.175735706151325
388.194097048524,0.170940611203827
388.694347173587,0.167599123655508
389.194597298649,0.168093712065187
389.694847423712,0.169583508860196
390.195097548774,0.173642752759147
390.695347673837,0.181357125636946
391.195597798899,0.181610451407757
391.695847923962,0.176278547088778
392.196098049024,0.166573757440319
392.696348174087,0.162858312801755
393.19659829915,0.170850137714252
393.696848424212,0.180965073848785
394.197098549275,0.184650360657491
394.697348674337,0.173504026741798
395.1975987994,0.170427928096233
395.697848924462,0.180548895796738
396.198099049525,0.182738354244464
396.698349174587,0.175566822304118
397.19859929965,0.178148332540004
397.698849424712,0.18990988618481
398.199099549775,0.182400586550049
398.699349674837,0.170946642769799
399.1995997999,0.179505434883635
399.699849924963,0.191140325643036
400.200100050025,0.188371836862028
400.700350175088,0.175777927113127
401.20060030015,0.171935819589157
401.700850425213,0.179825107880135
402.201100550275,0.185458590497699
402.701350675338,0.182678038584747
403.2016008004,0.17703249283524
403.701850925463,0.179185761887135
404.202101050525,0.179782886918333
404.702351175588,0.17607347384574
405.20260130065,0.177044555967183
405.702851425713,0.17963209776904
406.203101550775,0.180205096536352
406.703351675838,0.170777758922591
407.2036018009,0.166700420325725
407.703851925963,0.171411073349619
408.204102051026,0.170174602325422
408.704352176088,0.170307296776799
409.204602301151,0.174764624029882
409.704852426213,0.178986720210069
410.205102551276,0.179638129335012
410.705352676338,0.18137522033486
411.205602801401,0.17785278580739
411.705852926463,0.168286722176281
412.206103051526,0.167611186787451
412.706353176588,0.167611186787451
413.206603301651,0.165077929079339
413.706853426713,0.166597883704206
414.207103551776,0.17127234733227
414.707353676838,0.169975560648356
415.207603801901,0.162357692826104
415.707853926963,0.172207240057883
416.208104052026,0.184897654862331
416.708354177089,0.181465693824436
417.208604302151,0.181761240557049
417.708854427214,0.186990608254509
418.209104552276,0.191852050427696
418.709354677339,0.187786774962773
419.209604802401,0.173304985064732
419.709854927464,0.16284021810384
420.210105052526,0.160892022294982
420.710355177589,0.168558142645007
421.210605302651,0.179746697522503
421.710855427714,0.183522457820784
422.211105552776,0.179644160900984
422.711355677839,0.185024317747736
423.211605802901,0.186930292594792
423.711855927964,0.17287071231477
424.212106053027,0.173304985064732
424.712356178089,0.181616482973728
425.212606303152,0.175669358925636
425.712856428214,0.170711411696903
426.213106553277,0.169191457072035
426.713356678339,0.16600679023898
427.213606803402,0.171356789255874
427.713856928464,0.178745457571201
428.214107053527,0.182635817622945
428.714357178589,0.181960282234115
429.214607303652,0.17319038531127
429.714857428714,0.163678605773905
430.215107553777,0.164137004787754
430.715357678839,0.173890046963986
431.215607803902,0.180030181123172
431.715857928965,0.181954250668143
432.216108054027,0.181797429952879
432.71635817909,0.183848162383256
433.216608304152,0.189759097035517
433.716858429215,0.187828995924575
434.217108554277,0.185585253383104
434.71735867934,0.192563775212356
435.217608804402,0.187292186553094
435.717858929465,0.166024884936895
436.218109054527,0.158817163600719
436.71835917959,0.178413721442758
437.218609304652,0.189288634889725
437.718859429715,0.174469077297269
438.219109554777,0.171700588516261
438.71935967984,0.183299289879832
439.219609804902,0.18610396805667
439.719859929965,0.190947315531942
440.220110055028,0.196333503944666
440.72036018009,0.184927812692189
441.220610305153,0.176049347581853
441.720860430215,0.181815524650794
442.221110555278,0.183805941421454
442.72136068034,0.175235086175674
443.221610805403,0.169643824519913
443.721860930465,0.171380915519761
444.222111055528,0.165976632409121
444.72236118059,0.158455269642417
445.222611305653,0.164649687895348
445.722861430715,0.173932267925788
446.223111555778,0.171978040550959
446.72336168084,0.16394399467666
447.223611805903,0.159866656079794
447.723861930965,0.163377027475321
448.224112056028,0.168600363606809
448.724362181091,0.174209719960486
449.224612306153,0.174999855102778
449.724862431216,0.163437343135038
450.225112556278,0.156675957680767
450.725362681341,0.15875081637503
451.225612806403,0.166603915270178
451.725862931466,0.177171218852589
452.226113056528,0.178166427237918
452.726363181591,0.176200136731146
453.226613306653,0.174607803314618
453.726863431716,0.178757520703145
454.227113556778,0.182768512074322
454.727363681841,0.185669695306708
455.227613806903,0.189469581868876
455.727863931966,0.182665975452803
456.228114057029,0.175060170762495
456.728364182091,0.172924996408515
457.228614307154,0.173781478776496
457.728864432216,0.177913101467107
458.229114557279,0.185138917501199
458.729364682341,0.182931364355558
459.229614807404,0.164390330558566
459.729864932466,0.160337118225586
460.230115057529,0.175777927113127
460.730365182591,0.18272629111252
461.230615307654,0.187997879771783
461.730865432716,0.193438352278252
462.231115557779,0.187611859549594
462.731365682841,0.175458254116627
463.231615807904,0.17393829949176
463.731865932966,0.190235590747281
464.232116058029,0.195609716028062
464.732366183092,0.189373076813329
465.232616308154,0.193239310601186
465.732866433217,0.193812309368497
466.233116558279,0.186411577921227
466.733366683342,0.184903686428303
467.233616808404,0.181532041050125
467.733866933467,0.173256732536958
468.234117058529,0.1722675557176
468.734367183592,0.169595571992139
469.234617308654,0.167309608488866
469.734867433717,0.171682493818346
470.235117558779,0.1774245446234
470.735367683842,0.187141397403802
471.235617808904,0.187533449191962
471.735867933967,0.178878152022579
472.23611805903,0.187533449191962
472.736368184092,0.193203121205356
473.236618309155,0.178474037102475
473.736868434217,0.172810396655053
474.23711855928,0.173847826002184
474.737368684342,0.176483620331815
475.237618809405,0.186122062754585
475.737868934467,0.195863041798874
476.23811905953,0.195555431934317
476.738369184592,0.192093313066564
477.238619309655,0.186351262261509
477.738869434717,0.171296473596157
478.23911955978,0.175138581120127
478.739369684842,0.184553855601944
479.239619809905,0.185742074098368
479.739869934967,0.18962640258414
480.24012006003,0.193860561896271
480.740370185093,0.208704245752614
481.240620310155,0.21249810074881
481.740870435218,0.192937732302601
482.24112056028,0.174547487654901
482.741370685343,0.17262341810993
483.241620810405,0.182509154737539
483.741870935468,0.181170147091823
484.24212106053,0.171356789255874
484.742371185593,0.172092640304421
485.242621310655,0.181182210223766
485.742871435718,0.180458422307163
486.24312156078,0.167381987280527
486.743371685843,0.169300025259526
487.243621810905,0.181755208991077
487.743871935968,0.189101656344603
488.244122061031,0.190923189268055
488.744372186093,0.182840890865983
489.244622311156,0.184445287414454
489.744872436218,0.196484293093958
490.245122561281,0.196942692107807
490.745372686343,0.18916197200432
491.245622811406,0.179155604057277
491.745872936468,0.173588468665401
492.246123061531,0.175850305904787
492.746373186593,0.175554759172174
493.246623311656,0.172750080995336
493.746873436718,0.181670767067474
494.247123561781,0.196472229962015
494.747373686843,0.197177923180703
495.247623811906,0.187014734518396
495.747873936968,0.172062482474562
496.248124062031,0.172575165582157
496.748374187094,0.188124542657188
497.248624312156,0.192310449441545
497.748874437219,0.195597652896119
498.249124562281,0.18898705659114
498.749374687344,0.173473868911939
499.249624812406,0.171821219835695
499.749874937469,0.175223023043731
500.250125062531,0.180922852886983
500.750375187594,0.183317384577746
501.250625312656,0.175403970022882
501.750875437719,0.169438751276875
502.251125562781,0.178021669654598
502.751375687844,0.189053403816829
503.251625812906,0.188208984580792
503.751875937969,0.188896583101565
504.252126063032,0.195235758937817
504.752376188094,0.192376796667233
505.252626313157,0.185470653629642
505.752876438219,0.185591284949076
506.253126563282,0.189560055358452
506.753376688344,0.201146693590079
507.253626813407,0.208499172509576
507.753876938469,0.204397707648823
508.254127063532,0.196701429468939
508.754377188594,0.196610955979364
509.254627313657,0.199047708631929
509.754877438719,0.187038860782283
510.255127563782,0.18478908667484
510.755377688844,0.183070090372907
511.255627813907,0.18436084549085
511.755877938969,0.201430177190749
512.256128064032,0.19382437250044
512.756378189095,0.181592356709842
513.256628314157,0.18895086719531
513.75687843922,0.191749513806177
514.257128564282,0.190151148823678
514.757378689345,0.182858985563898
515.257628814407,0.172931027974487
515.75787893947,0.17650171502973
516.258129064532,0.187165523667688
516.758379189595,0.195525274104459
517.258629314657,0.183335479275662
517.75887943972,0.157031820073097
518.259129564782,0.153075112795664
518.759379689845,0.170494275321922
519.259629814907,0.18542843266784
519.75987993997,0.184879560164416
520.260130065033,0.18237042872019
520.760380190095,0.189493708132763
521.260630315158,0.193251373733129
521.76088044022,0.190814621080564
522.261130565283,0.182877080261813
522.761380690345,0.176718851404712
523.261630815408,0.177991511824739
523.76188094047,0.173238637839043
524.262131065533,0.169215583335922
524.762381190595,0.166537568044489
525.262631315658,0.164872855836301
525.76288144072,0.170795853620506
526.263131565783,0.167761975936743
526.763381690845,0.170035876308073
527.263631815908,0.185307801348406
527.76388194097,0.185555095553246
528.264132066033,0.178250869161522
528.764382191096,0.180585085192569
529.264632316158,0.183323416143718
529.764882441221,0.178606731553852
530.265132566283,0.174463045731297
530.765382691346,0.178202616633749
531.265632816408,0.185832547587944
531.765882941471,0.189710844507744
532.266133066533,0.188751825518244
532.766383191596,0.191321272622187
533.266633316658,0.196629050677279
533.766883441721,0.196936660541835
534.267133566783,0.187859153754433
534.767383691846,0.174064962377165
535.267633816908,0.176139821071429
535.767883941971,0.197847427003562
536.268134067034,0.210724820353132
536.768384192096,0.204572623062002
537.268634317159,0.19314883711161
537.768884442221,0.18674331404967
538.269134567284,0.185862705417802
538.769384692346,0.192575838344299
539.269634817409,0.196761745128656
539.769884942471,0.187732490869028
540.270135067534,0.185042412445652
540.770385192596,0.189722907639687
541.270635317659,0.189228319230008
541.770885442721,0.187014734518396
542.271135567784,0.190627642535442
542.771385692846,0.198643593711825
543.271635817909,0.206961123186794
543.771885942971,0.206152893346586
544.272136068034,0.189759097035518
544.772386193097,0.175367780627052
545.272636318159,0.183431984331209
545.772886443222,0.195259885201704
546.273136568284,0.18791946941415
546.773386693347,0.184342750792935
547.273636818409,0.19019336978548
547.773886943472,0.19030193797297
548.274137068534,0.192539648948469
548.774387193597,0.189608307886225
549.274637318659,0.174637961144476
549.774887443722,0.174637961144476
550.275137568784,0.184264340435303
550.775387693847,0.180476517005078
551.275637818909,0.172008198380817
551.775887943972,0.172418344866893
552.276138069035,0.187925500980122
552.776388194097,0.191888239823526
553.27663831916,0.183727531063822
553.776888444222,0.195555431934317
554.277138569285,0.200513379163051
554.777388694347,0.191357462018017
555.27763881941,0.190380348330602
555.777888944472,0.192696469663733
556.278139069535,0.195694157951666
556.778389194597,0.189354982115414
557.27863931966,0.181345062505002
557.778889444722,0.188968961893225
558.279139569785,0.19627921985092
558.779389694847,0.192244102215856
559.27963981991,0.188190889882877
559.779889944973,0.194415465965667
560.280140070035,0.197551880270948
560.780390195098,0.187515354494047
561.28064032016,0.185331927612293
561.780890445223,0.191194609736781
562.281140570285,0.189071498514744
562.781390695348,0.185488748327557
563.28164082041,0.190108927861876
563.781890945473,0.193209152771327
564.282141070535,0.189077530080716
564.782391195598,0.187786774962773
565.28264132066,0.18610396805667
565.782891445723,0.176911861515806
566.283141570785,0.17183931453361
566.783391695848,0.179366708866286
567.28364182091,0.181345062505002
567.783891945973,0.174939539443061
568.284142071035,0.178932436116324
568.784392196098,0.183100248202765
569.284642321161,0.187985816639839
569.784892446223,0.197370933291797
570.285142571286,0.197624259062609
570.785392696348,0.199403571024259
571.285642821411,0.195573526632232
571.785892946473,0.185935084209462
572.286143071536,0.186483956712887
572.786393196598,0.185754137230312
573.286643321661,0.185416369535897
573.786893446723,0.194741170528138
574.287143571786,0.204283107895361
574.787393696848,0.207280796183293
575.287643821911,0.201406050926862
575.787893946973,0.190127022559791
576.288144072036,0.186658872126066
576.788394197099,0.185138917501199
577.288644322161,0.1825815335292
577.788894447224,0.182641849188917
578.289144572286,0.179065130567701
578.789394697349,0.177605491602551
579.289644822411,0.18332944770969
579.789894947474,0.191779671636036
580.290145072536,0.193305657826875
580.790395197599,0.186628714296208
581.290645322661,0.183341510841633
581.790895447724,0.184517666206114
582.291145572786,0.185482716761585
582.791395697849,0.185808421324057
583.291645822912,0.187666143643339
583.791895947974,0.188854362139763
584.292146073037,0.189753065469546
584.792396198099,0.192268228479743
585.292646323162,0.183335479275662
585.792896448224,0.170590780377469
586.293146573287,0.180536832664795
586.793396698349,0.204723412211295
587.293646823412,0.213167604571668
587.793896948474,0.202334912086503
588.294147073537,0.189710844507744
588.794397198599,0.188148668921075
589.294647323662,0.197244270406392
589.794897448724,0.205447200127898
590.295147573787,0.200254021826268
590.795397698849,0.186894103198962
591.295647823912,0.180144780876635
591.795897948974,0.179022909605899
592.296148074037,0.184204024775586
592.7963981991,0.193335815656733
593.296648324162,0.193709772746978
593.796898449225,0.18585667385183
594.297148574287,0.184517666206114
594.79739869935,0.187985816639839
595.297648824412,0.181133957695993
595.797898949475,0.178926404550352
596.298149074537,0.190929220834027
596.7983991996,0.202901879287842
597.298649324662,0.199590549569381
597.798899449725,0.189463550302905
598.299149574787,0.190778431684734
598.79939969985,0.192340607271403
599.299649824912,0.194970370035062
599.799899949975,0.192774880021365
600.300150075038,0.179819076314163
600.8004002001,0.172502786790496
601.300650325163,0.182068850421605
601.800900450225,0.199554360173551
602.301150575288,0.204035813690521
602.80140070035,0.204427865478681
603.301650825413,0.199451823552032
603.801900950475,0.18749122823016
604.302151075538,0.185947147341406
604.8024012006,0.191954587049215
605.302651325663,0.195826852403043
605.802901450725,0.187545512323905
606.303151575788,0.175874432168674
606.80340170085,0.184276403567246
607.303651825913,0.197093481257099
607.803901950976,0.191007631191658
608.304152076038,0.176459494067928
608.804402201101,0.171905661759298
609.304652326163,0.183106279768737
609.804902451226,0.190573358441696
610.305152576288,0.185446527365755
610.805402701351,0.186894103198962
611.305652826413,0.192370765101262
611.805902951476,0.185965242039321
612.306153076538,0.184795118240812
612.806403201601,0.188383899993971
613.306653326663,0.185018286181765
613.806903451726,0.181821556216766
614.307153576788,0.177858817373362
614.807403701851,0.183347542407605
615.307653826913,0.192111407764479
615.807903951976,0.19339613131645
616.308154077038,0.19168919814646
616.808404202101,0.180006054859286
617.308654327164,0.176562030689447
617.808904452226,0.191158420340951
618.309154577289,0.192889479774828
618.809404702351,0.184584013431803
619.309654827414,0.19407166670528
619.809904952476,0.209729611967802
620.310155077539,0.205899567575775
620.810405202601,0.189186098268207
621.310655327664,0.182702164848634
621.810905452726,0.188492468181461
622.311155577789,0.188034069167613
622.811405702851,0.181881871876483
623.311655827914,0.190314001104914
623.811905952977,0.205115463999455
624.312156078039,0.201701597659475
624.812406203102,0.200808925895664
625.312656328164,0.213583782623715
625.812906453227,0.211870817887754
626.313156578289,0.198335983847269
626.813406703352,0.195181474844072
627.313656828414,0.200133390506834
627.813906953477,0.202027302221947
628.314157078539,0.200447031937362
628.814407203602,0.19335994192062
629.314657328664,0.188956898761282
629.814907453727,0.191797766333951
630.315157578789,0.188932772497395
630.815407703852,0.189348950549442
631.315657828914,0.195434800614883
631.815907953977,0.194759265226053
632.316158079039,0.191695229712432
632.816408204102,0.189294666455697
633.316658329165,0.19410785610111
633.816908454227,0.196267156718977
634.31715857929,0.191236830698583
634.817408704352,0.190145117257706
635.317658829415,0.190458758688234
635.817908954477,0.187020766084368
636.31815907954,0.181712988029276
636.818409204602,0.187237902459349
637.318659329665,0.194258645250402
637.818909454727,0.196894439580034
638.31915957979,0.205543705183445
638.819409704852,0.207244606787463
639.319659829915,0.198884856350693
639.819909954977,0.193372005052563
640.32016008004,0.192232039083913
640.820410205103,0.196025894080109
641.320660330165,0.194505939455242
641.820910455228,0.180699684946031
642.32116058029,0.180337790987729
642.821410705353,0.200477189767221
643.321660830415,0.210393084224688
643.821910955478,0.213571719491772
644.32216108054,0.21491675870346
644.822411205603,0.202027302221947
645.322661330665,0.188848330573792
645.822911455728,0.187569638587792
646.32316158079,0.199077866461787
646.823411705853,0.208631866960953
647.323661830916,0.199705149322844
647.823911955978,0.182412649681992
648.324162081041,0.175838242772844
648.824412206103,0.180965073848785
649.324662331166,0.193770088406695
649.824912456228,0.199083898027759
650.325162581291,0.197045228729326
650.825412706353,0.204005655860663
651.325662831416,0.206351935023652
651.825912956478,0.204783727871011
652.326163081541,0.203613604072503
652.826413206603,0.197889647965363
653.326663331666,0.194445623795525
653.826913456728,0.186604588032321
654.327163581791,0.183733562629794
654.827413706853,0.207787447724916
655.327663831916,0.226997985344767
655.827913956978,0.21281777374531
656.328164082041,0.191158420340951
656.828414207104,0.18638745165734
657.328664332166,0.195036717260751
657.828914457229,0.194041508875421
658.329164582291,0.186019526133066
658.829414707354,0.188721667688386
659.329664832416,0.188414057823829
659.829914957479,0.191870145125611
660.330165082541,0.206581134530577
660.830415207604,0.200229895562381
661.330665332666,0.18759979641765
661.830915457729,0.196303346114807
662.331165582791,0.202877753023956
662.831415707854,0.197370933291797
663.331665832916,0.188408026257858
663.831915957979,0.186025557699038
664.332166083042,0.198396299506986
664.832416208104,0.196972849937666
665.332666333167,0.179710508126673
665.832916458229,0.187859153754433
666.333166583292,0.200851146857466
666.833416708354,0.20275109013855
667.333666833417,0.206110672384785
667.833916958479,0.193842467198355
668.334167083542,0.188058195431499
668.834417208604,0.19688237644809
669.334667333667,0.193444383844224
669.834917458729,0.195187506410044
670.335167583792,0.205833220350087
670.835417708854,0.201568903208098
671.335667833917,0.194421497531638
671.83591795898,0.199898159433938
672.336168084042,0.212347311599518
672.836418209105,0.207166196429831
673.336668334167,0.185054475577595
673.83691845923,0.180880631925181
674.337168584292,0.191242862264555
674.837418709355,0.199674991492985
675.337668834417,0.202389196180248
675.83791895948,0.202099681013607
676.338169084542,0.204518338968257
676.838419209605,0.207733163631171
677.338669334667,0.204132318746068
677.83891945973,0.199035645499986
678.339169584792,0.195802726139157
678.839419709855,0.190995568059715
679.339669834917,0.194777359923968
679.83991995998,0.195199569541987
680.340170085042,0.190452727122262
680.840420210105,0.198595341184052
681.340670335168,0.205278316280691
681.84092046023,0.196291282982864
682.341170585293,0.190326064236857
682.841420710355,0.199898159433938
683.341670835418,0.206436376947256
683.84192096048,0.209084234408831
684.342171085543,0.213686319245234
684.842421210605,0.205573863013303
685.342671335668,0.191273020094413
685.84292146073,0.194083729837223
686.343171585793,0.211490829231537
686.843421710855,0.217866194463619
687.343671835918,0.215887840824903
687.843921960981,0.208680119488727
688.344172086043,0.194083729837223
688.844422211106,0.195802726139157
689.344672336168,0.201146693590079
689.844922461231,0.192738690625535
690.345172586293,0.184668455355406
690.845422711356,0.17952352958155
691.345672836418,0.182991680015275
691.845922961481,0.193661520219205
692.346173086543,0.19588716806276
692.846423211606,0.190452727122262
693.346673336668,0.191864113559639
693.846923461731,0.196146525399543
694.347173586793,0.198559151788221
694.847423711856,0.204669128117549
695.347673836918,0.209397875839359
695.847923961981,0.209988969304585
696.348174087044,0.208390604322086
696.848424212106,0.209826117023349
697.348674337169,0.202962194947559
697.848924462231,0.187008702952424
698.349174587294,0.185289706650491
698.849424712356,0.195664000121808
699.349674837419,0.195591621330147
699.849924962481,0.186701093087868
700.350175087544,0.187280123421151
700.850425212606,0.196743650430741
701.350675337669,0.198975329840269
701.850925462731,0.191285083226357
702.351175587794,0.191671103448545
702.851425712856,0.198142973736174
703.351675837919,0.201387956228947
703.851925962981,0.202986321211446
704.352176088044,0.205266253148747
704.852426213107,0.206701765850011
705.352676338169,0.194131982364997
705.852926463232,0.182629786056973
706.353176588294,0.190211464483395
706.853426713357,0.202739027006607
707.353676838419,0.21100227238783
707.853926963482,0.208788687676217
708.354177088544,0.202141901975409
708.854427213607,0.201225103947711
709.354677338669,0.198239478791722
709.854927463732,0.194312929344148
710.355177588794,0.193565015163657
710.855427713857,0.195380516521138
711.355677838919,0.194361181871921
711.855927963982,0.189843538959121
712.356178089045,0.196496356225902
712.856428214107,0.203384404565578
713.35667833917,0.201345735267145
713.856928464232,0.196779839826571
714.357178589295,0.19268440653179
714.857428714357,0.196381756472439
715.35767883942,0.195410674350996
715.857928964482,0.196050020343996
716.358179089545,0.203903119239144
716.858429214607,0.198565183354193
717.35867933967,0.190356222066715
717.858929464732,0.194234518986516
718.359179589795,0.197244270406392
718.859429714857,0.192593933042215
719.35967983992,0.192690438097762
719.859929964982,0.198245510357693
720.360180090045,0.201954923430286
720.860430215107,0.202992352777418
721.36068034017,0.201315577437286
721.860930465233,0.198896919482636
722.361180590295,0.198866761652778
722.861430715358,0.198836603822919
723.36168084042,0.198209320961863
723.861930965483,0.198933108878467
724.362181090545,0.195048780392695
724.862431215608,0.193661520219204
725.36268134067,0.199409602590231
725.862931465733,0.20520593748903
726.363181590795,0.20972358040183
726.863431715858,0.201888576204597
727.36368184092,0.190000359674385
727.863931965983,0.185808421324057
728.364182091046,0.18126665214737
728.864432216108,0.182768512074322
729.364682341171,0.194753233660082
729.864932466233,0.20801664723184
730.365182591296,0.208541393471378
730.865432716358,0.194005319479591
731.365682841421,0.183564678782586
731.865932966483,0.188190889882877
732.366183091546,0.196556671885619
732.866433216608,0.19958451800341
733.366683341671,0.20179207114905
733.866933466733,0.204343423555078
734.367183591796,0.200416874107504
734.867433716858,0.195097032920468
735.367683841921,0.194294834646233
735.867933966984,0.189312761153612
736.368184092046,0.190127022559791
736.868434217109,0.195042748826723
737.368684342171,0.187406786306556
737.868934467234,0.192642185569988
738.369184592296,0.202027302221947
738.869434717359,0.190700021327102
739.369684842421,0.185452558931727
739.869934967484,0.197576006534835
740.370185092546,0.208257909870708
740.870435217609,0.206333840325737
741.370685342671,0.198052500246599
741.870935467734,0.188769920216159
742.371185592796,0.191568566827026
742.871435717859,0.204409770780766
743.371685842921,0.202135870409437
743.871935967984,0.194011351045563
744.372186093046,0.187859153754433
744.872436218109,0.182304081494502
745.372686343172,0.187461070400301
745.872936468234,0.18717155523366
746.373186593297,0.182955490619445
746.873436718359,0.191423809243706
747.373686843422,0.201918734034456
747.873936968484,0.207497932558274
748.374187093547,0.209874369551122
748.874437218609,0.203553288412786
749.374687343672,0.191411746111762
749.874937468734,0.191182546604838
750.375187593797,0.202280627992758
750.875437718859,0.200640042048456
751.375687843922,0.191291114792328
751.875937968985,0.196731587298798
752.376188094047,0.207256669919406
752.87643821911,0.205953851669521
753.376688344172,0.195712252649581
753.876938469235,0.192147597160309
754.377188594297,0.193341847222705
754.87743871936,0.203016479041304
755.377688844422,0.21665988126928
755.877938969485,0.206267493100049
756.378189094547,0.201605092603928
756.87843921961,0.209385812707415
757.378689344672,0.194445623795525
757.878939469735,0.184246245737388
758.379189594797,0.190525105913923
758.87943971986,0.193384068184507
759.379689844922,0.204439928610625
759.879939969985,0.209222960426179
760.380190095048,0.193335815656733
760.88044022011,0.191194609736781
761.380690345173,0.205984009499379
761.880940470235,0.208131246985302
762.381190595298,0.20143620875672
762.88144072036,0.199789591246447
763.381690845423,0.200398779409589
763.881940970485,0.199843875340193
764.382191095548,0.195911294326647
764.88244122061,0.19172538754229
765.382691345673,0.192467270156809
765.882941470735,0.199964506659627
766.383191595798,0.209934685210839
766.88344172086,0.212811742179338
767.383691845923,0.203734235391936
767.883941970985,0.200272116524183
768.384192096048,0.208197594210991
768.884442221111,0.214440264991696
769.384692346173,0.218161741196232
769.884942471236,0.216273861047092
770.385192596298,0.210453399884405
770.885442721361,0.204198665971757
771.385692846423,0.20406597152038
771.885942971486,0.214741843290281
772.386193096548,0.218716645265628
772.886443221611,0.208891224297736
773.386693346673,0.201418114058805
773.886943471736,0.199898159433938
774.387193596798,0.204464054874512
774.887443721861,0.207190322693718
775.387693846923,0.197280459802222
775.887943971986,0.20111653576022
776.388194097049,0.216111008765856
776.888444222111,0.209663264742113
777.388694347174,0.191067946851376
777.888944472236,0.183064058806935
778.389194597299,0.187316312816981
778.889444722361,0.197889647965363
779.389694847424,0.21274539495365
779.889944972486,0.21214223835648
780.390195097549,0.197811237607731
780.890445222611,0.196960786805722
781.390695347674,0.199258813440938
781.890945472736,0.196677303205053
782.391195597799,0.206255429968105
782.891445722861,0.217745563144186
783.391695847924,0.21249810074881
783.891945972986,0.202202217635126
784.392196098049,0.206388124419483
784.892446223112,0.214470422821555
785.392696348174,0.20758840604785
785.892946473237,0.200193706166551
786.393196598299,0.201918734034456
786.893446723362,0.197443312083458
787.393696848424,0.188414057823829
787.893946973487,0.195097032920468
788.394197098549,0.212859994707112
788.894447223612,0.217154469678959
789.394697348674,0.216961459567865
789.894947473737,0.219374085956543
790.395197598799,0.205284347846662
790.895447723862,0.193185026507441
791.395697848924,0.196092241305798
791.895947973987,0.197678543156354
792.39619809905,0.197196017878618
792.896448224112,0.193957066951818
793.396698349175,0.194041508875421
793.896948474237,0.196399851170354
794.3971985993,0.19275678532345
794.897448724362,0.191586661524941
795.397698849425,0.193534857333799
795.897948974487,0.199029613934014
796.39819909955,0.207727132065199
796.898449224612,0.206092577686869
797.398699349675,0.204005655860663
797.898949474737,0.208523298773463
798.3991995998,0.20751602725619
798.899449724862,0.202835532062154
799.399699849925,0.196381756472439
799.899949974988,0.189759097035518
800.40020010005,0.185826516021972
800.900450225113,0.190669863497243
801.400700350175,0.200748610235947
801.900950475238,0.201532713812268
802.4012006003,0.189469581868876
802.901450725363,0.182991680015275
803.401700850425,0.194777359923968
803.901950975488,0.203758361655823
804.40220110055,0.205435136995955
804.902451225613,0.209271212953953
805.402701350675,0.208251878304736
805.902951475738,0.20648462947503
806.4032016008,0.210990209255886
806.903451725863,0.218547761418421
807.403701850925,0.224585358956088
807.903951975988,0.217890320727506
808.40420210105,0.202847595194097
808.904452226113,0.199331192232598
809.404702351176,0.194198329590686
809.904952476238,0.189143877306404
810.405202601301,0.194288803080261
810.905452726363,0.190609547837526
811.405702851426,0.197069354993213
811.905952976488,0.21007944279416
812.406203101551,0.202612364121201
812.906453226613,0.195875104930817
813.406703351676,0.1909774733618
813.906953476738,0.188341679032169
814.407203601801,0.194958306903119
814.907453726863,0.192195849688083
815.407703851926,0.189958138712583
815.907953976988,0.193136773979667
816.408204102051,0.196828092354345
816.908454227114,0.203848835145399
817.408704352176,0.199662928361042
817.908954477239,0.194264676816374
818.409204602301,0.20374629852388
818.909454727364,0.209283276085896
819.409704852426,0.199590549569381
819.909954977489,0.190874936740281
820.410205102551,0.192799006285252
820.910455227614,0.192346638837375
821.410705352676,0.186930292594792
821.910955477739,0.196321440812723
822.411205602801,0.215351031453422
822.911455727864,0.212980626026546
823.411705852927,0.204023750558578
823.911955977989,0.214030118505621
824.412206103052,0.218415066967043
824.912456228114,0.213324425286932
825.412706353177,0.215610388790205
825.912956478239,0.213909487186187
826.413206603302,0.206140830214643
826.913456728364,0.197087449691128
827.413706853427,0.191043820587489
827.913956978489,0.19570622108361
828.414207103552,0.200386716277645
828.914457228614,0.197678543156354
829.414707353677,0.194150077062912
829.914957478739,0.194566255114959
830.415207603802,0.196236998889119
830.915457728864,0.199071834895816
831.415707853927,0.202292691124701
831.915957978989,0.209771832929604
832.416208104052,0.217094154019242
832.916458229115,0.206134798648671
833.416708354177,0.20513355869737
833.91695847924,0.224579327390117
834.417208604302,0.22277588916458
834.917458729365,0.207950300006152
835.417708854427,0.206231303704218
835.91795897949,0.20378248791971
836.418209104552,0.195959546854421
836.918459229615,0.196610955979364
837.418709354677,0.207666816405482
837.91895947974,0.214476454387526
838.419209604802,0.203486941187097
838.919459729865,0.192382828233205
839.419709854927,0.200398779409589
839.91995997999,0.205531642051502
840.420210105053,0.205700525898709
840.920460230115,0.211520987061395
841.420710355178,0.20716016486386
841.92096048024,0.200211800864466
842.421210605303,0.19627921985092
842.921460730365,0.194288803080261
843.421710855428,0.192708532795677
843.92196098049,0.191206672868725
844.422211105553,0.19830582601741
844.922461230615,0.20648462947503
845.422711355678,0.207335080277039
845.92296148074,0.197539817139005
846.423211605803,0.192726627493592
846.923461730865,0.200609884218598
847.423711855928,0.204651033419634
847.92396198099,0.203806614183597
848.424212106053,0.203112984096852
848.924462231116,0.197280459802222
849.424712356178,0.193848498764327
849.924962481241,0.200338463749872
850.425212606303,0.204265013197445
850.925462731366,0.206370029721567
851.425712856428,0.20246760653788
851.925962981491,0.193902782858072
852.426213106553,0.198408362638929
852.926463231616,0.204409770780766
853.426713356678,0.20652081887086
853.926963481741,0.21270920555782
854.427213606803,0.216593534043592
854.927463731866,0.21626782948112
855.427713856928,0.219536938237779
855.927963981991,0.226967827514908
856.428214107054,0.224856779424815
856.928464232116,0.217154469678959
857.428714357179,0.217293195696308
857.928964482241,0.215061516286781
858.429214607304,0.207286827749265
858.929464732366,0.205193874357087
859.429714857429,0.203076794701021
859.929964982491,0.202268564860814
860.430215107554,0.210863546370481
860.930465232616,0.206611292360435
861.430715357679,0.192726627493592
861.930965482741,0.195133222316298
862.431215607804,0.211159093103094
862.931465732866,0.212057796432876
863.431715857929,0.188564846973122
863.931965982992,0.186646808994123
864.432216108054,0.206170988044502
864.932466233117,0.208613772263038
865.432716358179,0.207407459068699
865.932966483242,0.214476454387526
866.433216608304,0.210851483238537
866.933466733367,0.207274764617322
867.433716858429,0.20684049186736
867.933966983492,0.194524034153157
868.434217108554,0.194017382611535
868.934467233617,0.199910222565881
869.434717358679,0.201671439829616
869.934967483742,0.205254190016804
870.435217608804,0.195344327125308
870.935467733867,0.187696301473198
871.435717858929,0.203836772013455
871.935967983992,0.215712925411724
872.436218109054,0.204524370534229
872.936468234117,0.202443480273993
873.43671835918,0.216490997422073
873.936968484242,0.220701030470316
874.437218609305,0.218632203342025
874.937468734367,0.213221888665414
875.43771885943,0.205947820103549
875.937968984492,0.202992352777418
876.438219109555,0.198450583600731
876.938469234617,0.199801654378391
877.43871935968,0.198890887916665
877.938969484742,0.194288803080261
878.439219609805,0.196321440812722
878.939469734867,0.199711180888815
879.43971985993,0.209711517269887
879.939969984992,0.214663432932649
880.440220110055,0.20314314192671
880.940470235118,0.198444552034759
881.44072036018,0.200875273121353
881.940970485243,0.192467270156809
882.441220610305,0.181960282234115
882.941470735368,0.188721667688386
883.44172086043,0.205851315048002
883.941970985493,0.205893536009804
884.442221110555,0.201701597659475
884.942471235618,0.202316817388588
885.44272136068,0.191930460785328
885.942971485743,0.192370765101262
886.443221610805,0.208312193964453
886.943471735868,0.204675159683521
887.443721860931,0.188359773730084
887.943971985993,0.18884229900782
888.444222111056,0.206183051176445
888.944472236118,0.217166532810903
889.444722361181,0.208637898526925
889.944972486243,0.199994664489485
890.445222611306,0.20207555474972
890.945472736368,0.20559798927719
891.445722861431,0.206671608020152
891.945972986493,0.206828428735416
892.446223111556,0.207021438846511
892.946473236618,0.208722340450529
893.446723361681,0.207684911103397
893.946973486743,0.203800582617625
894.447223611806,0.204379612950908
894.947473736868,0.206731923679869
895.447723861931,0.210405147356632
895.947973986993,0.211949228245386
896.448224112056,0.208155373249189
896.948474237119,0.201520650680324
897.448724362181,0.199922285697825
897.948974487244,0.21146670296765
898.449224612306,0.220345168077986
898.949474737369,0.224289812223475
899.449724862431,0.22942870643136
899.949974987494,0.223415235157579
900.450225112556,0.212202554016197
900.950475237619,0.20563417867302
901.450725362681,0.199469918249948
901.950975487744,0.192213944385998
902.451225612806,0.188329615900226
902.951475737869,0.1900184543723
903.451725862931,0.19506687509061
903.951975987994,0.201701597659475
904.452226113057,0.204464054874512
904.952476238119,0.210381021092745
905.452726363182,0.225170420855343
905.952976488244,0.234416811489952
906.453226613307,0.229627748108426
906.953476738369,0.21960931702944
907.453726863432,0.209982937738613
907.953976988494,0.208101089155444
908.454227113557,0.21765508965461
908.954477238619,0.215917998654762
909.454727363682,0.20353519371487
909.954977488744,0.204645001853663
910.455227613807,0.209035981881057
910.955477738869,0.198722004069457
911.455727863932,0.1912971463583
911.955977988995,0.193317720958818
912.456228114057,0.190072738466046
912.95647823912,0.192087281500592
913.456728364182,0.202533953763569
913.956978489245,0.208607740697067
914.457228614307,0.210652441561471
914.95747873937,0.211315913818358
915.457728864432,0.202105712579579
915.957978989495,0.197744890382043
916.458229114557,0.208643930092897
916.95847923962,0.208354414926255
917.458729364682,0.198094721208401
917.958979489745,0.195006559430893
918.459229614807,0.194837675583685
918.95947973987,0.202389196180248
919.459729864932,0.218885529112836
919.959979989995,0.218921718508666
920.460230115058,0.209162644766463
920.96048024012,0.215640546620064
921.460730365183,0.223348887931891
921.960980490245,0.208378541190142
922.461230615308,0.200495284465136
922.96148074037,0.212437785089093
923.461730865433,0.211134966839207
923.961980990495,0.203149173492682
924.462231115558,0.205266253148747
924.96248124062,0.216792575720657
925.462731365683,0.224826621594956
925.962981490745,0.219337896560713
926.463231615808,0.211931133547471
926.96348174087,0.213360614682763
927.463731865933,0.219947084723854
927.963981990996,0.220827693355722
928.464232116058,0.216569407779705
928.964482241121,0.219494717275977
929.464732366183,0.216877017644261
929.964982491246,0.197968058322995
930.465232616308,0.19200887114296
930.965482741371,0.20374629852388
931.465732866433,0.206388124419483
931.965982991496,0.203517099016955
932.466233116558,0.210929893596169
932.966483241621,0.213191730835555
933.466733366683,0.203860898277342
933.966983491746,0.208861066467878
934.467233616808,0.216509092119988
934.967483741871,0.214476454387526
935.467733866933,0.217480174241431
935.967983991996,0.220128031703005
936.468234117059,0.217998888914997
936.968484242121,0.215833556731158
937.468734367184,0.221237839841797
937.968984492246,0.221641954761901
938.469234617309,0.21221461714814
938.969484742371,0.205519578919558
939.469734867434,0.198535025524335
939.969984992496,0.200097201111004
940.470235117559,0.206219240572275
940.970485242621,0.20381867731554
941.470735367684,0.208161404815161
941.970985492746,0.217558584599063
942.471235617809,0.210109600624019
942.971485742871,0.195573526632232
943.471735867934,0.194922117507289
943.971985992996,0.195338295559336
944.472236118059,0.198583278052108
944.972486243122,0.213589814189687
945.472736368184,0.22146100778275
945.972986493247,0.21512786351247
946.473236618309,0.212648889898103
946.973486743372,0.219675664255128
947.473736868434,0.219108697053789
947.973986993497,0.207172227995803
948.474237118559,0.195374484955166
948.974487243622,0.199855938472136
949.474737368684,0.211086714311433
949.974987493747,0.212371437863405
950.475237618809,0.213402835644565
950.975487743872,0.215477694338828
951.475737868935,0.219591222331524
951.975987993997,0.222413995206278
952.47623811906,0.209096297540774
952.976488244122,0.205929725405634
953.476738369185,0.221798775477165
953.976988494247,0.221255934539712
954.47723861931,0.20833632022834
954.977488744372,0.210513715544122
955.477738869435,0.216237671651262
955.977988994497,0.212908247234886
956.47823911956,0.214566927877102
956.978489244622,0.212727300255735
957.478739369685,0.212914278800857
957.978989494747,0.215869746126988
958.47923961981,0.206544945134747
958.979489744872,0.204874201360587
959.479739869935,0.207823637120746
959.979989994997,0.208505204075548
960.48024012006,0.214566927877102
960.980490245123,0.214542801613215
961.480740370185,0.209608980648368
961.980990495248,0.207600469179793
962.48124062031,0.208812813940104
962.981490745373,0.205694494332737
963.481740870435,0.201026062270645
963.981990995498,0.208390604322086
964.48224112056,0.215513883734658
964.982491245623,0.211720028738462
965.482741370685,0.212648889898103
965.982991495748,0.208951539957453
966.48324162081,0.191514282733281
966.983491745873,0.187587733285707
967.483741870935,0.19958451800341
967.983991995998,0.207769353027001
968.484242121061,0.208637898526925
968.984492246123,0.206888744395133
969.484742371186,0.208257909870708
969.984992496248,0.21551991530063
970.485242621311,0.214814222081941
970.985492746373,0.206828428735416
971.485742871436,0.202377133048305
971.985992996498,0.200217832430438
972.486243121561,0.203547256846814
972.986493246623,0.217425890147686
973.486743371686,0.234531411243414
973.986993496748,0.231714669934633
974.487243621811,0.214753906422224
974.987493746873,0.214765969554168
975.487743871936,0.225393588796295
975.987993996999,0.221165461050137
976.488244122061,0.215640546620064
976.988494247124,0.217347479790054
977.488744372186,0.217196690640761
977.988994497249,0.220719125168231
978.489244622311,0.222685415675004
978.989494747374,0.222655257845146
979.489744872436,0.218276340949695
979.989994997499,0.204114224048153
980.490245122561,0.201255261777569
980.990495247624,0.21242572195715
981.490745372686,0.217033838359525
981.990995497749,0.215206273870102
982.491245622811,0.213258078061244
982.991495747874,0.21896997103644
983.491745872936,0.217980794217081
983.991995997999,0.203728203825965
984.492246123061,0.20684049186736
984.992496248124,0.217353511356025
985.492746373187,0.215369126151337
985.992996498249,0.211810502228037
986.493246623312,0.216285924179035
986.993496748374,0.224537106428315
987.493746873437,0.222486373997938
987.993996998499,0.217474142675459
988.494247123562,0.220085810741203
988.994497248624,0.220960387807099
989.494747373687,0.223994265490862
989.994997498749,0.226159597674701
990.495247623812,0.216014503710309
990.995497748874,0.206894775961105
991.495747873937,0.201846355242796
991.995997999,0.197781079777873
992.496248124062,0.205193874357087
992.996498249125,0.212184459318282
993.496748374187,0.216671944401224
993.99699849925,0.221135303220278
994.497248624312,0.21623164008529
994.997498749375,0.211249566592669
995.497748874437,0.208643930092897
995.9979989995,0.201635250433786
996.498249124562,0.198583278052108
996.998499249625,0.209066139710915
997.498749374687,0.215067547852753
997.99899949975,0.21413265512714
998.499249624812,0.211907007283584
998.999499749875,0.208040773495727
999.499749874937,0.211496860797509
1000,0.213270141193187
