0,0
0.500250125062531,0.0135006551666456
1.00050025012506,0.0180243296454172
1.50075037518759,0.0176021200273986
2.00100050025013,0.0169507109024555
2.50125062531266,0.011232786361288
3.00150075037519,0.00862714986151547
3.50175087543772,0.00537010423679973
4.00200100050025,0.0081808139796099
4.50225112556278,0.0173306995586723
5.00250125062531,0.0196407893258317
5.50275137568784,0.0215286694749725
6.00300150075037,0.0226203829158493
6.50325162581291,0.020943607575718
7.00350175087544,0.0233984549261982
7.50375187593797,0.0264504273078762
8.0040020010005,0.0167757954892763
8.50425212606303,0.00897698068787378
9.00450225112556,0.0172703838989553
9.50475237618809,0.0180243296454173
10.0050025012506,0.00581644011870519
10.5052526263132,0.00825922433724191
11.0055027513757,0.0178494142322381
11.5057528764382,0.00934490621214723
12.0060030015007,0.0060335764936863
12.5062531265633,0.0180665506072192
13.0065032516258,0.0187360544300773
13.5067533766883,0.00584659794856368
14.0070035017509,0.000810240362197789
14.5072536268134,0.00524947291736588
15.0075037518759,0.0145079266839186
15.5077538769385,0.0268666053599231
16.008004002001,0.0328378556719019
16.5082541270635,0.0266012164571685
17.0085042521261,0.013669539013853
17.5087543771886,0.0148758522081921
18.0090045022511,0.0250933249642447
18.5092546273137,0.0243816001795846
19.0095047523762,0.0206902818049067
19.5097548774387,0.0231571922873303
20.0100050025013,0.0234225811900849
20.5102551275638,0.0183138448120587
21.0105052526263,0.016721511395531
21.5107553776888,0.00985155775376967
22.0110055027514,0.0051891572576489
22.5112556278139,0.0194658739126525
23.0115057528764,0.0234708337178585
23.511755877939,0.0151231464130316
24.0120060030015,0.0192668322355866
24.512256128064,0.0186455809405019
25.0125062531266,0.013946991048551
25.5127563781891,0.0235251178116037
26.0130065032516,0.0315109111581288
26.5132566283142,0.0327051612205246
27.0135067533767,0.032656908692751
27.5137568784392,0.0279100662730264
28.0140070035017,0.0260704386516593
28.5142571285643,0.0246349259503957
29.0145072536268,0.0237663804504715
29.5147573786893,0.0354073027758443
30.0150075037519,0.0410287222614646
30.5152576288144,0.029128442599309
31.0155077538769,0.0223730887110098
31.5157578789395,0.0215708904367743
32.016008004002,0.0250812618323012
32.5162581290645,0.0399973244803046
33.0165082541271,0.0440203789834256
33.5167583791896,0.0370659834180606
34.0170085042521,0.029188758259026
34.5172586293147,0.0179941718155588
35.0175087543772,0.0184646339613511
35.5177588794397,0.0274456356932059
36.0180090045023,0.0317159844011664
36.5182591295648,0.0290741585055637
37.0185092546273,0.0233984549261982
37.5187593796898,0.0228918033845756
38.0190095047524,0.0232898867387076
38.5192596298149,0.0231451291553869
39.0195097548774,0.0204791769958974
39.51975987994,0.0150869570172015
40.0200100050025,0.0226806985755663
40.520260130065,0.0297496938943936
41.0205102551276,0.0219327843950761
41.5207603801901,0.0150869570172015
42.0210105052526,0.0168783321107951
42.5212606303152,0.0265228060995365
43.0215107553777,0.0307690285436102
43.5217608804402,0.0183138448120587
44.0220110055028,0.00863318142748715
44.5222611305653,0.0210883651590387
45.0225112556278,0.0328559503698169
45.5227613806903,0.0205937767493597
46.0230115057529,0.00997822063917531
46.5232616308154,0.0165586591142952
47.0235117558779,0.028157360477866
47.5237618809405,0.0287665486410073
48.024012006003,0.0157685239720031
48.5242621310655,0.0185008233571812
49.0245122561281,0.0313782167067514
49.5247623811906,0.0304976080748839
50.0250125062531,0.026492648269678
50.5252626313157,0.0299306408735446
51.0255127563782,0.0362879114077118
51.5257628814407,0.0423978877370395
52.0260130065032,0.0398585984629556
52.5262631315658,0.0246590522142826
53.0265132566283,0.0207264712007369
53.5267633816908,0.0274516672591776
54.0270135067534,0.0241222428428016
54.5272636318159,0.0236457491310377
55.0275137568784,0.0271500889605928
55.527763881941,0.0201112514716241
56.0280140070035,0.0114619858682125
56.528264132066,0.011510238395986
57.0285142571286,0.0250872933982729
57.5287643821911,0.0371021728138906
58.0290145072536,0.0351177876092028
58.5292646323162,0.0293877999360919
59.0295147573787,0.0197252312494355
59.5297648824412,0.0122038684827309
60.0300150075037,0.0213658171937366
60.5302651325663,0.0295868416131578
61.0305152576288,0.027879908443168
61.5307653826913,0.0329886448211942
62.0310155077539,0.0392675049977295
62.5312656328164,0.0366980578937871
63.0315157578789,0.0296350941409315
63.5317658829415,0.0216191429645479
64.032016008004,0.00954997945518488
64.5322661330665,0.00622658660478048
65.0325162581291,0.0140073067082679
65.5327663831916,0.0201595039993975
66.0330165082541,0.0232959183046794
66.5332666333167,0.0197855469091525
67.0335167583792,0.018506854923153
67.5337668834417,0.0254552189225463
68.0340170085043,0.0301960297762991
68.5342671335668,0.025581881807952
69.0345172586293,0.0151593358088619
69.5347673836918,0.013868580690919
70.0350175087544,0.0204369560340956
70.5352676338169,0.02379653828033
71.0355177588794,0.0254009348288011
71.535767883942,0.0300753984568652
72.0360180090045,0.0329886448211942
72.536268134067,0.0373313723208151
73.0365182591296,0.0480796228823768
73.5367683841921,0.0430191390321242
74.0370185092546,0.0300090512311766
74.5372686343172,0.0275783301445832
75.0375187593797,0.0255879133739236
75.5377688844422,0.0286579804535168
76.0380190095048,0.0292309792208278
76.5382691345673,0.0204248929021522
77.0385192596298,0.0117092800730519
77.5387693846923,0.00737861570537446
78.0390195097549,0.0244539789712449
78.5392696348174,0.0390322739248333
79.0395197598799,0.0300211143631199
79.5397698849425,0.0273069096758569
80.040020010005,0.0367221841576738
80.5402701350675,0.0393579784873048
81.0405202601301,0.0350212825536557
81.5407703851926,0.0401903345913989
82.0410205102551,0.0365713950083815
82.5412706353177,0.0214623222492838
83.0415207603802,0.0242187478983488
83.5417708854427,0.0419575834211057
84.0420210105053,0.053031538545139
84.5422711355678,0.0520604564236959
85.0425212606303,0.0497563982225082
85.5427713856928,0.0438876845320483
86.0430215107554,0.0372469303972114
86.5432716358179,0.0284408440785358
87.0435217608804,0.0200569673778788
87.543771885943,0.0271440573946212
88.0440220110055,0.03521429266475
88.544272136068,0.0245927049885939
89.0445222611306,0.00822303494141186
89.5447723861931,0.0090553910455059
90.0450225112556,0.0239232011657357
90.5452726363182,0.0362698167097967
91.0455227613807,0.0369031311368248
91.5457728864432,0.0266193111550836
92.0460230115058,0.0133619291492966
92.5462731365683,0.0100264731669488
93.0465232616308,0.0249365042489805
93.5467733866933,0.0364266374250608
94.0470235117559,0.0270897733008759
94.5472736368184,0.0220534157145099
95.0475237618809,0.022686730141538
95.5477738869435,0.0184344761314926
96.048024012006,0.0164681856247199
96.5482741370685,0.0215105747770574
97.0485242621311,0.0339476638106938
97.5487743871936,0.0385376855151542
98.0490245122561,0.0345085994460615
98.5492746373187,0.0279160978389982
99.0495247623812,0.0274215094293191
99.5497748874437,0.033428949137128
100.050025012506,0.030811249505412
100.550275137569,0.0280487922903755
101.050525262631,0.0343095577689956
101.550775387694,0.0341165476579014
102.051025512756,0.0245565155927637
102.551275637819,0.0246107996865089
103.051525762881,0.0297798517242521
103.551775887944,0.0266193111550836
104.052026013006,0.0233622655303679
104.552276138069,0.0222524573915759
105.052526263132,0.0271319942626778
105.552776388194,0.0327413506163547
106.053026513257,0.0234768652838302
106.553276638319,0.0214080381555385
107.053526763382,0.039514799202569
107.553776888444,0.0529169387916767
108.054027013507,0.045853975038821
108.554277138569,0.038423085761692
109.054527263632,0.042011867514851
109.554777388694,0.0350031878557406
110.055027513757,0.0271078679987909
110.555277638819,0.0354736500015328
111.055527763882,0.051246195017517
111.555777888944,0.0527782127743278
112.056028014007,0.032180414980987
112.55627813907,0.0157263030102012
113.056528264132,0.016799921753163
113.556778389195,0.0282779917973
114.057028514257,0.0386341905707014
114.55727863932,0.0398887562928141
115.057528764382,0.0355942813209668
115.557778889445,0.0315169427241005
116.058029014507,0.0297135044985635
116.55827913957,0.0269148578876967
117.058529264632,0.0351358823071178
117.558779389695,0.0482002542018107
118.059029514757,0.0321381940191852
118.55927963982,0.011468017434184
119.059529764882,0.0156177348227107
119.559779889945,0.0186878019023038
120.060030015007,0.0119867321077499
120.56028014007,0.00967664234059051
121.060530265133,0.0136333496180229
121.560780390195,0.0260945649155461
122.061030515258,0.0382602334804563
122.56128064032,0.0338089377933449
123.061530765383,0.0271078679987909
123.561780890445,0.0245806418566504
124.062031015508,0.0269450157175551
124.56228114057,0.0438997476639917
125.062531265633,0.0536829476700821
125.562781390695,0.0405281022858138
126.063031515758,0.0255034714503199
126.56328164082,0.0302261876061577
127.063531765883,0.0467587099345755
127.563781890945,0.0562644579059678
128.064032016008,0.0507697013057531
128.564282141071,0.0372650250951264
129.064532266133,0.0302201560401859
129.564782391196,0.0272043730543381
130.065032516258,0.0271923099223946
130.565282641321,0.033706401171826
131.065532766383,0.0394001994491068
131.565782891446,0.0450457451986138
132.066033016508,0.0461012692436605
132.566283141571,0.0335616435885052
133.066533266633,0.026770100304376
133.566783391696,0.0371564569076359
134.067033516758,0.0429166024106052
134.567283641821,0.0294481155958088
135.067533766883,0.0215226379090008
135.567783891946,0.0338330640572316
136.068034017009,0.042072183174568
136.568284142071,0.046451100070019
137.068534267134,0.0535562847846764
137.568784392196,0.0575793392877975
138.069034517259,0.0559870058712698
138.569284642321,0.0496357669030743
139.069534767384,0.0467285521047169
139.569784892446,0.0442194206604916
140.070035017509,0.0391106842824653
140.570285142571,0.0362095010500797
141.070535267634,0.0348704934043633
141.570785392696,0.0377837397686923
142.071035517759,0.0441530734348029
142.571285642821,0.0419817096849925
143.071535767884,0.0392313156018993
143.571785892946,0.0454739863826042
144.072036018009,0.0529350334895918
144.572286143072,0.0564815942809489
145.072536268134,0.0466018892193113
145.572786393197,0.0324759617136
146.073036518259,0.03628187984174
146.573286643322,0.0401662083275121
147.073536768384,0.0315109111581288
147.573786893447,0.0295928731791296
148.074037018509,0.0337727483975147
148.574287143572,0.0361009328625892
149.074537268634,0.0438635582681616
149.574787393697,0.0449130507472365
150.075037518759,0.0232838551727359
150.575287643822,0.0112810388890615
151.075537768884,0.027524046050838
151.575787893947,0.0361672800882779
152.07603801901,0.0363723533313155
152.576288144072,0.0393398837893898
153.076538269135,0.0294722418596957
153.576788394197,0.0225540356901607
154.07703851926,0.0331575286684017
154.577288644322,0.0442737047542369
155.077538769385,0.0495332302815554
155.577788894447,0.0507154172120078
156.07803901951,0.0506973225140928
156.578289144572,0.0528204337361297
157.078539269635,0.0508420800974134
157.578789394697,0.0491110206635368
158.07903951976,0.0501906709724703
158.579289644822,0.0455825545700949
159.079539769885,0.031981373303921
159.579789894947,0.0327051612205246
160.08004002001,0.0534839059930161
160.580290145073,0.0554501964997889
161.080540270135,0.0457212805874437
161.580790395198,0.0539121471770064
162.08104052026,0.0556793960067133
162.581290645323,0.0480735913164051
163.081540770385,0.0459685747922833
163.581790895448,0.0322527937726474
164.08204102051,0.0222886467874062
164.582291145573,0.0369513836645983
165.082541270635,0.0485018325003955
165.582791395698,0.046034922017972
166.08304152076,0.053327085277752
166.583291645823,0.0564212786212319
167.083541770885,0.04769963422616
167.583791895948,0.0497383035245931
168.084042021011,0.0451120924243026
168.584292146073,0.0397922512372669
169.084542271136,0.0512401634515454
169.584792396198,0.0507335119099229
170.085042521261,0.035093661345316
170.585292646323,0.0267218477766024
171.085542771386,0.0357752283001176
171.585792896448,0.0466863311429151
172.086043021511,0.0428261289210299
172.586293146573,0.0346654201613256
173.086543271636,0.0318305841546287
173.586793396698,0.0333264125156092
174.087043521761,0.0364206058590891
174.587293646823,0.0431458019175297
175.087543771886,0.0436826112890106
175.587793896948,0.0349187459321368
176.088044022011,0.0301055562867237
176.588294147074,0.034044168866241
177.088544272136,0.0473136140039715
177.588794397199,0.0575190236280806
178.089044522261,0.0509325535869889
178.589294647324,0.032162320283072
179.089544772386,0.0240378009191978
179.589794897449,0.025799018182933
180.090045022511,0.0322105728108455
180.590295147574,0.0453654181951137
181.090545272636,0.0419937728169358
181.590795397699,0.0364688583868626
182.091045522761,0.0473498033998015
182.591295647824,0.0550762394095438
183.091545772886,0.0503113022919042
183.591795897949,0.0372650250951264
184.092046023012,0.0317883631928267
184.592296148074,0.0367463104215606
185.092546273137,0.0417886995738982
185.592796398199,0.0495814828093289
186.093046523262,0.058381537562033
186.593296648324,0.0512642897154321
187.093546773387,0.0326930980885811
187.593796898449,0.0353590502480706
188.094047023512,0.0435619799695767
188.594297148574,0.0372650250951264
189.094547273637,0.0407392070948231
189.594797398699,0.0417706048759832
190.095047523762,0.0322045412448738
190.595297648824,0.0403712815705498
191.095547773887,0.057332045082958
191.595797898949,0.0572596662912975
192.096048024012,0.0478504233754523
192.596298149075,0.0422410670217753
193.096548274137,0.0369634467965417
193.5967983992,0.0356365022827686
194.097048524262,0.0440806946431426
194.597298649325,0.0534416850312143
195.097548774387,0.0640994621032005
195.59779889945,0.0783701471922325
196.098049024512,0.0791361560706378
196.598299149575,0.0691056618597079
197.098549274637,0.0664035203043882
197.5987993997,0.0636289999574082
198.099049524762,0.0508179538335266
198.599299649825,0.0431759597473882
199.099549774887,0.0478504233754523
199.59979989995,0.0475548766428393
200.100050025013,0.041951551855134
200.600300150075,0.0358777649216365
201.100550275138,0.0341406739217881
201.6008004002,0.0398103459351821
202.101050525263,0.0385195908172392
202.601300650325,0.0410769747892381
203.101550775388,0.052971222885422
203.60180090045,0.0451000292923591
204.102051025513,0.0381094443311638
204.602301150575,0.0525128238715731
205.102551275638,0.0456187439659249
205.6028014007,0.0269751735474136
206.103051525763,0.03870053779639
206.603301650825,0.0606735326312774
207.103551775888,0.0581945590169105
207.60380190095,0.0450095558027838
208.104052026013,0.0493522833024046
208.604302151076,0.0539483365728367
209.104552276138,0.0485199271983106
209.604802401201,0.0558905008157227
210.105052526263,0.0625915706102765
210.605302651326,0.0533934325034408
211.105552776388,0.0509928692467058
211.605802901451,0.0545816509998648
212.106053026513,0.0549676712220533
212.606303151576,0.0645578611170494
213.106553276638,0.075565469015394
213.606803401701,0.0675736441028972
214.107053526763,0.0524766344757429
214.607303651826,0.0535864426145349
215.107553776888,0.0655048169746056
215.607803901951,0.0624407814609842
216.108054027014,0.0415414053690587
216.608304152076,0.0286217910576866
217.108554277139,0.036324100803542
217.608804402201,0.0515296786181868
218.109054527264,0.0502208288023288
218.609304652326,0.0382481703485128
219.109554777389,0.0425547084523036
219.609804902451,0.0490446734378481
220.110055027514,0.0405944495115025
220.610305152576,0.0374278773763622
221.110555277639,0.0463003109207266
221.610805402701,0.0547565664130439
222.111055527764,0.0569399932947977
222.611305652826,0.0543826093227987
223.111555777889,0.0436705481570673
223.611805902951,0.0436343587612371
224.112056028014,0.0613671627180223
224.612306153077,0.0680622009466045
225.112556278139,0.068092358776463
225.612806403202,0.0577421915690333
226.113056528264,0.0402144608552857
226.613306653327,0.0360828381646742
227.113556778389,0.0423496352092659
227.613806903452,0.0555527331213078
228.114057028514,0.0570244352184015
228.614307153577,0.0483389802191597
229.114557278639,0.0505646280627154
229.614807403702,0.0537794527256292
230.115057528764,0.052971222885422
230.615307653827,0.0511919109237718
231.115557778889,0.0441229156049444
231.615807903952,0.04353785370569
232.116058029015,0.0466622048790283
232.616308154077,0.0457273121534155
233.11655827914,0.0463787212783586
233.616808404202,0.0507998591356115
234.117058529265,0.0538337368193745
234.617308654327,0.0525128238715732
235.11755877939,0.0521629930452148
235.617808904452,0.0461495217714342
236.118059029515,0.0426874029036809
236.618309154577,0.0591475464404384
237.11855927964,0.0686231365819723
237.618809404702,0.0555225752914492
238.119059529765,0.0491291153614518
238.619309654827,0.0501725762745552
239.11955977989,0.0505706596286871
239.619809904952,0.0542076939096195
240.120060030015,0.0585866108050707
240.620310155078,0.0654686275787754
241.12056028014,0.0663914571724449
241.620810405203,0.0624709392908427
242.121060530265,0.0581704327530237
242.621310655328,0.0524464766458844
243.12156078039,0.0489722946461878
243.621810905453,0.0392313156018993
244.122061030515,0.0331575286684017
244.622311155578,0.0416861629523794
245.12256128064,0.0491592731913103
245.622811405703,0.0546238719616666
246.123061530765,0.0623503079714087
246.623311655828,0.0637375681448987
247.12356178089,0.0578386966245804
247.623811905953,0.057193319065609
248.124062031016,0.0636470946553234
248.624312156078,0.0713976569289523
249.124562281141,0.0779539691401855
249.624812406203,0.075348332640413
250.125062531266,0.0583875691280047
250.625312656328,0.0426270872439639
251.125562781391,0.0519398251042621
251.625812906453,0.0645397664191343
252.126063031516,0.0617893723360411
252.626313156578,0.0585262951453537
253.126563281641,0.0604383015583813
253.626813406703,0.0693589876305191
254.127063531766,0.0729115799878479
254.627313656828,0.066566372585624
255.127563781891,0.059847208093155
255.627813906953,0.053803578989516
256.128064032016,0.0465476051255661
256.628314157079,0.0413725215218512
257.128564282141,0.0502811444620458
257.628814407204,0.063713441881012
258.129064532266,0.069401208592321
258.629314657329,0.0682129900958969
259.129564782391,0.0624287183290407
259.629814907454,0.0673625392938878
260.130065032516,0.073641399470423
260.630315157579,0.0720852554497255
261.130565282641,0.0704265748075092
261.630815407704,0.0687920204291798
262.131065532766,0.0725255597656593
262.631315657829,0.0749804071161395
263.131565782891,0.0710779839324523
263.631815907954,0.0610293950236074
264.132066033016,0.0523560031563091
264.632316158079,0.0567892041455054
265.132566283142,0.062187455690173
265.632816408204,0.0602271967493718
266.133066533267,0.0619100036554751
266.633316658329,0.0650524495267285
267.133566783392,0.0554501964997889
267.633816908454,0.0413061742961626
268.134067033517,0.0379707183138148
268.634317158579,0.043417222386256
269.134567283642,0.0463003109207266
269.634817408704,0.0418550467995868
270.135067533767,0.043676579723039
270.635317658829,0.0533813693714973
271.135567783892,0.0584358216557783
271.635817908954,0.0655349748044641
272.136068034017,0.0665784357175675
272.63631815908,0.049979566163461
273.136568284142,0.0419636149870775
273.636818409205,0.054159441381846
274.137068534267,0.0557819326282322
274.63731865933,0.0439238739278784
275.137568784392,0.0500398818231779
275.637818909455,0.0629233067387198
276.138069034517,0.0565358783746941
276.63831915958,0.0525309185694882
277.138569284642,0.0643588194399835
277.638819409705,0.0667895405265767
278.139069534767,0.0596964189438627
278.63931965983,0.058520263579382
279.139569784892,0.0617049304124373
279.639819909955,0.063158537811616
280.140070035018,0.0601367232597965
280.64032016008,0.0592802408918157
281.140570285143,0.0578266334926369
281.640820410205,0.0472110773824526
282.141070535268,0.0421988460599735
282.64132066033,0.0522655296667336
283.141570785393,0.0660778157419166
283.641820910455,0.0688342413909816
284.142071035518,0.0576034655516843
284.64232116058,0.0501605131426118
285.142571285643,0.0531340751666578
285.642821410705,0.0537492948957707
286.143071535768,0.0554381333678455
286.64332166083,0.0658486162349923
287.143571785893,0.0688221782590382
287.643821910955,0.0647508712281436
288.144072036018,0.0664155834363317
288.644322161081,0.0692805772728871
289.144572286143,0.0696424712311888
289.644822411206,0.0744496293106303
290.145072536268,0.0768200347375066
290.645322661331,0.0635505895997762
291.145572786393,0.0495875143753007
291.645822911456,0.0500338502572062
292.146073036518,0.062543318082503
292.646323161581,0.069340892932604
293.146573286643,0.061650646318692
293.646823411706,0.0547867242429024
294.147073536768,0.0556613013087982
294.647323661831,0.0595818191904004
295.147573786893,0.0611801841728997
295.647823911956,0.0617652460721543
296.148074037018,0.0653540278253132
296.648324162081,0.0639486729539082
297.148574287144,0.0564996889788639
297.648824412206,0.0650343548288134
298.149074537269,0.0807284894871655
298.649324662331,0.0767657506437615
299.149574787394,0.0710598892345373
299.649824912456,0.0675072968772086
300.150075037519,0.0620487296728239
300.650325162581,0.0701189649429528
301.150575287644,0.0783339577964023
301.650825412706,0.0781469792512797
302.151075537769,0.0701370596408678
302.651325662831,0.0523982241181109
303.151575787894,0.0476332870004713
303.651825912956,0.0592199252320987
304.152076038019,0.0651127651864454
304.652326163082,0.0663673309085581
305.152576288144,0.0629534645685783
305.652826413207,0.0528566231319597
306.153076538269,0.0550279868817702
306.653326663332,0.0679476011931424
307.153576788394,0.0713132150053485
307.653826913457,0.0725376228976028
308.154077038519,0.0708789422553865
308.654327163582,0.0500519449551213
309.154577288644,0.0370901096819473
309.654827413707,0.0465536366915378
310.155077538769,0.0641778724608325
310.655327663832,0.0836839568132963
311.155577788894,0.0809456258621465
311.655827913957,0.0644734191934456
312.15607803902,0.0678571277035669
312.656328164082,0.0698656391721416
313.156578289145,0.05289281252779
313.656828414207,0.0451120924243026
314.15707853927,0.0538277052534027
314.657328664332,0.059630071718174
315.157578789395,0.0579291701141559
315.657828914457,0.0604081437285228
316.15807903952,0.0735991785086212
316.658329164582,0.0735147365850174
317.158579289645,0.0512763528473755
317.658829414707,0.0468974359519244
318.15907953977,0.062682044099852
318.659329664832,0.0661140051377468
319.159579789895,0.0615179518673148
319.659829914957,0.0582488431106557
320.16008004002,0.0569641195586845
320.660330165083,0.0592500830619572
321.160580290145,0.0572596662912976
321.660830415208,0.0604744909542114
322.16108054027,0.0676460228945576
322.661330665333,0.0651549861482472
323.161580790395,0.058381537562033
323.661830915458,0.0571872874996372
324.16208104052,0.0666206566793693
324.662331165583,0.0706618058804054
325.162581290645,0.0704386379394527
325.662831415708,0.0699018285679718
326.16308154077,0.0622296766519749
326.663331665833,0.0658908371967941
327.163581790895,0.0745702606300642
327.663831915958,0.063653126221295
328.16408204102,0.0505887543266023
328.664332166083,0.0535985057464783
329.164582291146,0.0561558897184773
329.664832416208,0.0626941072317954
330.165082541271,0.0778876219144968
330.665332666333,0.0811446675392125
331.165582791396,0.0736112416405645
331.665832916458,0.0664879622279919
332.166083041521,0.0639969254816817
332.666333166583,0.0677485595160764
333.166583291646,0.0737740939218003
333.666833416708,0.0763917935535162
334.167083541771,0.0674168233876331
334.667333666833,0.0531582014305445
335.167583791896,0.053465811295101
335.667833916959,0.058459947919665
336.168084042021,0.0568434882392507
336.668334167084,0.0617893723360411
337.168584292146,0.0595999138883155
337.668834417209,0.0571812559336655
338.169084542271,0.0704084801095942
338.669334667334,0.0728934852899328
339.169584792396,0.0644734191934456
339.669834917459,0.0582066221488539
340.170085042521,0.0568133304093921
340.670335167584,0.0605709960097586
341.170585292646,0.0647508712281436
341.670835417709,0.0582669378085708
342.171085542771,0.0504017757814796
342.671335667834,0.0605408381799001
343.171585792896,0.0700103967554623
343.671835917959,0.0660114685162281
344.172086043022,0.0639969254816817
344.672336168084,0.072037002921952
345.172586293147,0.0713132150053485
345.672836418209,0.0560774793608453
346.173086543272,0.051801099086913
346.673336668334,0.0628388648151161
347.173586793397,0.0694494611200945
347.673836918459,0.06815267443618
348.174087043522,0.0686774206757176
348.674337168584,0.0703843538457074
349.174587293647,0.0691358196895664
349.674837418709,0.064545797985106
350.175087543772,0.0561920791143075
350.675337668834,0.0600100603743908
351.175587793897,0.0782857052686287
351.675837918959,0.0826766852960231
352.176088044022,0.0747632707411584
352.676338169085,0.0671936554466804
353.176588294147,0.0566866675239865
353.67683841921,0.0582669378085708
354.177088544272,0.0675253915751236
354.677338669335,0.0731468110607439
355.177588794397,0.0780384110637892
355.67783891946,0.0690031252381891
356.178089044522,0.0513547632050075
356.678339169585,0.0467647415005471
357.178589294647,0.0644010404017853
357.67883941971,0.0759816470674409
358.179089544772,0.0701008702450377
358.679339669835,0.0685326630923968
359.179589794897,0.069618344967302
359.67983991996,0.0789612406574586
360.180090045022,0.0850289960249845
360.680340170085,0.0648775341135492
361.180590295148,0.0474945609831223
361.68084042021,0.061017331891664
362.181090545273,0.0743289979911964
362.681340670335,0.0741058300502436
363.181590795398,0.0734423577933571
363.68184092046,0.0713132150053485
364.182091045523,0.0689247148805571
364.682341170585,0.0620788875026824
365.182591295648,0.0605287750479567
365.68284142071,0.0661140051377469
366.183091545773,0.0696485027971605
366.683341670835,0.0704024485436224
367.183591795898,0.0730864954010271
367.683841920961,0.0827731903515704
368.184092046023,0.0863499089727858
368.684342171086,0.0819709920773348
369.184592296148,0.0750045333800263
369.684842421211,0.0644372297976155
370.185092546273,0.063834073200446
370.685342671336,0.0676822122903877
371.185592796398,0.0669342981098975
371.685842921461,0.0682250532278403
372.186093046523,0.0660536894780299
372.686343171586,0.0612284367006733
373.186593296648,0.0586348633328443
373.686843421711,0.0648232500198039
374.187093546773,0.0822182862821742
374.687343671836,0.0900291642155201
375.187593796898,0.0809395942961748
375.687843921961,0.0661682892314921
376.188094047024,0.0494427567919801
376.688344172086,0.0491713363232537
377.188594297149,0.0591294517425233
377.688844422211,0.0579955173398444
378.189094547274,0.0611259000791545
378.689344672336,0.067181592314737
379.189594797399,0.0754629323938751
379.689844922461,0.0823690754314667
380.190095047524,0.0764279829493465
380.690345172586,0.0787139464526191
381.190595297649,0.0831833368376457
381.690845422711,0.0799624806087601
382.191095547774,0.0726703173489801
382.691345672836,0.0606011538396171
383.191595797899,0.0643950088358136
383.691845922961,0.0736474310363947
384.192096048024,0.0745280396682623
384.692346173087,0.083889030056334
385.192596298149,0.0853848584173146
385.692846423212,0.0784726838137513
386.193096548274,0.0798358177233545
386.693346673337,0.0746185131578377
387.193596798399,0.0650162601308982
387.693846923462,0.0649076919434077
388.194097048524,0.0733880736996119
388.694347173587,0.0790577457130057
389.194597298649,0.0706979952762355
389.694847423712,0.0624347498950125
390.195097548774,0.0629836223984368
390.695347673837,0.0632007587734178
391.195597798899,0.072115413279584
391.695847923962,0.0843715553340696
392.196098049024,0.0888590404170112
392.696348174087,0.0905900998508878
393.19659829915,0.0783761787582041
393.696848424212,0.0599979972424475
394.197098549275,0.0613430364541356
394.697348674337,0.065854647800964
395.1975987994,0.0647689659260587
395.697848924462,0.0756137215431675
396.198099049525,0.0853908899832861
396.698349174587,0.0790879035428642
397.19859929965,0.0707402162380374
397.698849424712,0.07231445495665
398.199099549775,0.0796609023101753
398.699349674837,0.0795523341226848
399.1995997999,0.0729115799878478
399.699849924963,0.0767174981159878
400.200100050025,0.0809576889940898
400.700350175088,0.0711021101963392
401.20060030015,0.0635445580338044
401.700850425213,0.0647026187003701
402.201100550275,0.0644915138913608
402.701350675338,0.0696726290610473
403.2016008004,0.0780685688936477
403.701850925463,0.0775920751818837
404.202101050525,0.0772603390534404
404.702351175588,0.0771939918277518
405.20260130065,0.0697932603804812
405.702851425713,0.068369810811161
406.203101550775,0.0711805205539712
406.703351675838,0.0747693023071302
407.2036018009,0.0819408342474762
407.703851925963,0.0875501906011532
408.204102051026,0.0916456238959347
408.704352176088,0.084522344483362
409.204602301151,0.0719404978664049
409.704852426213,0.0686593259778024
410.205102551276,0.067814906741765
410.705352676338,0.0659209950266526
411.205602801401,0.0717173299254522
411.705852926463,0.079112029806751
412.206103051526,0.0767054349840445
412.706353176588,0.0722963602587349
413.206603301651,0.0721696973733293
413.706853426713,0.0752578591508375
414.207103551776,0.0823208229036931
414.707353676838,0.0816754453447217
415.207603801901,0.0766511508902992
415.707853926963,0.0797935967615526
416.208104052026,0.0841725136570036
416.708354177089,0.0854270793791164
417.208604302151,0.0806742053934202
417.708854427214,0.07370171513014
418.209104552276,0.0797634389316942
418.709354677339,0.0880266843129173
419.209604802401,0.0707583109359525
419.709854927464,0.0480313703546033
420.210105052526,0.0497925876183384
420.710355177589,0.0608243217805698
421.210605302651,0.0705230798630564
421.710855427714,0.0787923568102512
422.211105552776,0.0812110147649011
422.711355677839,0.0773206547131574
423.211605802901,0.0632429797352198
423.711855927964,0.0564454048851187
424.212106053027,0.0680561693806329
424.712356178089,0.0809999099558918
425.212606303152,0.0860061097123992
425.712856428214,0.0773206547131574
426.213106553277,0.0653841856551717
426.713356678339,0.0549495765241382
427.213606803402,0.0476634448303298
427.713856928464,0.058996757291146
428.214107053527,0.068647262845859
428.714357178589,0.0709633841789902
429.214607303652,0.0792990083518735
429.714857428714,0.0809094364663163
430.215107553777,0.0789853669213454
430.715357678839,0.0827490640876835
431.215607803902,0.0837985565667586
431.715857928965,0.0828033481814288
432.216108054027,0.0916697501598214
432.71635817909,0.0935636618749338
433.216608304152,0.0800831119281941
433.716858429215,0.0741239247481587
434.217108554277,0.0767838453416765
434.71735867934,0.0743350295571681
435.217608804402,0.0704868904672262
435.717858929465,0.0808430892406277
436.218109054527,0.0871641703789647
436.71835917959,0.0759032367098089
437.218609304652,0.0746908919494981
437.718859429715,0.0812592672926746
438.219109554777,0.0768079716055633
438.71935967984,0.0705230798630564
439.219609804902,0.0719043084705747
439.719859929965,0.074178208841904
440.220110055028,0.0690634408979061
440.72036018009,0.0592862724577874
441.220610305153,0.0525912342292052
441.720860430215,0.0594672194369382
442.221110555278,0.0699138916999151
442.72136068034,0.0704084801095942
443.221610805403,0.072175728939301
443.721860930465,0.0732493476822628
444.222111055528,0.0711624258560561
444.72236118059,0.0694072401582927
445.222611305653,0.0691659775194249
445.722861430715,0.0774412860325914
446.223111555778,0.0871460756810497
446.72336168084,0.0883342941774737
447.223611805903,0.0797393126678074
447.723861930965,0.07647623547712
448.224112056028,0.0856200894902106
448.724362181091,0.0940944396804431
449.224612306153,0.0895828283336148
449.724862431216,0.0717233614914238
450.225112556278,0.0622296766519749
450.725362681341,0.0669584243737842
451.225612806403,0.0704627642033394
451.725862931466,0.0666809723390862
452.226113056528,0.068013948418831
452.726363181591,0.0770251079805443
453.226613306653,0.0830627055182117
453.726863431716,0.0825922433724194
454.227113556778,0.0729236431197913
454.727363681841,0.0747994601369886
455.227613806903,0.0879603370872285
455.727863931966,0.0886479356080019
456.228114057029,0.0781650739491948
456.728364182091,0.0702094384325281
457.228614307154,0.0786053782651286
457.728864432216,0.0816935400426367
458.229114557279,0.0671092135230766
458.729364682341,0.0610776475513809
459.229614807404,0.0658365531030488
459.729864932466,0.0692383563110852
460.230115057529,0.0682069585299253
460.730365182591,0.0594611878709665
461.230615307654,0.0601910073535418
461.730865432716,0.0750648490397433
462.231115557779,0.0724471494080273
462.731365682841,0.0596361032841457
463.231615807904,0.0732734739461497
463.731865932966,0.0957893097184895
464.232116058029,0.0869229077400969
464.732366183092,0.0681828322660385
465.232616308154,0.0793593240115905
465.732866433217,0.0934731883853585
466.233116558279,0.0794859868969962
466.733366683342,0.0678631592695386
467.233616808404,0.0776523908416007
467.733866933467,0.0821760653203725
468.234117058529,0.0754930902237336
468.734367183592,0.0706014902206884
469.234617308654,0.0696243765332737
469.734867433717,0.0700224598874056
470.235117558779,0.066011468516228
470.735367683842,0.0668981087140673
471.235617808904,0.0704205432415376
471.735867933967,0.0681406113042367
472.23611805903,0.067875222401482
472.736368184092,0.0695942187034152
473.236618309155,0.0787260095845624
473.736868434217,0.0816513190808349
474.23711855928,0.0658244899711055
474.737368684342,0.0578447281905521
475.237618809405,0.057133003405892
475.737868934467,0.0637013787490686
476.23811905953,0.08202527617108
476.738369184592,0.0795282078587981
477.238619309655,0.0696364396652172
477.738869434717,0.0737982201856872
478.23911955978,0.0720068450920935
478.739369684842,0.0720912870156972
479.239619809905,0.0734121999634986
479.739869934967,0.067103181957105
480.24012006003,0.0747693023071302
480.740370185093,0.0894441023162657
481.240620310155,0.0828033481814288
481.740870435218,0.0734725156232156
482.24112056028,0.0832074631015324
482.741370685343,0.0867841817227479
483.241620810405,0.0788888618657982
483.741870935468,0.0796850285740621
484.24212106053,0.0777428643311762
484.742371185593,0.0581704327530237
485.242621310655,0.0502811444620458
485.742871435718,0.0623744342352955
486.24312156078,0.074335029557168
486.743371685843,0.0838226828306453
487.243621810905,0.0855597738304937
487.743871935968,0.0796850285740621
488.244122061031,0.065161017714219
488.744372186093,0.0626760125338803
489.244622311156,0.0719404978664049
489.744872436218,0.0667533511307467
490.245122561281,0.0653902172211434
490.745372686343,0.0718681190747446
491.245622811406,0.0794377343692226
491.745872936468,0.0840036298097963
492.246123061531,0.078201263345025
492.746373186593,0.07128305717549
493.246623311656,0.0663492362106429
493.746873436718,0.0661441629676053
494.247123561781,0.069202166915255
494.747373686843,0.0672780973702841
495.247623811906,0.069817386644368
495.747873936968,0.0823208229036931
496.248124062031,0.0875441590351816
496.748374187094,0.0806078581677315
497.248624312156,0.0747934285710169
497.748874437219,0.0750950068696017
498.249124562281,0.0703240381859904
498.749374687344,0.0719043084705747
499.249624812406,0.0857105629797861
499.749874937469,0.0809938783899201
500.250125062531,0.060166881089655
500.750375187594,0.0608665427423717
501.250625312656,0.0816030665530613
501.750875437719,0.09066851020852
502.251125562781,0.0867118029310875
502.751375687844,0.0912837299376329
503.251625812906,0.0955721733435085
503.751875937969,0.0852642270978806
504.252126063032,0.0765486142687803
504.752376188094,0.0697811972485378
505.252626313157,0.0682672741896422
505.752876438219,0.0721335079774992
506.253126563282,0.070848784425528
506.753376688344,0.0746969235154697
507.253626813407,0.0808249945427126
507.753876938469,0.0748356495328187
508.254127063532,0.0650584810927001
508.754377188594,0.0612043104367866
509.254627313657,0.0681888638320102
509.754877438719,0.0793231346157603
510.255127563782,0.079944385910845
510.755377688844,0.0798418492893261
511.255627813907,0.0913138877674914
511.755877938969,0.0950956796317445
512.256128064032,0.0823992332613251
512.756378189095,0.0794799553310245
513.256628314157,0.0872787701324269
513.75687843922,0.0921160860417268
514.257128564282,0.0902463005905012
514.757378689345,0.0990403237772335
515.257628814407,0.110560614783172
515.75787893947,0.0967845181038194
516.258129064532,0.0807224579211938
516.758379189595,0.0767235296819595
517.258629314657,0.0793653555775622
517.75887943972,0.0839131563202208
518.259129564782,0.0805897634698164
518.759379689845,0.0800951750601374
519.259629814907,0.0849023331395788
519.75987993997,0.0878758951636248
520.260130065033,0.0937627035519998
520.760380190095,0.0950172692741125
521.260630315158,0.0889796717364452
521.76088044022,0.0813195829523916
522.261130565283,0.0751070700015452
522.761380690345,0.0724712756719141
523.261630815408,0.0732976002100364
523.76188094047,0.0782374527408551
524.262131065533,0.0824836751849289
524.762381190595,0.083116989611957
525.262631315658,0.0810903834454673
525.76288144072,0.077664453973544
526.263131565783,0.0736353679044514
526.763381690845,0.0747813654390735
527.263631815908,0.0769949501506858
527.76388194097,0.065317838429483
528.264132066033,0.0580437698676181
528.764382191096,0.0644432613635871
529.264632316158,0.0618195301658996
529.764882441221,0.0635505895997762
530.265132566283,0.0805053215462127
530.765382691346,0.0944985546005467
531.265632816408,0.0986904929508752
531.765882941471,0.097466085058621
532.266133066533,0.0964467504094044
532.766383191596,0.0914284875209536
533.266633316658,0.0816271928169482
533.766883441721,0.0774895385603649
534.267133566783,0.0829541373307212
534.767383691846,0.0785571257373551
535.267633816908,0.0753302379424978
535.767883941971,0.0932922414062075
536.268134067034,0.0982501886349414
536.768384192096,0.0909942147709916
537.268634317159,0.0955721733435085
537.768884442221,0.086108646333918
538.269134567284,0.0744858187064604
538.769384692346,0.0880930315386058
539.269634817409,0.092550358791689
539.769884942471,0.0742988401613379
540.270135067534,0.0621030137665692
540.770385192596,0.0727969802343856
541.270635317659,0.08234494916758
541.770885442721,0.076814003171535
542.271135567784,0.0795945550844867
542.771385692846,0.0923935380764249
543.271635817909,0.103129725506043
543.771885942971,0.0990161975133467
544.272136068034,0.0879543055212569
544.772386193097,0.0901980480627277
545.272636318159,0.08305667395224
545.772886443222,0.0681466428702083
546.273136568284,0.0711805205539712
546.773386693347,0.0759756155014693
547.273636818409,0.0812170463308728
547.773886943472,0.0866937082331725
548.274137068534,0.0833703153827682
548.774387193597,0.0875441590351816
549.274637318659,0.0899628169898316
549.774887443722,0.0862775301811255
550.275137568784,0.090330742514105
550.775387693847,0.0904996263613125
551.275637818909,0.0886599987399453
551.775887943972,0.0948121960310748
552.276138069035,0.0874536855456062
552.776388194097,0.0761867203104786
553.27663831916,0.0885333358545397
553.776888444222,0.0915672135383027
554.277138569285,0.0799142280809866
554.777388694347,0.0804148480566373
555.27763881941,0.0835693570598341
555.777888944472,0.0841061664313151
556.278139069535,0.0877793901080778
556.778389194597,0.0920075178542363
557.27863931966,0.089498386410011
557.778889444722,0.0837804618688435
558.279139569785,0.0819890867752499
558.779389694847,0.0816332243829198
559.27963981991,0.0798599439872413
559.779889944973,0.0772120865256669
560.280140070035,0.0782977684005721
560.780390195098,0.0803364376990052
561.28064032016,0.075643879373026
561.780890445223,0.0785993466991569
562.281140570285,0.0902040796286994
562.781390695348,0.0898180594065108
563.28164082041,0.0857226261117294
563.781890945473,0.0908615203196143
564.282141070535,0.0983828830863187
564.782391195598,0.100011405898677
565.28264132066,0.10030695263129
565.782891445723,0.101814844124213
566.283141570785,0.0977133792634605
566.783391695848,0.0947820382012163
567.28364182091,0.0967061077461874
567.783891945973,0.0874416224136628
568.284142071035,0.0743109032932813
568.784392196098,0.0761264046507617
569.284642321161,0.0854693003409183
569.784892446223,0.08999297481969
570.285142571286,0.0822182862821743
570.785392696348,0.0767838453416765
571.285642821411,0.0802821536052599
571.785892946473,0.0785028416436098
572.286143071536,0.0810059415218635
572.786393196598,0.083255715629306
573.286643321661,0.0739309146370645
573.786893446723,0.067260002672369
574.287143571786,0.0722601708629047
574.787393696848,0.0802158063795714
575.287643821911,0.08305667395224
575.787893946973,0.0822906650738346
576.288144072036,0.0803243745670619
576.788394197099,0.0913018246355479
577.288644322161,0.104155091721231
577.788894447224,0.091856728704944
578.289144572286,0.0801494591538826
578.789394697349,0.0903186793821615
579.289644822411,0.0955540786455934
579.789894947474,0.0896552071252751
580.290145072536,0.0912596036737461
580.790395197599,0.0942693550936222
581.290645322661,0.0881412840663794
581.790895447724,0.079510113160883
582.291145572786,0.0772120865256669
582.791395697849,0.0859035730908804
583.291645822912,0.088901261378813
583.791895947974,0.0792266295602132
584.292146073037,0.0758791104459221
584.792396198099,0.0778876219144968
585.292646323162,0.0796910601400338
585.792896448224,0.0813135513864199
586.293146573287,0.0775981067478554
586.793396698349,0.0778393693867232
587.293646823412,0.0886599987399452
587.793896948474,0.0952585319129803
588.294147073537,0.0865791084797103
588.794397198599,0.0843534606361546
589.294647323662,0.0938350823436601
589.794897448724,0.089516481107926
590.295147573787,0.0721636658073576
590.795397698849,0.0616808041485505
591.295647823912,0.0760781521229881
591.795897948974,0.0957470887566877
592.296148074037,0.0934611252534151
592.7963981991,0.0799081965150149
593.296648324162,0.0745280396682623
593.796898449225,0.0812954566885048
594.297148574287,0.0803183430010902
594.79739869935,0.0780926951575345
595.297648824412,0.0877371691462758
595.797898949475,0.0916697501598214
596.298149074537,0.0897034596530486
596.7983991996,0.0844379025597582
597.298649324662,0.0816754453447217
597.798899449725,0.0874657486775495
598.299149574787,0.0922367173611608
598.79939969985,0.088943482340615
599.299649824912,0.0881654103302663
599.799899949975,0.0941668184721035
600.300150075038,0.0835211045320606
600.8004002001,0.0711503627241127
601.300650325163,0.0712709940435466
601.800900450225,0.0774231913346762
602.301150575288,0.0865308559519367
602.80140070035,0.0808008682788258
603.301650825413,0.0736112416405645
603.801900950475,0.0788587040359398
604.302151075538,0.0815125930634859
604.8024012006,0.0788647356019115
605.302651325663,0.0776765171054875
605.802901450725,0.0770371711124878
606.303151575788,0.0774955701263366
606.80340170085,0.0806681738274485
607.303651825913,0.0871702019449364
607.803901950976,0.0936300091006225
608.304152076038,0.0945769649581787
608.804402201101,0.0858673836950502
609.304652326163,0.0742324929356492
609.804902451226,0.0838045881327302
610.305152576288,0.0961089827149894
610.805402701351,0.089160618715596
611.305652826413,0.0922246542292174
611.805902951476,0.0980571785238471
612.306153076538,0.0915551504063592
612.806403201601,0.0864343508963895
613.306653326663,0.0810602256156087
613.806903451726,0.0764219513833747
614.307153576788,0.072157634241386
614.807403701851,0.0671333397869635
615.307653826913,0.0696243765332737
615.807903951976,0.0788466409039964
616.308154077038,0.0848661437437487
616.808404202101,0.0819106764176178
617.308654327164,0.0765305195708653
617.808904452226,0.081946865813448
618.309154577289,0.093581756572849
618.809404702351,0.0963924663156591
619.309654827414,0.090053290479407
619.809904952476,0.0852883533617673
620.310155077539,0.0905599420210293
620.810405202601,0.106537560280051
621.310655327664,0.110596804179002
621.810905452726,0.0897698068787373
622.311155577789,0.0805535740739863
622.811405702851,0.0913681718612366
623.311655827914,0.0946131543540089
623.811905952977,0.0946795015796976
624.312156078039,0.0983225674266017
624.812406203102,0.0946010912220655
625.312656328164,0.088111126236521
625.812906453227,0.090192016496756
626.313156578289,0.0964407188434327
626.813406703352,0.0974781481905643
627.313656828414,0.105132205408646
627.813906953477,0.114209712196048
628.314157078539,0.0954394788921312
628.814407203602,0.0817598872683254
629.314657328664,0.0961692983747063
629.814907453727,0.0966578552184137
630.315157578789,0.0793412293136755
630.815407703852,0.07128305717549
631.315657828914,0.0843956815979564
631.815907953977,0.102544663606789
632.316158079039,0.106404865828674
632.816408204102,0.105138236974618
633.316658329165,0.101682149672836
633.816908454227,0.0932982729721792
634.31715857929,0.087616537826842
634.817408704352,0.0851918483062203
635.317658829415,0.0768079716055633
635.817908954477,0.0765787720986388
636.31815907954,0.0927373373368116
636.818409204602,0.0968629284614514
637.318659329665,0.0907770783960105
637.818909454727,0.0949267957845371
638.31915957979,0.0959702566976405
638.819409704852,0.0904815316633975
639.319659829915,0.0895466389377845
639.819909954977,0.0928459055243021
640.32016008004,0.0982260623710546
640.820410205103,0.093599851270764
641.320660330165,0.0860181728443425
641.820910455228,0.0870133812296724
642.32116058029,0.0823509807335516
642.821410705353,0.0828455691432307
643.321660830415,0.0899869432537183
643.821910955478,0.0792929767859019
644.32216108054,0.0674409496515199
644.822411205603,0.0753242063765261
645.322661330665,0.0827852534835137
645.822911455728,0.0807103947892504
646.32316158079,0.0823389176016083
646.823411705853,0.0837925250007868
647.323661830916,0.0817236978724952
647.823911955978,0.087912084559455
648.324162081041,0.100837730436799
648.824412206103,0.101706275936723
649.324662331166,0.0839493457160509
649.824912456228,0.0690755040298494
650.325162581291,0.0721877920712444
650.825412706353,0.0776282645777139
651.325662831416,0.0767476559458463
651.825912956478,0.0812170463308729
652.326163081541,0.0878819267295966
652.826413206603,0.0814583089697406
653.326663331666,0.0667231933008882
653.826913456728,0.0631404431137009
654.327163581791,0.0703481644498772
654.827413706853,0.0805354793760712
655.327663831916,0.0857045314138144
655.827913956978,0.0832014315355607
656.328164082041,0.0876406640907287
656.828414207104,0.0921100544757553
657.328664332166,0.0883523888753889
657.828914457229,0.084980743497211
658.329164582291,0.0832134946675041
658.829414707354,0.0844982182194752
659.329664832416,0.0915249925765007
659.829914957479,0.092073865079925
660.330165082541,0.0810903834454672
660.830415207604,0.0756800687688562
661.330665332666,0.0794920184629678
661.830915457729,0.081114509709354
662.331165582791,0.0813195829523916
662.831415707854,0.0848963015736072
663.331665832916,0.0915491188403875
663.831915957979,0.0897517121808222
664.332166083042,0.0812652988586464
664.832416208104,0.0847153545944563
665.332666333167,0.0915491188403875
665.832916458229,0.0873933698858892
666.333166583292,0.0746004184599226
666.833416708354,0.0739429777690078
667.333666833417,0.0868987814762102
667.833916958479,0.0818382976259575
668.334167083542,0.0660717841759449
668.834417208604,0.0732976002100364
669.334667333667,0.0852642270978806
669.834917458729,0.0886961881357754
670.335167583792,0.100524089006271
670.835417708854,0.102641168662336
671.335667833917,0.090192016496756
671.83591795898,0.0906202576807463
672.336168084042,0.0978159158849793
672.836418209105,0.0960667617531876
673.336668334167,0.0897818700106807
673.83691845923,0.0822424125460611
674.337168584292,0.0839131563202208
674.837418709355,0.090409152871737
675.337668834417,0.0943899864130561
675.83791895948,0.0986784298189317
676.338169084542,0.0934249358575848
676.838419209605,0.0803243745670619
677.338669334667,0.076952729188884
677.83891945973,0.0815427508933444
678.339169584792,0.0798961333830716
678.839419709855,0.0843413975042112
679.339669834917,0.0938712717394904
679.83991995998,0.09034883721202
680.340170085042,0.0938712717394903
680.840420210105,0.102062138329053
681.340670335168,0.0968629284614514
681.84092046023,0.0944985546005467
682.341170585293,0.0948242591630183
682.841420710355,0.0859276993547672
683.341670835418,0.0709633841789902
683.84192096048,0.0752216697550073
684.342171085543,0.0994203124334504
684.842421210605,0.103111630808128
685.342671335668,0.080975783692005
685.84292146073,0.0697389762867359
686.343171585793,0.0769105082270821
686.843421710855,0.0776946118034025
687.343671835918,0.0854331109450881
687.843921960981,0.101869128217959
688.344172086043,0.0986844613849035
688.844422211106,0.0983346305585451
689.344672336168,0.111175834512285
689.844922461231,0.110452046595682
690.345172586293,0.0960305723573575
690.845422711356,0.0866394241394272
691.345672836418,0.0902342374585579
691.845922961481,0.0952947213088106
692.346173086543,0.100156163481997
692.846423211606,0.10148310799577
693.346673336668,0.0885936515142566
693.846923461731,0.0866152978755405
694.347173586793,0.0976651267356869
694.847423711856,0.0937627035519998
695.347673836918,0.0913259508994347
695.847923961981,0.0966035711246686
696.348174087044,0.0909942147709915
696.848424212106,0.0826947799939383
697.348674337169,0.0825922433724194
697.848924462231,0.0923573486805948
698.349174587294,0.0976168742079133
698.849424712356,0.0854089846812013
699.349674837419,0.0767597190777897
699.849924962481,0.0786234729630437
700.350175087544,0.0828395375772589
700.850425212606,0.0861267410318332
701.350675337669,0.0865549822158235
701.850925462731,0.0840217245077113
702.351175587794,0.0795945550844867
702.851425712856,0.084504249785447
703.351675837919,0.0943658601491694
703.851925962981,0.0947820382012164
704.352176088044,0.0902643952884163
704.852426213107,0.0910304041668216
705.352676338169,0.0849143962715223
705.852926463232,0.0757524475605166
706.353176588294,0.0746245447238095
706.853426713357,0.0772663706194122
707.353676838419,0.0848721753097204
707.853926963482,0.0939436505311507
708.354177088544,0.0943296707533392
708.854427213607,0.0863619721047292
709.354677338669,0.0863318142748707
709.854927463732,0.083828714396617
710.355177588794,0.0779961901019873
710.855427713857,0.0865549822158235
711.355677838919,0.100644720325705
711.855927963982,0.0965915079927251
712.356178089045,0.0748537442307339
712.856428214107,0.0616084253568902
713.35667833917,0.0760479942931296
713.856928464232,0.0995952278466296
714.357178589295,0.102231022176261
714.857428714357,0.0958375622462632
715.35767883942,0.0912294458438876
715.857928964482,0.0940944396804431
716.358179089545,0.0980933679196773
716.858429214607,0.0875019380733797
717.35867933967,0.0855175528686919
717.858929464732,0.0916094345001045
718.359179589795,0.0875682852990683
718.859429714857,0.0851013748166448
719.35967983992,0.0890279242642187
719.859929964982,0.0927855898645851
720.360180090045,0.0879060529934833
720.860430215107,0.0863016564450122
721.36068034017,0.0867479923269178
721.860930465233,0.0813075198204481
722.361180590295,0.0859397624867105
722.861430715358,0.0940401555866978
723.36168084042,0.0930811365971982
723.861930965483,0.090330742514105
724.362181090545,0.0884127045351057
724.862431215608,0.0803062798691467
725.36268134067,0.0787320411505342
725.862931465733,0.0894380707502941
726.363181590795,0.0914465822188687
726.863431715858,0.0797453442337791
727.36368184092,0.0717836771511408
727.863931965983,0.0750769121716867
728.364182091046,0.0866756135352574
728.864432216108,0.0942150709998769
729.364682341171,0.0874657486775495
729.864932466233,0.0824595489210421
730.365182591296,0.0874476539796344
730.865432716358,0.0945407755623485
731.365682841421,0.0989015977598845
731.865932966483,0.104354133398297
732.366183091546,0.106024877172457
732.866433216608,0.0999571218049312
733.366683341671,0.0887504722295207
733.866933466733,0.0768501925673651
734.367183591796,0.0860362675422577
734.867433716858,0.0976771898676303
735.367683841921,0.0960486670552725
735.867933966984,0.10034314202712
736.368184092046,0.101314224148563
736.868434217109,0.0978521052808095
737.368684342171,0.0972006961558664
737.868934467234,0.0935515987429905
738.369184592296,0.0876406640907287
738.869434717359,0.0848902700076355
739.369684842421,0.0815367193273727
739.869934967484,0.0852521639659373
740.370185092546,0.0912656352397178
740.870435217609,0.0900834483092655
741.370685342671,0.0991730182286108
741.870935467734,0.105295057689882
742.371185592796,0.0932500204444057
742.871435717859,0.0867479923269178
743.371685842921,0.10557250972458
743.871935967984,0.108129893696579
744.372186093046,0.082284633507863
744.872436218109,0.0760721205570164
745.372686343172,0.0830928633480702
745.872936468234,0.0913922981251234
746.373186593297,0.0975806848120832
746.873436718359,0.0942150709998769
747.373686843422,0.0941306290762732
747.873936968484,0.0989015977598845
748.374187093547,0.100536152138214
748.874437218609,0.0956867730969707
749.374687343672,0.0911088145244537
749.874937468734,0.091518961010529
750.375187593797,0.0886057146462
750.875437718859,0.0799383543448733
751.375687843922,0.0787621989803927
751.875937968985,0.0915249925765007
752.376188094047,0.104323975568439
752.87643821911,0.098298441162715
753.376688344172,0.0876527272226721
753.876938469235,0.0846550389347394
754.377188594297,0.0784485575498645
754.87743871936,0.0797935967615526
755.377688844422,0.0840699770354848
755.877938969485,0.0792205979942415
756.378189094547,0.0799564490427884
756.87843921961,0.0910907198265386
757.378689344672,0.105457909971118
757.878939469735,0.111640265092106
758.379189594797,0.0992514285862429
758.87943971986,0.0922668751910193
759.379689844922,0.100421552384752
759.879939969985,0.0988352505341958
760.380190095048,0.0943055444894524
760.88044022011,0.0978279790169226
761.380690345173,0.0924236959062833
761.880940470235,0.0812894251225332
762.381190595298,0.0748296179668472
762.88144072036,0.0720068450920935
763.381690845423,0.0774774754284215
763.881940970485,0.0853788268513428
764.382191095548,0.0930871681631699
764.88244122061,0.0883403257434454
765.382691345673,0.0792748820879868
765.882941470735,0.0868625920803799
766.383191595798,0.0925865481875191
766.88344172086,0.0902342374585577
767.383691845923,0.0833763469487399
767.883941970985,0.0813075198204483
768.384192096048,0.0925202009618306
768.884442221111,0.103099567676185
769.384692346173,0.104553175075363
769.884942471236,0.0969473703850551
770.385192596298,0.0891968081114262
770.885442721361,0.0895526705037563
771.385692846423,0.0944503020727731
771.885942971486,0.0977254423954038
772.386193096548,0.0986241457251865
772.886443221611,0.101935475443647
773.386693346673,0.098515577537696
773.886943471736,0.0938471454756036
774.387193596798,0.098774934874479
774.887443721861,0.0960546986212442
775.387693846923,0.0900472589134352
775.887943971986,0.0912716668056895
776.388194097049,0.0892933131669733
776.888444222111,0.0808672155045145
777.388694347174,0.0731226847968572
777.888944472236,0.0726763489149517
778.389194597299,0.0787923568102511
778.889444722361,0.0901497955349541
779.389694847424,0.0971343489301777
779.889944972486,0.0964708766732912
780.390195097549,0.0994263439994221
780.890445222611,0.0971705383260079
781.390695347674,0.0917300658195384
781.890945472736,0.0901256692710674
782.391195597799,0.079865975553213
782.891445722861,0.0760902152549315
783.391695847924,0.0859216677887954
783.891945972986,0.0920195809861798
784.392196098049,0.0981114626175924
784.892446223112,0.106700412561287
785.392696348174,0.105156331672533
785.892946473237,0.100144100350054
786.393196598299,0.102164674950572
786.893446723362,0.0963261190899705
787.393696848424,0.0871279809831346
787.893946973487,0.0839252194521641
788.394197098549,0.0783942734561193
788.894447223612,0.0838950616223056
789.394697348674,0.087990494917087
789.894947473737,0.0740334512585833
790.395197598799,0.0727426961406404
790.895447723862,0.0799866068726469
791.395697848924,0.0759635523695259
791.895947973987,0.0834004732126267
792.39619809905,0.104607459169109
792.896448224112,0.0995288806209409
793.396698349175,0.0834245994765135
793.896948474237,0.0887866616253509
794.3971985993,0.0949871114442541
794.897448724362,0.0952766266108954
795.397698849425,0.0953731316664426
795.897948974487,0.0929785999756794
796.39819909955,0.0835150729660888
796.898449224612,0.0798478808552979
797.398699349675,0.0811084781433823
797.898949474737,0.0770190764145726
798.3991995998,0.0777006433693742
798.899449724862,0.0852823217957958
799.399699849925,0.0926468638472361
799.899949974988,0.0904332791356238
800.40020010005,0.0814402142718256
800.900450225113,0.0812411725947596
801.400700350175,0.0936239775346508
801.900950475238,0.0977194108294321
802.4012006003,0.0897336174829071
802.901450725363,0.0785149047755531
803.401700850425,0.0712468677796599
803.901950975488,0.0775377910881385
804.40220110055,0.0891606187155961
804.902451225613,0.0989257240237713
805.402701350675,0.0996676066382899
805.902951475738,0.0953972579303294
806.4032016008,0.0894863232780676
806.903451725863,0.0885755568163415
807.403701850925,0.0975927479440266
807.903951975988,0.0882257259899832
808.40420210105,0.0813738670461369
808.904452226113,0.0966940446142439
809.404702351176,0.108431471995164
809.904952476238,0.110325383710276
810.405202601301,0.096096919583046
810.905452726363,0.0828938216710042
811.405702851426,0.0925141693958588
811.905952976488,0.0950233008400841
812.406203101551,0.0845283760493337
812.906453226613,0.0842931449764376
813.406703351676,0.0852823217957958
813.906953476738,0.0844198078618432
814.407203601801,0.0839071247542491
814.907453726863,0.0832979365911078
815.407703851926,0.0839372825841075
815.907953976988,0.0869048130421818
816.408204102051,0.095264563478952
816.908454227114,0.108304809109758
817.408704352176,0.114058923046756
817.908954477239,0.105391562745429
818.409204602301,0.10030695263129
818.909454727364,0.100910109228459
819.409704852426,0.0899447222919164
819.909954977489,0.0861991198234934
820.410205102551,0.100391394554893
820.910455227614,0.0967784865378477
821.410705352676,0.0854029531152296
821.910955477739,0.0890520505281055
822.411205602801,0.0928760633541605
822.911455727864,0.094727754107471
823.411705852927,0.0981114626175924
823.911955977989,0.105361404915571
824.412206103052,0.103316704051166
824.912456228114,0.0842026714868622
825.412706353177,0.0743229664252246
825.912956478239,0.083889030056334
826.413206603302,0.0863318142748708
826.913456728364,0.0824474857890988
827.413706853427,0.094414112676943
827.913956978489,0.108051483338947
828.414207103552,0.107725778776475
828.914457228614,0.10568107791207
829.414707353677,0.106459149922419
829.914957478739,0.101639928711034
830.415207603802,0.104746185186458
830.915457728864,0.11282848358853
831.415707853927,0.108328935373645
831.915957978989,0.102399906023468
832.416208104052,0.101386602940223
832.916458229115,0.0950353639720276
833.416708354177,0.089498386410011
833.91695847924,0.0917421289514817
834.417208604302,0.0911691301841707
834.917458729365,0.0936360406665943
835.417708854427,0.0945588702602637
835.91795897949,0.0868625920803799
836.418209104552,0.0840398192056264
836.918459229615,0.083889030056334
837.418709354677,0.0901799533648125
837.91895947974,0.0925262325278022
838.419209604802,0.0787983883762229
838.919459729865,0.0772181180916386
839.419709854927,0.0903609003439635
839.91995997999,0.0960607301872158
840.420210105053,0.0950594902359144
840.920460230115,0.0908977097154443
841.420710355178,0.0925021062639154
841.92096048024,0.1015192973916
842.421210605303,0.0948664801248201
842.921460730365,0.0835874517577492
843.421710855428,0.0850350275909562
843.92196098049,0.0822966966398063
844.422211105553,0.0785933151331852
844.922461230615,0.0868203711185781
845.422711355678,0.0906323208126898
845.92296148074,0.0861207094658615
846.423211605803,0.086048330674201
846.923461730865,0.087357180490059
847.423711855928,0.0915551504063592
847.92396198099,0.0955540786455934
848.424212106053,0.0930871681631699
848.924462231116,0.0892149028093413
849.424712356178,0.0875320959032382
849.924962481241,0.0956928046629425
850.425212606303,0.116097592345189
850.925462731366,0.125319856715912
851.425712856428,0.109125102081909
851.925962981491,0.0930811365971982
852.426213106553,0.0929785999756794
852.926463231616,0.0913561087292932
853.426713356678,0.0890580820940772
853.926963481741,0.0884669886288511
854.427213606803,0.0844620288236451
854.927463731866,0.0949388589164805
855.427713856928,0.109203512439541
855.927963981991,0.0994082493015069
856.428214107054,0.079268850522015
856.928464232116,0.0783701471922325
857.428714357179,0.0826646221640798
857.928964482241,0.0815306877614009
858.429214607304,0.0955239208157349
858.929464732366,0.105476004669033
859.429714857429,0.0958496253782065
859.929964982491,0.0809938783899201
860.430215107554,0.0754327745640166
860.930465232616,0.086090551636003
861.430715357679,0.0991911129265259
861.930965482741,0.0989498502876581
862.431215607804,0.0883946098371906
862.931465732866,0.0903367740800767
863.431715857929,0.0990825447390354
863.931965982992,0.0934792199513301
864.432216108054,0.0890037980003319
864.932466233117,0.0852461323999655
865.432716358179,0.0767174981159878
865.932966483242,0.0778454009526949
866.433216608304,0.0770793920742896
866.933466733367,0.0777911168589497
867.433716858429,0.0874295592817194
867.933966983492,0.0922910014549061
868.434217108554,0.0941487237741884
868.934467233617,0.0974721166245927
869.434717358679,0.101428823902025
869.934967483742,0.103612250783779
870.435217608804,0.110711403932465
870.935467733867,0.114475101098803
871.435717858929,0.0991911129265259
871.935967983992,0.08341253634457
872.436218109054,0.0827430325217118
872.936468234117,0.0908192993578123
873.43671835918,0.0991066710029221
873.936968484242,0.0953972579303294
874.437218609305,0.0860362675422577
874.937468734367,0.0948664801248201
875.43771885943,0.103111630808128
875.937968984492,0.0873209910942289
876.438219109555,0.0812110147649011
876.938469234617,0.0913862665591517
877.43871935968,0.0950775849338295
877.938969484742,0.0948182275970465
878.439219609805,0.0886057146462
878.939469734867,0.0848902700076355
879.43971985993,0.0770130448486009
879.939969984992,0.0643708825719268
880.440220110055,0.0684240949049063
880.940470235118,0.0735448944148759
881.44072036018,0.075288016980696
881.940970485243,0.083689988379268
882.441220610305,0.0843594922021262
882.941470735368,0.0787441042824776
883.44172086043,0.0813557723482218
883.941970985493,0.0862835617470972
884.442221110555,0.0944864914686033
884.942471235618,0.104999510957269
885.44272136068,0.109456838210352
885.942971485743,0.110415857199852
886.443221610805,0.10948699604021
886.943471735868,0.105512194064863
887.443721860931,0.0926951163750096
887.943971985993,0.0871702019449364
888.444222111056,0.0925684534896041
888.944472236118,0.0896250492954166
889.444722361181,0.087652727222672
889.944972486243,0.093521440913132
890.445222611306,0.0966638867843854
890.945472736368,0.0942150709998769
891.445722861431,0.0968508653295079
891.945972986493,0.100349173593091
892.446223111556,0.0956083627393386
892.946473236618,0.0867298976290026
893.446723361681,0.0842087030528339
893.946973486743,0.0862534039172387
894.447223611806,0.0758791104459221
894.947473736868,0.068369810811161
895.447723861931,0.0747994601369887
895.947973986993,0.0858010364693615
896.448224112056,0.0920979913438118
896.948474237119,0.0886298409100867
897.448724362181,0.0844740919555885
897.948974487244,0.0862714986151538
898.449224612306,0.0981174941835641
898.949474737369,0.101489139561742
899.449724862431,0.0912957930695762
899.949974987494,0.0834969782681738
900.450225112556,0.0761505309146484
900.950475237619,0.0689910621062456
901.450725362681,0.0692685141409437
901.950975487744,0.0799926384386186
902.451225612806,0.0888530088510395
902.951475737869,0.0930811365971982
903.451725862931,0.100970424888176
903.951975987994,0.106242013547438
904.452226113057,0.104317944002467
904.952476238119,0.0985879563293564
905.452726363182,0.100674878155563
905.952976488244,0.105391562745429
906.453226613307,0.0947639435033013
906.953476738369,0.0884187361010774
907.453726863432,0.0997158591660634
907.953976988494,0.108690829331947
908.454227113557,0.0976168742079134
908.954477238619,0.0831773052716739
909.454727363682,0.0860061097123992
909.954977488744,0.0921824332674156
910.455227613807,0.0930268525034529
910.955477738869,0.0948785432567635
911.455727863932,0.097743537093319
911.955977988995,0.0929424105798492
912.456228114057,0.090885646583501
912.95647823912,0.0921583070035288
913.456728364182,0.0901256692710674
913.956978489245,0.0889857033024168
914.457228614307,0.0764521092132332
914.95747873937,0.0767174981159878
915.457728864432,0.0997942695236954
915.957978989495,0.106573749675881
916.458229114557,0.0989981028154316
916.95847923962,0.0989377871557147
917.458729364682,0.0973876747009889
917.958979489745,0.0927916214305569
918.459229614807,0.0925986113194626
918.95947973987,0.0934852515173018
919.459729864932,0.097526400718338
919.959979989995,0.10005965842645
920.460230115058,0.0951318690275748
920.96048024012,0.0871279809831346
921.460730365183,0.0918989496667458
921.960980490245,0.098913660891828
922.461230615308,0.0892329975072563
922.96148074037,0.0832617471952777
923.461730865433,0.0864403824623613
923.961980990495,0.086723866063031
924.462231115558,0.0815487824593161
924.96248124062,0.0769708238867991
925.462731365683,0.0837442724730133
925.962981490745,0.090330742514105
926.463231615808,0.0909640569411331
926.96348174087,0.0870978231532761
927.463731865933,0.0790456825810624
927.963981990996,0.0910183410348783
928.464232116058,0.103883671252505
928.964482241121,0.0971343489301777
929.464732366183,0.097267043381555
929.964982491246,0.0927614636006983
930.465232616308,0.0807646788829957
930.965482741371,0.08341253634457
931.465732866433,0.0952947213088104
931.965982991496,0.101507234259657
932.466233116558,0.093201767916632
932.966483241621,0.0885514305524547
933.466733366683,0.0989860396834882
933.966983491746,0.0928157476944436
934.467233616808,0.0722601708629047
934.967483741871,0.0730563375711686
935.467733866933,0.0868324342505215
935.967983991996,0.0966940446142439
936.468234117059,0.097526400718338
936.968484242121,0.0964165925795459
937.468734367184,0.097544495416253
937.968984492246,0.0926528954132078
938.469234617309,0.0937988929478299
938.969484742371,0.101851033520044
939.469734867434,0.106030908738429
939.969984992496,0.0993117442459598
940.470235117559,0.0878035163719645
940.970485242621,0.0892691869030865
941.470735367684,0.0912535721077744
941.970985492746,0.087296864830342
942.471235617809,0.0868867183442668
942.971485742871,0.084739480858343
943.471735867934,0.0854994581707768
943.971985992996,0.08928125003503
944.472236118059,0.0920075178542364
944.972486243122,0.101205655961072
945.472736368184,0.105922340550938
945.972986493247,0.104878879637835
946.473236618309,0.110572677915116
946.973486743372,0.107611179023013
947.473736868434,0.0977676633572058
947.973986993497,0.0928941580520756
948.474237118559,0.0929484421458209
948.974487243622,0.102176738082515
949.474737368684,0.115524593577878
949.974987493747,0.109227638703428
950.475237618809,0.0905116894932558
950.975487743872,0.095741057190716
951.475737868935,0.102755768415798
951.975987993997,0.0956385205691972
952.47623811906,0.0827430325217119
952.976488244122,0.0719887503941784
953.476738369185,0.0795945550844867
953.976988494247,0.0874054330178325
954.47723861931,0.0841604505250603
954.977488744372,0.0856321526221541
955.477738869435,0.0915732451042742
955.977988994497,0.0953490054025558
956.47823911956,0.108684797765975
956.978489244622,0.112207232293445
957.478739369685,0.0972791065134984
957.978989494747,0.0978581368467811
958.47923961981,0.104872848071863
958.979489744872,0.10180278099227
959.479739869935,0.101645960277006
959.979989994997,0.093105262861085
960.48024012006,0.0781168214214213
960.980490245123,0.0757645106924599
961.480740370185,0.0783037999665438
961.980990495248,0.0863800668026443
962.48124062031,0.0981717782773094
962.981490745373,0.109945395054059
963.481740870435,0.116833443393736
963.981990995498,0.115277299373038
964.48224112056,0.114426848571029
964.982491245623,0.106628033769627
965.482741370685,0.0894863232780676
965.982991495748,0.0834426941744285
966.48324162081,0.0775377910881385
966.983491745873,0.0654806907107188
967.483741870935,0.0729055484218761
967.983991995998,0.0811386359732408
968.484242121061,0.0770974867722046
968.984492246123,0.0781650739491948
969.484742371186,0.0901739217988409
969.984992496248,0.102767831547741
970.485242621311,0.105988687776627
970.985492746373,0.110253004918616
971.485742871436,0.110886319345644
971.985992996498,0.096157235242763
972.486243121561,0.0874416224136627
972.986493246623,0.0967905496697911
973.486743371686,0.10208626459294
973.986993496748,0.0951620268574332
974.487243621811,0.0902342374585579
974.987493746873,0.0943176076213958
975.487743871936,0.0946433121838673
975.987993996999,0.0871641703789647
976.488244122061,0.0773809703728744
976.988494247124,0.0697872288145095
977.488744372186,0.068430126470878
977.988994497249,0.0670790556932183
978.489244622311,0.0745762921960359
978.989494747374,0.0843413975042112
979.489744872436,0.08202527617108
979.989994997499,0.0852883533617673
980.490245122561,0.0861388041637765
980.990495247624,0.0851858167402486
981.490745372686,0.0994625333952522
981.990995497749,0.104076681363599
982.491245622811,0.0998907745792427
982.991495747874,0.0965191292010648
983.491745872936,0.0825560539765893
983.991995997999,0.0745401028002057
984.492246123061,0.076198783442422
984.992496248124,0.0837744303028718
985.492746373187,0.0890520505281055
985.992996498249,0.087357180490059
986.493246623312,0.0935154093471603
986.993496748374,0.0955299523817067
987.493746873437,0.0939255558332356
987.993996998499,0.0998485536174407
988.494247123562,0.101398666072167
988.994497248624,0.0971222857982342
989.494747373687,0.0998485536174407
989.994997498749,0.102997031054666
990.495247623812,0.0933465254999528
990.995497748874,0.0895647336356996
991.495747873937,0.0987568401765638
991.995997999,0.104939195297552
992.496248124062,0.107201032536938
992.996498249125,0.10528902612391
993.496748374187,0.100813604172912
993.99699849925,0.098654303555045
994.497248624312,0.0967965812357627
994.997498749375,0.0960727933191593
995.497748874437,0.102430063853327
995.9979989995,0.106296297641183
996.498249124562,0.0945407755623485
996.998499249625,0.0817719504002689
997.498749374687,0.0857889733374181
997.99899949975,0.0918205393091138
998.499249624812,0.0894441023162658
998.999499749875,0.0990946078709788
999.499749874937,0.106477244620334
1000,0.0965130976350931
