0,0.855694243360484
0.500250125062531,0.876712240249852
1.00050025012506,0.893353330765761
1.50075037518759,0.895705641494722
2.00100050025013,0.886809081686471
2.50125062531266,0.876320188461692
3.00150075037519,0.879173119166304
3.50175087543772,0.885844031131
4.00200100050025,0.883021258256246
4.50225112556278,0.881235914728624
5.00250125062531,0.891495608446478
5.50275137568784,0.897231627685561
6.00300150075037,0.896369113751609
6.50325162581291,0.903027962584361
7.00350175087544,0.895868493775958
7.50375187593797,0.87819600547889
8.0040020010005,0.882653332731973
8.50425212606303,0.898450004011844
9.00450225112556,0.897913194640363
9.50475237618809,0.879185182298248
10.0050025012506,0.864673234570348
10.5052526263132,0.871392399062817
11.0055027513757,0.889095045189744
11.5057528764382,0.897979541866051
12.0060030015007,0.895971030397477
12.5062531265633,0.896127851112741
13.0065032516258,0.897316069609165
13.5067533766883,0.900138842483918
14.0070035017509,0.908239235583906
14.5072536268134,0.906508176150029
15.0075037518759,0.893950455796959
15.5077538769385,0.890138506102847
16.008004002001,0.897683995133438
16.5082541270635,0.9000363058624
17.0085042521261,0.899535685886749
17.5087543771886,0.903040025716304
18.0090045022511,0.898510319671561
18.5092546273137,0.887834447901659
19.0095047523762,0.882140649624379
19.5097548774387,0.884903106839415
20.0100050025013,0.893051752467176
20.5102551275638,0.893033657769261
21.0105052526263,0.890385800307687
21.5107553776888,0.894306318189289
22.0110055027514,0.896544029164788
22.5112556278139,0.892563195623469
23.0115057528764,0.878998203753125
23.511755877939,0.872411733712033
24.0120060030015,0.881085125579332
24.512256128064,0.89737035370291
25.0125062531266,0.905603441254275
25.5127563781891,0.898528414369476
26.0130065032516,0.893473962085195
26.5132566283142,0.887146849380886
27.0135067533767,0.880192453815521
27.5137568784392,0.87834076306221
28.0140070035017,0.88691161830799
28.5142571285643,0.89669481831408
29.0145072536268,0.887496680207244
29.5147573786893,0.883334899686774
30.0150075037519,0.89448726516844
30.5152576288144,0.897436700928599
31.0155077538769,0.892617479717214
31.5157578789395,0.897949384036193
32.016008004002,0.908564940146377
32.5162581290645,0.90729227972635
33.0165082541271,0.902828920907295
33.5167583791896,0.889203613377234
34.0170085042521,0.87517419092707
34.5172586293147,0.881024809919615
35.0175087543772,0.885500231870613
35.5177588794397,0.88979470684246
36.0180090045023,0.898431909313929
36.5182591295648,0.898956655553466
37.0185092546273,0.894197750001798
37.5187593796898,0.896013251359279
38.0190095047524,0.906586586507661
38.5192596298149,0.91462063238196
39.0195097548774,0.915851071840186
39.51975987994,0.903619056049587
40.0200100050025,0.890814041491677
40.520260130065,0.893093973428978
41.0205102551276,0.894052992418477
41.5207603801901,0.89189369180061
42.0210105052526,0.89452345456427
42.5212606303152,0.898823961102089
43.0215107553777,0.905796451365369
43.5217608804402,0.903787939896794
44.0220110055028,0.897382416834854
44.5222611305653,0.90978331647266
45.0225112556278,0.910766461726046
45.5227613806903,0.893546340876855
46.0230115057529,0.890608968248639
46.5232616308154,0.901290871584512
47.0235117558779,0.916442165305412
47.5237618809405,0.917564036576147
48.024012006003,0.903866350254426
48.5242621310655,0.898854118931947
49.0245122561281,0.898160488845202
49.5247623811906,0.900398199820701
50.0250125062531,0.906743407222925
50.5252626313157,0.903214941129483
51.0255127563782,0.902322269365672
51.5257628814407,0.903359698712804
52.0260130065032,0.901345155678258
52.5262631315658,0.905573283424416
53.0265132566283,0.900796283174833
53.5267633816908,0.893673003762261
54.0270135067534,0.903227004261427
54.5272636318159,0.905193294768199
55.0275137568784,0.899023002779155
55.527763881941,0.903685403275275
56.0280140070035,0.902822889341323
56.528264132066,0.899596001546466
57.0285142571286,0.908130667396415
57.5287643821911,0.917334837069223
58.0290145072536,0.917178016353959
58.5292646323162,0.912575931517555
59.0295147573787,0.911218829173923
59.5297648824412,0.901610544581012
60.0300150075037,0.887195101908659
60.5302651325663,0.89221336479711
61.0305152576288,0.908124635830444
61.5307653826913,0.909282696497009
62.0310155077539,0.904053328799549
62.5312656328164,0.911665165055829
63.0315157578789,0.917726888857383
63.5317658829415,0.914071759878535
64.032016008004,0.911194702910037
64.5322661330665,0.905145042240426
65.0325162581291,0.899216012890249
65.5327663831916,0.899764885393673
66.0330165082541,0.905392336445265
66.5332666333167,0.916816122395657
67.0335167583792,0.919035738673241
67.5337668834417,0.910561388483009
68.0340170085043,0.90313049920588
68.5342671335668,0.898359530522268
69.0345172586293,0.894191718435826
69.5347673836918,0.8955186629496
70.0350175087544,0.897750342359127
70.5352676338169,0.888190310293989
71.0355177588794,0.896399271581467
71.535767883942,0.912075311541904
72.0360180090045,0.907153553709001
72.536268134067,0.91284132042031
73.0365182591296,0.921768038058419
73.5367683841921,0.914614600815988
74.0370185092546,0.9126302156113
74.5372686343172,0.919421758895429
75.0375187593797,0.915881229670044
75.5377688844422,0.906411671094482
76.0380190095048,0.906007556174378
76.5382691345673,0.911110260986433
77.0385192596298,0.910314094278169
77.5387693846923,0.91355304520497
78.0390195097549,0.931442669877019
78.5392696348174,0.933288329064358
79.0395197598799,0.912244195389112
79.5397698849425,0.896381176883552
80.040020010005,0.889450907582074
80.5402701350675,0.889921369727866
81.0405202601301,0.904149833855096
81.5407703851926,0.913565108336913
82.0410205102551,0.908456371958887
82.5412706353177,0.91220197442731
83.0415207603802,0.924880326099814
83.5417708854427,0.925622208714333
84.0420210105053,0.910525199087178
84.5422711355678,0.909451580344216
85.0425212606303,0.924765726346352
85.5427713856928,0.923499097492296
86.0430215107554,0.921961048169513
86.5432716358179,0.931931226720726
87.0435217608804,0.927232636828775
87.543771885943,0.913372098225819
88.0440220110055,0.908329709073481
88.544272136068,0.903534614125983
89.0445222611306,0.89555485234543
89.5447723861931,0.897135122630014
90.0450225112556,0.914210485895884
90.5452726363182,0.92614695495387
91.0455227613807,0.926225365311502
91.5457728864432,0.934603210446188
92.0460230115058,0.943584212178042
92.5462731365683,0.92991668368618
93.0465232616308,0.911912459260668
93.5467733866933,0.914964431642346
94.0470235117559,0.92948844250219
94.5472736368184,0.93265501463733
95.0475237618809,0.914548253590299
95.5477738869435,0.907859246927689
96.048024012006,0.917944025232364
96.5482741370685,0.919252875048222
97.0485242621311,0.91426476998963
97.5487743871936,0.911460091812791
98.0490245122561,0.918486866169817
98.5492746373187,0.92749802573153
99.0495247623812,0.926846616606587
99.5497748874437,0.92849323411686
100.050025012506,0.933390865685877
100.550275137569,0.921647406738985
101.050525262631,0.907165616840944
101.550775387694,0.913890812899385
102.051025512756,0.928125308592586
102.551275637819,0.93062840847084
103.051525762881,0.921918827207711
103.551775887944,0.910090926337216
104.052026013006,0.904620296000888
104.552276138069,0.908613192674151
105.052526263132,0.913709865920234
105.552776388194,0.923945433374201
106.053026513257,0.938113581841714
106.553276638319,0.942950897751014
107.053526763382,0.940297008723468
107.553776888444,0.933764822776122
108.054027013507,0.925869502919172
108.554277138569,0.927353268148209
109.054527263632,0.929512568766076
109.554777388694,0.930489682453491
110.055027513757,0.932202647189453
110.555277638819,0.91885479169409
111.055527763882,0.917105637562298
111.555777888944,0.933843233133754
112.056028014007,0.942287425494128
112.55627813907,0.9468110999729
113.056528264132,0.940327166553327
113.556778389195,0.917202142617845
114.057028514257,0.911092166288518
114.55727863932,0.925199999096314
115.057528764382,0.937269162605677
115.557778889445,0.939977335726968
116.058029014507,0.928191655818275
116.55827913957,0.920664261485599
117.058529264632,0.923734328565192
117.558779389695,0.925513640526842
118.059029514757,0.930881734241651
118.55927963982,0.937643119695922
119.059529764882,0.92472350538455
119.559779889945,0.908347803771396
120.060030015007,0.911701354451659
120.56028014007,0.913046393663347
121.060530265133,0.911176608212122
121.560780390195,0.916128523874884
122.061030515258,0.914391432875035
122.56128064032,0.90871572929567
123.061530765383,0.91565203016312
123.561780890445,0.921780101190363
124.062031015508,0.915278073072875
124.56228114057,0.914204454329913
125.062531265633,0.920453156676589
125.562781390695,0.926695827457295
126.063031515758,0.936840921421687
126.56328164082,0.933668317720575
127.063531765883,0.918945265183665
127.563781890945,0.920260146565495
128.064032016008,0.931708058779774
128.564282141071,0.945622881476475
129.064532266133,0.957800613173329
129.564782391196,0.943578180612071
130.065032516258,0.919753495023873
130.565282641321,0.916611049152619
131.065532766383,0.921219165554995
131.565782891446,0.927823730294002
132.066033016508,0.928095150762728
132.566283141571,0.929198927335548
133.066533266633,0.94129824867477
133.566783391696,0.93859610711945
134.067033516758,0.921333765308457
134.567283641821,0.917588162840034
135.067533766883,0.923432750266607
135.567783891946,0.925917755446946
136.068034017009,0.933252139668528
136.568284142071,0.940158282706119
137.068534267134,0.943373107369033
137.568784392196,0.937775814147299
138.069034517259,0.933089287387292
138.569284642321,0.943240412917656
139.069534767384,0.947396161872154
139.569784892446,0.939012285171497
140.070035017509,0.930206198852821
140.570285142571,0.934295600581631
141.070535267634,0.941274122410883
141.570785392696,0.934283537449688
142.071035517759,0.930525871849321
142.571285642821,0.93091189207151
143.071535767884,0.926979311057964
143.571785892946,0.926484722648285
144.072036018009,0.932033763342245
144.572286143072,0.938686580609025
145.072536268134,0.937070120928611
145.572786393197,0.937190752248045
146.073036518259,0.943324854841259
146.573286643322,0.950200840048993
147.073536768384,0.951871583823152
147.573786893447,0.937763751015356
148.074037018509,0.928547518210605
148.574287143572,0.937968824258394
149.074537268634,0.944621641525174
149.574787393697,0.942281393928156
150.075037518759,0.933897517227499
150.575287643822,0.929054169752227
151.075537768884,0.933258171234499
151.575787893947,0.924620968763031
152.07603801901,0.914572379854186
152.576288144072,0.915591714503403
153.076538269135,0.911966743354414
153.576788394197,0.914614600815988
154.07703851926,0.92433145359639
154.577288644322,0.923281961117315
155.077538769385,0.923842896752682
155.577788894447,0.934820346821169
156.07803901951,0.939784325615874
156.578289144572,0.937534551508432
157.078539269635,0.936617753480734
157.578789394697,0.935326998362791
158.07903951976,0.932401688866519
158.579289644822,0.934446389730923
159.079539769885,0.942094415383034
159.579789894947,0.946461269146541
160.08004002001,0.943662622535674
160.580290145073,0.938722770004856
161.080540270135,0.935140019817668
161.580790395198,0.931213470370094
162.08104052026,0.930501745585434
162.581290645323,0.944000390230089
163.081540770385,0.949078968778257
163.581790895448,0.938535791459733
164.08204102051,0.943276602313486
164.582291145573,0.945942554472975
165.082541270635,0.945990807000749
165.582791395698,0.955478460274226
166.08304152076,0.955466397142283
166.583291645823,0.949591651885851
167.083541770885,0.952354109100888
167.583791895948,0.959984040055083
168.084042021011,0.949241821059493
168.584292146073,0.934048306376791
169.084542271136,0.940423671608874
169.584792396198,0.950230997878851
170.085042521261,0.943155970994052
170.585292646323,0.936159354466885
171.085542771386,0.946449206014598
171.585792896448,0.951570005524567
172.086043021511,0.947094583573569
172.586293146573,0.940242724629723
173.086543271636,0.934705747067706
173.586793396698,0.93756470933829
174.087043521761,0.935966344355791
174.587293646823,0.929192895769577
175.087543771886,0.931195375672179
175.587793896948,0.929639231651482
176.088044022011,0.922111837318806
176.588294147074,0.934102590470537
177.088544272136,0.952118878027992
177.588794397199,0.954947682468717
178.089044522261,0.951183985302379
178.589294647324,0.951334774451671
179.089544772386,0.952902981604312
179.589794897449,0.951322711319728
180.090045022511,0.951509689864851
180.590295147574,0.948765327347729
181.090545272636,0.941792837084449
181.590795397699,0.941388722164345
182.091045522761,0.94354199121624
182.591295647824,0.950828122910049
183.091545772886,0.954181673590312
183.591795897949,0.940713186775515
184.092046023012,0.936804732025856
184.592296148074,0.94112333326159
185.092546273137,0.93998336729294
185.592796398199,0.943698811931505
186.093046523262,0.953120117979293
186.593296648324,0.953868032159783
187.093546773387,0.945116229934853
187.593796898449,0.936183480730772
188.094047023512,0.926207270613587
188.594297148574,0.928318318703681
189.094547273637,0.936943458043205
189.594797398699,0.940646839549827
190.095047523762,0.949585620319879
190.595297648824,0.952601403305727
191.095547773887,0.940369387515129
191.595797898949,0.936207606994659
192.096048024012,0.943095655334335
192.596298149075,0.943976263966203
193.096548274137,0.947414256570069
193.5967983992,0.958204728093433
194.097048524262,0.959634209228724
194.597298649325,0.945055914275136
195.097548774387,0.928161497988417
195.59779889945,0.922214373940325
196.098049024512,0.926979311057964
196.598299149575,0.932287089113056
197.098549274637,0.938777054098601
197.5987993997,0.945122261500825
198.099049524762,0.951775078767605
198.599299649825,0.956141932531113
199.099549774887,0.949778630430974
199.59979989995,0.941388722164345
200.100050025013,0.936376490841866
200.600300150075,0.940001461990855
201.100550275138,0.944989567049447
201.6008004002,0.936008565317593
202.101050525263,0.930356988002114
202.601300650325,0.941605858539326
203.101550775388,0.949676093809455
203.60180090045,0.948331054597767
204.102051025513,0.944838777900155
204.602301150575,0.937190752248045
205.102551275638,0.940634776417883
205.6028014007,0.957336182593509
206.103051525763,0.954356589003491
206.603301650825,0.932890245710226
207.103551775888,0.923601634113815
207.60380190095,0.9355381031718
208.104052026013,0.956051459041537
208.604302151076,0.965207376186571
209.104552276138,0.955297513295075
209.604802401201,0.940122093310289
210.105052526263,0.937462172716771
210.605302651326,0.943560085914156
211.105552776388,0.939000222039554
211.605802901451,0.930381114266001
212.106053026513,0.936135228202998
212.606303151576,0.939350052865912
213.106553276638,0.934217190223999
213.606803401701,0.935049546328093
214.107053526763,0.943451517726665
214.607303651826,0.956461605527613
215.107553776888,0.957553318968489
215.607803901951,0.943590243744014
216.108054027014,0.938059297747969
216.608304152076,0.944199431907155
217.108554277139,0.947106646705513
217.608804402201,0.945128293066796
218.109054527264,0.937419951754969
218.609304652326,0.935507945341942
219.109554777389,0.948391370257484
219.609804902451,0.955520681236028
220.110055027514,0.95599114338182
220.610305152576,0.962722371006233
221.110555277639,0.966154332044127
221.610805402701,0.956974288635207
222.111055527764,0.952257604045341
222.611305652826,0.959218031176677
223.111555777889,0.954537535982642
223.611805902951,0.94478449380641
224.112056028014,0.949314199851153
224.612306153077,0.951998246708558
225.112556278139,0.946521584806258
225.612806403202,0.951268427225983
226.113056528264,0.96281887606178
226.613306653327,0.954284210211831
227.113556778389,0.944887030427929
227.613806903452,0.957318087895593
228.114057028514,0.959175810214876
228.614307153577,0.949989735239983
229.114557278639,0.950707491590615
229.614807403702,0.954386746833349
230.115057528764,0.956075585305424
230.615307653827,0.960068481978687
231.115557778889,0.964555967061628
231.615807903952,0.96150399467995
232.116058029015,0.95944119911763
232.616308154077,0.960237365825894
233.11655827914,0.953584548559114
233.616808404202,0.948258675806106
234.117058529265,0.955436239312424
234.617308654327,0.964604219589402
235.11755877939,0.959947850659253
235.617808904452,0.960677670141828
236.118059029515,0.964272483460959
236.618309154577,0.956871752013688
237.11855927964,0.961401458058431
237.618809404702,0.973983304675389
238.119059529765,0.966226710835788
238.619309654827,0.953367412184133
239.11955977989,0.955472428708255
239.619809904952,0.951521752996794
240.120060030015,0.941189680487279
240.620310155078,0.936973615873064
241.12056028014,0.945846049417428
241.620810405203,0.958524401089933
242.121060530265,0.956190185058886
242.621310655328,0.94560478677856
243.12156078039,0.942450277775363
243.621810905453,0.951533816128737
244.122061030515,0.958741537464914
244.622311155578,0.962921412683299
245.12256128064,0.969918029210466
245.622811405703,0.966480036606599
246.123061530765,0.962601739686799
246.623311655828,0.963759800353364
247.12356178089,0.960315776183526
247.623811905953,0.961703036357016
248.124062031016,0.966757488641297
248.624312156078,0.965062618603251
249.124562281141,0.959266283704451
249.624812406203,0.954772767055538
250.125062531266,0.958259012187178
250.625312656328,0.963488379884638
251.125562781391,0.959006926367668
251.625812906453,0.955623217857547
252.126063031516,0.955924796156132
252.626313156578,0.954181673590312
253.126563281641,0.950007829937898
253.626813406703,0.95136493228153
254.127063531766,0.963470285186723
254.627313656828,0.964115662745694
255.127563781891,0.954030884441019
255.627813906953,0.951244300962096
256.128064032016,0.948572317236635
256.628314157079,0.945484155459126
257.128564282141,0.944905125125844
257.628814407204,0.952697908361275
258.129064532266,0.963615042770044
258.629314657329,0.959513577909291
259.129564782391,0.9603640287113
259.629814907454,0.96865140035641
260.130065032516,0.955858448930443
260.630315157579,0.945671134004249
261.130565282641,0.943137876296137
261.630815407704,0.932878182578283
262.131065532766,0.935357156192649
262.631315657829,0.949820851392776
263.131565782891,0.958005686416367
263.631815907954,0.952034436104388
264.132066033016,0.947715834868654
264.632316158079,0.958825979388517
265.132566283142,0.966558446964231
265.632816408204,0.958554558919791
266.133066533267,0.956063522173481
266.633316658329,0.962360477047931
267.133566783392,0.966443847210769
267.633816908454,0.965328007506005
268.134067033517,0.957263803801848
268.634317158579,0.948409464955399
269.134567283642,0.949350389246983
269.634817408704,0.961117974457762
270.135067533767,0.955321639558962
270.635317658829,0.943535959650269
271.135567783892,0.9500500508997
271.635817908954,0.959610082964838
272.136068034017,0.967674286668995
272.63631815908,0.966226710835788
273.136568284142,0.957245709103933
273.636818409205,0.95310805484735
274.137068534267,0.958102191471914
274.63731865933,0.965098807999081
275.137568784392,0.961962393693799
275.637818909455,0.959610082964838
276.138069034517,0.957125077784499
276.63831915958,0.947064425743711
277.138569284642,0.943686748799561
277.638819409705,0.959423104419715
278.139069534767,0.973054443515747
278.63931965983,0.964742945606751
279.139569784892,0.96086464868695
279.639819909955,0.965979416630948
280.140070035018,0.962263971992384
280.64032016008,0.958675190239225
281.140570285143,0.959628177662753
281.640820410205,0.956781278524112
282.141070535268,0.959073273593357
282.64132066033,0.969658671873683
283.141570785393,0.966039732290665
283.641820910455,0.957824739437216
284.142071035518,0.959706588020385
284.64232116058,0.95726983536782
285.142571285643,0.96502642920742
285.642821410705,0.974966449928775
286.143071535768,0.956003206513764
286.64332166083,0.942221078268439
287.143571785893,0.954881335243028
287.643821910955,0.965545143880986
288.144072036018,0.961956362127827
288.644322161081,0.951949994180784
289.144572286143,0.952064593934246
289.644822411206,0.957444750780999
290.145072536268,0.952378235364775
290.645322661331,0.940134156442232
291.145572786393,0.939965272595025
291.645822911456,0.967215887655146
292.146073036518,0.991860866215495
292.646323161581,0.980768816393546
293.146573286643,0.960388154975186
293.646823411706,0.961081785061932
294.147073536768,0.965732122426109
294.647323661831,0.960918932780696
295.147573786893,0.953825811197982
295.647823911956,0.952770287152935
296.148074037018,0.955786070138783
296.648324162081,0.953047739187633
297.148574287144,0.953023612923746
297.648824412206,0.960647512311969
298.149074537269,0.961835730808393
298.649324662331,0.959423104419715
299.149574787394,0.959435167551659
299.649824912456,0.956322879510264
300.150075037519,0.958759632162829
300.650325162581,0.959953882225224
301.150575287644,0.957396498253225
301.650825412706,0.964055347085977
302.151075537769,0.963693453127676
302.651325662831,0.957571413666405
303.151575787894,0.960376091843243
303.651825912956,0.962022709353516
304.152076038019,0.966069890120524
304.652326163082,0.969580261516051
305.152576288144,0.962764591968035
305.652826413207,0.958168538697602
306.153076538269,0.956672710336622
306.653326663332,0.95719745657616
307.153576788394,0.962909349551355
307.653826913457,0.9742366304462
308.154077038519,0.9816735512893
308.654327163582,0.970629753995126
309.154577288644,0.95286076064251
309.654827413707,0.949181505399776
310.155077538769,0.965533080749043
310.655327663832,0.979212672372849
311.155577788894,0.975183586303756
311.655827913957,0.960744017367517
312.15607803902,0.955225134503415
312.656328164082,0.971528457324908
313.156578289145,0.988308273858166
313.656828414207,0.990009175462184
314.15707853927,0.979640913556839
314.657328664332,0.96947169332856
315.157578789395,0.972240182109569
315.657828914457,0.974477893085067
316.15807903952,0.961606531301469
316.658329164582,0.955502586538113
317.158579289645,0.961371300228573
317.658829414707,0.95897676853781
318.15907953977,0.95044210268786
318.659329664832,0.947969160639465
319.159579789895,0.954434999361123
319.659829914957,0.95381977963201
320.16008004002,0.946660310823607
320.660330165083,0.95204046767036
321.160580290145,0.965050555471307
321.660830415208,0.965008334509505
322.16108054027,0.949422768038644
322.661330665333,0.944259747566872
323.161580790395,0.956793341656056
323.661830915458,0.973380148078219
324.16208104052,0.979984712817226
324.662331165583,0.975249933529445
325.162581290645,0.970533248939579
325.662831415708,0.960937027478611
326.16308154077,0.950779870382275
326.663331665833,0.947643456076994
327.163581790895,0.950894470135738
327.663831915958,0.963970905162374
328.16408204102,0.979719323914471
328.664332166083,0.983422705421092
329.164582291146,0.969290746349409
329.664832416208,0.958415832902442
330.165082541271,0.96587688000943
330.665332666333,0.967065098505854
331.165582791396,0.953922316253529
331.665832916458,0.945942554472975
332.166083041521,0.951039227719058
332.666333166583,0.961124006023733
333.166583291646,0.96324711724577
333.666833416708,0.958084096773999
334.167083541771,0.953126149545265
334.667333666833,0.959911661263423
335.167583791896,0.968983136484853
335.667833916959,0.962625865950686
336.168084042021,0.957420624517112
336.668334167084,0.962806812929836
337.168584292146,0.968217127606448
337.668834417209,0.965569270144873
338.169084542271,0.959803093075932
338.669334667334,0.960997343138328
339.169584792396,0.95687778357966
339.669834917459,0.952173162121737
340.170085042521,0.955291481729104
340.670335167584,0.953077897017491
341.170585292646,0.952818539680708
341.670835417709,0.959990071621055
342.171085542771,0.96324711724577
342.671335667834,0.960195144864092
343.171585792896,0.958753600596857
343.671835917959,0.960822427725149
344.172086043022,0.963355685433261
344.672336168084,0.965617522672647
345.172586293147,0.96918820972789
345.672836418209,0.965979416630948
346.173086543272,0.961799541412563
346.673336668334,0.964447398874138
347.173586793397,0.961238605777196
347.673836918459,0.954272147079887
348.174087043522,0.958228854357319
348.674337168584,0.967342550540552
349.174587293647,0.965750217124024
349.674837418709,0.965056587037279
350.175087543772,0.96804824375924
350.675337668834,0.96249920306528
351.175587793897,0.957848865701103
351.675837918959,0.958500274826046
352.176088044022,0.961522089377865
352.676338169085,0.967312392710693
353.176588294147,0.966504162870486
353.67683841921,0.961443679020233
354.177088544272,0.961262732041082
354.677338669335,0.965297849676147
355.177588794397,0.970020565831984
355.67783891946,0.96936312514107
356.178089044522,0.961914141166025
356.678339169585,0.956196216624858
357.178589294647,0.960098639808545
357.67883941971,0.967095256335712
358.179089544772,0.969580261516051
358.679339669835,0.960647512311969
359.179589794897,0.95389215842367
359.67983991996,0.966039732290665
360.180090045022,0.968922820825136
360.680340170085,0.954374683701406
361.180590295148,0.951383026979445
361.68084042021,0.960671638575856
362.181090545273,0.964145820575553
362.681340670335,0.964338830686647
363.181590795398,0.970032628963928
363.68184092046,0.968814252637645
364.182091045523,0.960146892336319
364.682341170585,0.962010646221573
365.182591295648,0.967499371255816
365.68284142071,0.966829867432957
366.183091545773,0.960195144864092
366.683341670835,0.953940410951444
367.183591795898,0.949543399358078
367.683841920961,0.940912228452581
368.184092046023,0.938101518709771
368.684342171086,0.948475812181087
369.184592296148,0.964688661513005
369.684842421211,0.96317473845411
370.185092546273,0.949181505399776
370.685342671336,0.954893398374972
371.185592796398,0.962903317985384
371.685842921461,0.959181841780847
372.186093046523,0.958391706638555
372.686343171586,0.956552079017188
373.186593296648,0.95705873055881
373.686843421711,0.961244637343167
374.187093546773,0.963331559169374
374.687343671836,0.965937195669146
375.187593796898,0.95976087211413
375.687843921961,0.951262395660011
376.188094047024,0.954428967795151
376.688344172086,0.955255292333273
377.188594297149,0.954573725378472
377.688844422211,0.954706419829849
378.189094547274,0.95314424424318
378.689344672336,0.958850105652404
379.189594797399,0.966094016384411
379.689844922461,0.967559686915533
380.190095047524,0.966896214658646
380.690345172586,0.97576864820301
381.190595297649,0.979809797404047
381.690845422711,0.963434095790893
382.191095547774,0.954772767055538
382.691345672836,0.969266620085523
383.191595797899,0.980225975456094
383.691845922961,0.974773439817681
384.192096048024,0.968844410467504
384.692346173087,0.966630825755892
385.192596298149,0.963832179145025
385.692846423212,0.962155403804893
386.193096548274,0.964761040304666
386.693346673337,0.969158051898032
387.193596798399,0.971154500234663
387.693846923462,0.969417409234815
388.194097048524,0.959157715516961
388.694347173587,0.951835394427322
389.194597298649,0.951250332528067
389.694847423712,0.944971472351532
390.195097548774,0.953355349052189
390.695347673837,0.96911583093623
391.195597798899,0.973138885439351
391.695847923962,0.973247453626842
392.196098049024,0.969031389012626
392.696348174087,0.970291986300711
393.19659829915,0.973543000359455
393.696848424212,0.967559686915533
394.197098549275,0.961347173964686
394.697348674337,0.961914141166025
395.1975987994,0.959296441534309
395.697848924462,0.956763183826197
396.198099049525,0.965521017617099
396.698349174587,0.969296777915381
397.19859929965,0.965762280255967
397.698849424712,0.968102527852985
398.199099549775,0.963874400106827
398.699349674837,0.953741369274378
399.1995997999,0.95417564202434
399.699849924963,0.952559182343926
400.200100050025,0.953668990482718
400.700350175088,0.960840522423064
401.20060030015,0.962758560402063
401.700850425213,0.971914477547097
402.201100550275,0.972559855106068
402.701350675338,0.970418649186116
403.2016008004,0.982493844261451
403.701850925463,0.98117293131365
404.202101050525,0.963216959415912
404.702351175588,0.954597851642359
405.20260130065,0.957637760892093
405.702851425713,0.964320735988732
406.203101550775,0.966866056828788
406.703351675838,0.951666510580115
407.2036018009,0.951678573712058
407.703851925963,0.970406586054173
408.204102051026,0.964163915273468
408.704352176088,0.953681053614661
409.204602301151,0.963367748565204
409.704852426213,0.966721299245467
410.205102551276,0.955430207746453
410.705352676338,0.948795485177587
411.205602801401,0.952016341406473
411.705852926463,0.961926204297969
412.206103051526,0.97221002427971
412.706353176588,0.982421465469791
413.206603301651,0.988513347101203
413.706853426713,0.979532345369349
414.207103551776,0.967107319467655
414.707353676838,0.964266451894987
415.207603801901,0.962221751030582
415.707853926963,0.955303544861047
416.208104052026,0.961721131054931
416.708354177089,0.979719323914471
417.208604302151,0.984460134768224
417.708854427214,0.983296042535687
418.209104552276,0.98579914241394
418.709354677339,0.982807485691979
419.209604802401,0.97221002427971
419.709854927464,0.966492099738542
420.210105052526,0.963235054113827
420.710355177589,0.957046667426867
421.210605302651,0.966745425509354
421.710855427714,0.972523665710238
422.211105552776,0.958832010954489
422.711355677839,0.959531672607206
423.211605802901,0.975756585071067
423.711855927964,0.975605795921775
424.212106053027,0.965020397641449
424.712356178089,0.963120454360365
425.212606303152,0.965780374953882
425.712856428214,0.969960250172268
426.213106553277,0.971739562133918
426.713356678339,0.963802021315166
427.213606803402,0.956491763357471
427.713856928464,0.962378571745846
428.214107053527,0.964700724644949
428.714357178589,0.963464253620751
429.214607303652,0.971691309606144
429.714857428714,0.978482852890273
430.215107553777,0.98010534413666
430.715357678839,0.97818730615766
431.215607803902,0.974839787043369
431.715857928965,0.972734770519248
432.216108054027,0.969345030443155
432.71635817909,0.974266788276058
433.216608304152,0.988507315535232
433.716858429215,0.992548464736268
434.217108554277,0.980388827737329
434.71735867934,0.971709404304059
435.217608804402,0.970883079765937
435.717858929465,0.969562166818136
436.218109054527,0.966745425509354
436.71835917959,0.964555967061628
437.218609304652,0.975455006772482
437.718859429715,0.973778231432351
438.219109554777,0.950610986535068
438.71935967984,0.948608506632465
439.219609804902,0.968747905411957
439.719859929965,0.981046268428244
440.220110055028,0.973132853873379
440.72036018009,0.964501682967883
441.220610305153,0.973126822307408
441.720860430215,0.975418817376652
442.221110555278,0.96868758975224
442.72136068034,0.973687757942775
443.221610805403,0.975044860286407
443.721860930465,0.96427851502693
444.222111055528,0.960002134752998
444.72236118059,0.962957602079129
445.222611305653,0.966063858554552
445.722861430715,0.971094184574946
446.223111555778,0.976070226501595
446.72336168084,0.980316448945669
447.223611805903,0.981124678785876
447.723861930965,0.982071634643432
448.224112056028,0.982469717997564
448.724362181091,0.973778231432351
449.224612306153,0.967215887655146
449.724862431216,0.972656360161615
450.225112556278,0.972692549557446
450.725362681341,0.973006190987974
451.225612806403,0.989134598396288
451.725862931466,0.981902750796225
452.226113056528,0.962987759908987
452.726363181591,0.97395314684553
453.226613306653,0.981806245740678
453.726863431716,0.972825244008823
454.227113556778,0.972801117744936
454.727363681841,0.982397339205904
455.227613806903,0.989629186805967
455.727863931966,0.98704164500411
456.228114057029,0.976860361643887
456.728364182091,0.967963801835636
457.228614307154,0.968392043019627
457.728864432216,0.976516562383501
458.229114557279,0.97459249283853
458.729364682341,0.968560926866834
459.229614807404,0.973362053380304
459.729864932466,0.979761544876273
460.230115057529,0.982065603077461
460.730365182591,0.983537305174555
461.230615307654,0.990250438101052
461.730865432716,0.994279524170144
462.231115557779,0.987584485941562
462.731365682841,0.985961994695176
463.231615807904,0.97946599814366
463.731865932966,0.964664535249119
464.232116058029,0.964043283954034
464.732366183092,0.979086009487443
465.232616308154,0.991541193218995
465.732866433217,0.988235895066505
466.233116558279,0.98234908667813
466.733366683342,0.979954554987367
467.233616808404,0.97946599814366
467.733866933467,0.978838715282603
468.234117058529,0.969767240061173
468.734367183592,0.966757488641297
469.234617308654,0.978579357945821
469.734867433717,0.978519042286104
470.235117558779,0.967879359912033
470.735367683842,0.969103767804287
471.235617808904,0.977505739202859
471.735867933967,0.978133022063915
472.23611805903,0.971419889137418
472.736368184092,0.974164251654539
473.236618309155,0.976196889387001
473.736868434217,0.972397002824833
474.23711855928,0.977125750546642
474.737368684342,0.985310585570233
475.237618809405,0.985002975705677
475.737868934467,0.981757993212904
476.23811905953,0.983633810230102
476.738369184592,0.975563574959973
477.238619309655,0.963337590735346
477.738869434717,0.965153092092826
478.23911955978,0.967951738703693
478.739369684842,0.967993959665495
479.239619809905,0.97352490566154
479.739869934967,0.971830035623493
480.24012006003,0.972077329828333
480.740370185093,0.984990912573733
481.240620310155,0.985539785077157
481.740870435218,0.97107005831106
482.24112056028,0.960309744617554
482.741370685343,0.960014197884941
483.241620810405,0.974296946105917
483.741870935468,0.991263741184297
484.24212106053,0.987988600861666
484.742371185593,0.980618027244254
485.242621310655,0.98021391232415
485.742871435718,0.974755345119766
486.24312156078,0.975804837598841
486.743371685843,0.990431385080203
487.243621810905,0.996064867697766
487.743871935968,0.977167971508444
488.244122061031,0.958005686416367
488.744372186093,0.960189113298121
489.244622311156,0.968205064474504
489.744872436218,0.967366676804438
490.245122561281,0.972378908126918
490.745372686343,0.979236798636735
491.245622811406,0.986341983351393
491.745872936468,0.995021406784663
492.246123061531,0.991076762639174
492.746373186593,0.984822028726526
493.246623311656,0.979689166084613
493.746873436718,0.982692885938517
494.247123561781,0.99227101270157
494.747373686843,0.988561599628977
495.247623811906,0.982367181376046
495.747873936968,0.969586293082022
496.248124062031,0.952794413416822
496.748374187094,0.95865709554131
497.248624312156,0.973898862751785
497.748874437219,0.98569057422645
498.249124562281,0.987174339455487
498.749374687344,0.975328343887077
499.249624812406,0.966817804301014
499.749874937469,0.968778063241815
500.250125062531,0.976703540928623
500.750375187594,0.983748409983564
501.250625312656,0.989737754993458
501.750875437719,0.993555736253541
502.251125562781,0.990732963378787
502.751375687844,0.97733082378968
503.251625812906,0.963880431672798
503.751875937969,0.967927612439806
504.252126063032,0.972523665710238
504.752376188094,0.971377668175616
505.252626313157,0.985630258566733
505.752876438219,0.995914078548474
506.253126563282,0.988483189271345
506.753376688344,0.979272988032566
507.253626813407,0.976950835133463
507.753876938469,0.982451623299649
508.254127063532,0.977958106650736
508.754377188594,0.969803429457003
509.254627313657,0.977656528352151
509.754877438719,0.98679435079927
510.255127563782,0.983977609490488
510.755377688844,0.973440463737936
511.255627813907,0.9693993145369
511.755877938969,0.978446663494443
512.256128064032,0.990039333292042
512.756378189095,1.00128820382925
513.256628314157,0.997807990263586
513.75687843922,0.978247621817377
514.257128564282,0.97157067828671
514.757378689345,0.974140125390653
515.257628814407,0.979001567563839
515.75787893947,0.990829468434335
516.258129064532,0.991034541677372
516.758379189595,0.980473269660933
517.258629314657,0.979870113063763
517.75887943972,0.980708500733829
518.259129564782,0.972704612689389
518.759379689845,0.976818140682086
519.259629814907,0.99582963662487
519.75987993997,0.999756186072444
520.260130065033,0.986927045250647
520.760380190095,0.969320904179268
521.260630315158,0.960979248440413
521.76088044022,0.967047003807939
522.261130565283,0.968959010220966
522.761380690345,0.968313632661995
523.261630815408,0.967867296780089
523.76188094047,0.969532008988277
524.262131065533,0.970985616387456
524.762381190595,0.97046690171389
525.262631315658,0.973072538213662
525.76288144072,0.972017014168616
526.263131565783,0.971588772984625
526.763381690845,0.976757825022369
527.263631815908,0.982861769785724
527.76388194097,0.982174171264951
528.264132066033,0.976275299744633
528.764382191096,0.981522762140008
529.264632316158,0.996444856353983
529.764882441221,1.00252467485345
530.265132566283,0.99611312022554
530.765382691346,0.994918870163144
531.265632816408,1.00218087559307
531.765882941471,0.993676367572975
532.266133066533,0.978416505664585
532.766383191596,0.977216224036217
533.266633316658,0.97982186053599
533.766883441721,0.988772704437986
534.267133566783,0.995172195933955
534.767383691846,0.983362389761375
535.267633816908,0.977137813678585
535.767883941971,0.983543336740526
536.268134067034,0.987867969542232
536.768384192096,0.987777496052656
537.268634317159,0.985895647469487
537.768884442221,0.985539785077157
538.269134567284,0.982337023546187
538.769384692346,0.97629942600852
539.269634817409,0.980370733039414
539.769884942471,0.986408330577082
540.270135067534,0.978699989265255
540.770385192596,0.972680486425502
541.270635317659,0.978603484209707
541.770885442721,0.98576295301811
542.271135567784,0.978374284702783
542.771385692846,0.96883234733556
543.271635817909,0.975617859053718
543.771885942971,0.985998184091006
544.272136068034,0.985346774966063
544.772386193097,0.976643225268906
545.272636318159,0.975370564848879
545.772886443222,0.987011487174251
546.273136568284,0.995413458572823
546.773386693347,0.991963402837013
547.273636818409,0.99301892688206
547.773886943472,0.990974226017655
548.274137068534,0.980238038588037
548.774387193597,0.975479133036369
549.274637318659,0.9819932242858
549.774887443722,0.985099480761224
550.275137568784,0.970696101220814
550.775387693847,0.966492099738543
551.275637818909,0.976643225268906
551.775887943972,0.977970169782679
552.276138069035,0.98014153353249
552.776388194097,0.985992152525035
553.27663831916,0.985256301476488
553.776888444222,0.982614475580885
554.277138569285,0.979001567563839
554.777388694347,0.982391307639932
555.27763881941,0.98924919814975
555.777888944472,0.987831780146402
556.278139069535,0.9839112622648
556.778389194597,0.97879046275483
557.27863931966,0.984773776198752
557.778889444722,0.999804438600218
558.279139569785,0.99582963662487
558.779389694847,0.987234655115204
559.27963981991,0.990823436868363
559.779889944973,0.988983809246996
560.280140070035,0.986341983351393
560.780390195098,0.986534993462487
561.28064032016,0.984683302709177
561.780890445223,0.983326200365545
562.281140570285,0.984562671389743
562.781390695348,0.989146661528231
563.28164082041,0.987940348333892
563.781890945473,0.986746098271497
564.282141070535,0.987138150059657
564.782391195598,0.981878624532338
565.28264132066,0.976824172248057
565.782891445723,0.973175074835181
566.283141570785,0.979200609240905
566.783391695848,0.992693222319588
567.28364182091,0.998429241558671
567.783891945973,0.993965882739616
568.284142071035,0.980768816393546
568.784392196098,0.969809461022975
569.284642321161,0.96975517692923
569.784892446223,0.974900102703086
570.285142571286,0.987451791490185
570.785392696348,0.998085442298284
571.285642821411,0.993284315784815
571.785892946473,0.985787079281997
572.286143071536,0.984689334275148
572.786393196598,0.987355286434638
573.286643321661,0.990938036621825
573.786893446723,0.989026030208798
574.287143571786,0.982626538712828
574.787393696848,0.981607204063612
575.287643821911,0.984737586802922
575.787893946973,0.988320336990109
576.288144072036,0.99401413526739
576.788394197099,0.993404947104249
577.288644322161,0.989834260049005
577.788894447224,0.989321576941411
578.289144572286,0.993386852406334
578.789394697349,0.997886400621218
579.289644822411,0.988863177927562
579.789894947474,0.972415097522748
580.290145072536,0.963970905162374
580.790395197599,0.967770791724542
581.290645322661,0.971522425758937
581.790895447724,0.970762448446503
582.291145572786,0.971588772984625
582.791395697849,0.978114927366
583.291645822912,0.987494012451987
583.791895947974,0.987680990997109
584.292146073037,0.98544328002161
584.792396198099,0.991673887670372
585.292646323162,0.990298690628825
585.792896448224,0.977457486675085
586.293146573287,0.979520282237405
586.793396698349,0.992174507646023
587.293646823412,0.998194010485775
587.793896948474,0.994979185822861
588.294147073537,0.981365941424744
588.794397198599,0.975068986550294
589.294647323662,0.982837643521838
589.794897448724,0.991305962146098
590.295147573787,0.982192265962866
590.795397698849,0.972143677054021
591.295647823912,0.978295874345151
591.795897948974,0.979013630695783
592.296148074037,0.981004047466442
592.7963981991,0.986444519972912
593.296648324162,0.991390404069702
593.796898449225,0.991396435635674
594.297148574287,0.980666279772027
594.79739869935,0.975298186057218
595.297648824412,0.974067746598992
595.797898949475,0.97597975301202
596.298149074537,0.981914813928168
596.7983991996,0.98885714636159
597.298649324662,0.994176987548626
597.798899449725,0.981426257084461
598.299149574787,0.964748977172722
598.79939969985,0.976528625515444
599.299649824912,0.997301338721964
599.799899949975,0.994985217388833
600.300150075038,0.974785502949624
600.8004002001,0.965563238578901
601.300650325163,0.977614307390349
601.800900450225,0.983959514792573
602.301150575288,0.98092563710881
602.80140070035,0.980684374469942
603.301650825413,0.977674623050066
603.801900950475,0.979104104185358
604.302151075538,0.989231103451835
604.8024012006,0.995751226267238
605.302651325663,0.985135670157054
605.802901450725,0.97491216583503
606.303151575788,0.981679582855272
606.80340170085,0.979839955233905
607.303651825913,0.976064194935623
607.803901950976,0.983332231931517
608.304152076038,0.992283075833513
608.804402201101,1.00843560950571
609.304652326163,1.00899654514108
609.804902451226,0.986022310354893
610.305152576288,0.980316448945669
610.805402701351,0.984610923917516
611.305652826413,0.976709572494595
611.805902951476,0.978217463987519
612.306153076538,0.989038093340741
612.806403201601,0.99049170073992
613.306653326663,0.980135501966518
613.806903451726,0.976993056095265
614.307153576788,0.982343055112159
614.807403701851,0.984598860785573
615.307653826913,0.993296378916758
615.807903951976,0.996903255367832
616.308154077038,0.995624563381833
616.808404202101,0.995769320965153
617.308654327164,0.988241926632477
617.808904452226,0.982873832917668
618.309154577289,0.981275467935169
618.809404702351,0.979948523421395
619.309654827414,0.984828060292497
619.809904952476,0.989255229715722
620.310155077539,0.982994464237102
620.810405202601,0.979665039820726
621.310655327664,0.990932005055853
621.810905452726,0.999195250437076
622.311155577789,0.989979017632325
622.811405702851,0.980358669907471
623.311655827914,0.985009007271648
623.811905952977,0.993863346118097
624.312156078039,0.994430313319437
624.812406203102,0.99337478927439
625.312656328164,0.992210697041853
625.812906453227,0.986818477063157
626.313156578289,0.987029581872166
626.813406703352,0.985322648702176
627.313656828414,0.9784346003625
627.813906953477,0.981824340438593
628.314157078539,0.984466166334196
628.814407203602,0.972390971258861
629.314657328664,0.963023949304817
629.814907453727,0.966069890120524
630.315157578789,0.973452526869879
630.815407703852,0.979375524654085
631.315657828914,0.983097000858621
631.815907953977,0.980732626997716
632.316158079039,0.980219943890122
632.816408204102,0.989713628729571
633.316658329165,0.982825580389894
633.816908454227,0.958783758426715
634.31715857929,0.95378359023618
634.817408704352,0.962263971992384
635.317658829415,0.970382459790286
635.817908954477,0.987101960663827
636.31815907954,1.00400844008249
636.818409204602,0.995238543159644
637.318659329665,0.974761376685737
637.818909454727,0.973283643022672
638.31915957979,0.976480372987671
638.819409704852,0.989586965844165
639.319659829915,1.00317005241242
639.819909954977,0.997458159437228
640.32016008004,0.999400323680114
640.820410205103,1.00100472022859
641.320660330165,0.990503763871863
641.820910455228,0.985503595681327
642.32116058029,0.988048916521383
642.821410705353,0.994472534281239
643.321660830415,1.00239198040208
643.821910955478,1.0112523508145
644.32216108054,1.00776007411688
644.822411205603,0.999153029475275
645.322661330665,0.99931588175651
645.822911455728,0.98401983045229
646.32316158079,0.974327103935775
646.823411705853,0.977849538463245
647.323661830916,0.970726259050673
647.823911955978,0.971263068422154
648.324162081041,0.971166563366607
648.824412206103,0.974049651901077
649.324662331166,0.98771718039294
649.824912456228,0.989309513809467
650.325162581291,0.981643393459442
650.825412706353,0.977318760657736
651.325662831416,0.976468309855727
651.825912956478,0.978000327612538
652.326163081541,0.988525410233147
652.826413206603,1.00145105611049
653.326663331666,0.994575070902758
653.826913456728,0.973343958682389
654.327163581791,0.97629942600852
654.827413706853,0.98853747336509
655.327663831916,0.98117293131365
655.827913956978,0.982023382115659
656.328164082041,0.991070731073202
656.828414207104,0.98782574858043
657.328664332166,0.983253821573885
657.828914457229,0.987439728358242
658.329164582291,0.990003143896212
658.829414707354,0.98878476756993
659.329664832416,0.9865108671986
659.829914957479,0.98117293131365
660.330165082541,0.975068986550294
660.830415207604,0.973922989015672
661.330665332666,0.975865153258558
661.830915457729,0.974465829953124
662.331165582791,0.981124678785876
662.831415707854,0.992753537979305
663.331665832916,0.991137078298891
663.831915957979,0.981378004556687
664.332166083042,0.974652808498247
664.832416208104,0.970581501467352
665.332666333167,0.965478796655298
665.832916458229,0.969423440800787
666.333166583292,0.979411714049915
666.833416708354,0.982469717997564
667.333666833417,0.991963402837013
667.833916958479,0.996245814676917
668.334167083542,0.983778567813422
668.834417208604,0.980334543643584
669.334667333667,0.985033133535535
669.834917458729,0.98224051849064
670.335167583792,0.982119887171206
670.835417708854,0.988350494819968
671.335667833917,0.98999711233024
671.83591795898,0.989327608507382
672.336168084042,0.986185162636129
672.836418209105,0.976365773234208
673.336668334167,0.968512674339061
673.83691845923,0.975666111581492
674.337168584292,0.981408162386546
674.837418709355,0.974435672123266
675.337668834417,0.978090801102113
675.83791895948,0.993115431937607
676.338169084542,0.999508891867605
676.838419209605,0.989556808014307
677.338669334667,0.973054443515747
677.83891945973,0.968983136484853
678.339169584792,0.982891927615583
678.839419709855,0.989653313069854
679.339669834917,0.98544328002161
679.83991995998,0.98739750739644
680.340170085042,0.99084756313225
680.840420210105,0.994997280520776
681.340670335168,0.996698182124794
681.84092046023,0.992644969791815
682.341170585293,0.990829468434335
682.841420710355,0.989810133785118
683.341670835418,0.990352974722571
683.84192096048,0.991800550555778
684.342171085543,0.990009175462184
684.842421210605,0.984858218122356
685.342671335668,0.98152879370598
685.84292146073,0.989200945621977
686.343171585793,0.999056524419727
686.843421710855,0.998555904444077
687.343671835918,0.981770056344848
687.843921960981,0.971232910592295
688.344172086043,0.986173099504185
688.844422211106,0.995160132802012
689.344672336168,0.99380303045838
689.844922461231,0.995962331076248
690.345172586293,0.995576310854059
690.845422711356,0.996131214923455
691.345672836418,0.988730483476184
691.845922961481,0.975985784577991
692.346173086543,0.980412954001216
692.846423211606,0.98426712465713
693.346673336668,0.971896382849182
693.846923461731,0.976938772001519
694.347173586793,1.00247642232568
694.847423711856,1.00348972540892
695.347673836918,0.982415433903819
695.847923961981,0.976486404553642
696.348174087044,0.979291082730481
696.848424212106,0.977487644504944
697.348674337169,0.976546720213359
697.848924462231,0.983223663744026
698.349174587294,0.997048012951153
698.849424712356,1.00405669261026
699.349674837419,0.992005623798815
699.849924962481,0.973012222553945
700.350175087544,0.968138717248815
700.850425212606,0.977053371754982
701.350675337669,0.985280427740374
701.850925462731,0.981040236862272
702.351175587794,0.978344126872924
702.851425712856,0.986414362143053
703.351675837919,0.995648689645719
703.851925962981,0.99742800160737
704.352176088044,0.985189954250799
704.852426213107,0.982150045001065
705.352676338169,0.994936964861059
705.852926463232,0.999593333791208
706.353176588294,0.992331328361287
706.853426713357,0.982125918737178
707.353676838419,0.984719492105007
707.853926963482,0.992277044267541
708.354177088544,0.988724451910213
708.854427213607,0.995111880274238
709.354677338669,1.01499795328292
709.854927463732,1.01302563121017
710.355177588794,0.990835500000306
710.855427713857,0.988887304191449
711.355677838919,0.999569207527321
711.855927963982,0.993833188288239
712.356178089045,0.981100552521989
712.856428214107,0.971088153008975
713.35667833917,0.975786742900925
713.856928464232,0.999376197416227
714.357178589295,1.00684930765516
714.857428714357,0.994719828486078
715.35767883942,1.00082377324943
715.857928964482,1.0111015616652
716.358179089545,1.00478048052687
716.858429214607,1.00742230642247
717.35867933967,1.01298341024837
717.858929464732,0.998507651916303
718.359179589795,0.9823128972823
718.859429714857,0.983965546358545
719.35967983992,0.988513347101203
719.859929964982,0.990395195684372
720.360180090045,0.99394175647573
720.860430215107,0.976540688647388
721.36068034017,0.958771695294772
721.860930465233,0.971190689630493
722.361180590295,0.980388827737329
722.861430715358,0.97818730615766
723.36168084042,0.986354046483336
723.861930965483,1.00008792220089
724.362181090545,0.997946716280935
724.862431215608,0.992705285451532
725.36268134067,1.00000951184326
725.862931465733,0.998978114062095
726.363181590795,0.997765769301785
726.863431715858,0.999219376700963
727.36368184092,0.988229863500534
727.863931965983,0.979701229216556
728.364182091046,0.986679751045808
728.864432216108,0.992970674354287
729.364682341171,0.992681159187645
729.864932466233,0.998525746614218
730.365182591296,1.00200596017989
730.865432716358,0.991897055611325
731.365682841421,0.985111543893167
731.865932966483,0.989991080764269
732.366183091546,0.98985235474692
732.866433216608,0.991221520222495
733.366683341671,0.995962331076248
733.866933466733,0.999249534530822
734.367183591796,1.00068504723209
734.867433716858,0.991173267694721
735.367683841921,0.98722259198326
735.867933966984,0.991957371271042
736.368184092046,0.99273544328139
736.868434217109,0.986553088160402
737.368684342171,0.976414025761982
737.868934467234,0.979852018365848
738.369184592296,0.987934316767921
738.869434717359,0.982324960414244
739.369684842421,0.967957770269665
739.869934967484,0.973295706154615
740.370185092546,1.00456334415189
740.870435217609,1.01594490914048
741.370685342671,1.00771182158911
741.870935467734,0.997910526885105
742.371185592796,0.980563743150509
742.871435717859,0.974658840064218
743.371685842921,0.988483189271345
743.871935967984,0.997518475096945
744.372186093046,0.995787415663068
744.872436218109,0.996137246489427
745.372686343172,0.98611881541044
745.872936468234,0.977970169782679
746.373186593297,0.988235895066505
746.873436718359,0.992874169298739
747.373686843422,0.992011655364787
747.873936968484,0.998917798402378
748.374187093547,0.996155341187342
748.874437218609,0.986963234646478
749.374687343672,0.991112952035004
749.874937468734,0.997940684714964
750.375187593797,0.997041981385181
750.875437718859,0.99091994192391
751.375687843922,0.987270844511034
751.875937968985,0.986450551538884
752.376188094047,0.990159964611476
752.87643821911,0.999134934777359
753.376688344172,1.00029299544393
753.876938469235,0.986173099504186
754.377188594297,0.973910925883728
754.87743871936,0.974140125390653
755.377688844422,0.969700892835485
755.877938969485,0.971739562133918
756.378189094547,0.976510530817529
756.87843921961,0.980412954001216
757.378689344672,0.995733131569323
757.878939469735,0.991945308139098
758.379189594797,0.978452695060415
758.87943971986,0.97534040701902
759.379689844922,0.977994296046566
759.879939969985,0.984146493337696
760.380190095048,0.983989672622432
760.88044022011,0.986070562882667
761.380690345173,0.994032229965305
761.880940470235,0.996794687180341
762.381190595298,0.995461711100597
762.88144072036,1.00007585906894
763.381690845423,0.997222928364332
763.881940970485,0.983386516025262
764.382191095548,0.979791702706131
764.88244122061,0.987307033906864
765.382691345673,0.994581102468729
765.882941470735,0.995654721211691
766.383191595798,0.989484429222646
766.88344172086,0.987101960663827
767.383691845923,0.992813853639022
767.883941970985,0.993827156722267
768.384192096048,0.989351734771269
768.884442221111,0.985286459306346
769.384692346173,0.986124846976412
769.884942471236,0.991903087177296
770.385192596298,0.995600437117946
770.885442721361,0.994164924416682
771.385692846423,0.992705285451532
771.885942971486,0.987632738469336
772.386193096548,0.979827892101962
772.886443221611,0.9790739463555
773.386693346673,0.980045028476943
773.886943471736,0.984429976938365
774.387193596798,0.991492940691221
774.887443721861,0.997578790756662
775.387693846923,0.998465430954501
775.887943971986,0.98394745166063
776.388194097049,0.981299594199055
776.888444222111,0.99504553304855
777.388694347174,0.991547224784966
777.888944472236,0.986981329344393
778.389194597299,0.992837979902909
778.889444722361,0.99330241048273
779.389694847424,0.99131199371207
779.889944972486,0.986408330577082
780.390195097549,0.975129302210011
780.890445222611,0.970279923168767
781.390695347674,0.985696605792421
781.890945472736,1.00957557547436
782.391195597799,1.01479891160585
782.891445722861,1.00348369384295
783.391695847924,1.0012580459994
783.891945972986,1.00426779741927
784.392196098049,0.994593165600673
784.892446223112,0.982680822806574
785.392696348174,0.982095760907319
785.892946473237,0.993507483725767
786.393196598299,1.00485285931853
786.893446723362,0.999032398155841
787.393696848424,0.985310585570233
787.893946973487,0.980376764605386
788.394197098549,0.978844746848575
788.894447223612,0.978669831435396
789.394697348674,0.980075186306801
789.894947473737,0.980750721695631
790.395197598799,0.986378172747223
790.895447723862,0.994635386562475
791.395697848924,1.00299513699924
791.895947973987,1.00192754982225
792.39619809905,0.987500044017958
792.896448224112,0.978422537230556
793.396698349175,0.97697496139735
793.896948474237,0.97438138802952
794.3971985993,0.975581669657888
794.897448724362,0.98291605387947
795.397698849425,0.990395195684372
795.897948974487,0.993477325895909
796.39819909955,0.989749818125401
796.898449224612,0.987156244757572
797.398699349675,0.995895983850559
797.898949474737,0.999394292114142
798.3991995998,0.986709908875666
798.899449724862,0.982180202830923
799.399699849925,0.988067011219298
799.899949974988,0.988223831934562
800.40020010005,0.989954891368439
800.900450225113,0.995678847475578
801.400700350175,0.996764529350483
801.900950475238,0.997874337489275
802.4012006003,0.990449479778118
802.901450725363,0.980195817626235
803.401700850425,0.992457991246692
803.901950975488,0.996444856353983
804.40220110055,0.98608262601461
804.902451225613,0.980847226751178
805.402701350675,0.976890519473746
805.902951475738,0.982855738219753
806.4032016008,0.988223831934562
806.903451725863,0.99365827287506
807.403701850925,1.00708453872805
807.903951975988,1.00981080654726
808.40420210105,0.992831948336938
808.904452226113,0.973748073602492
809.404702351176,0.973006190987974
809.904952476238,0.985648353264648
810.405202601301,0.990129806781618
810.905452726363,0.983350326629432
811.405702851426,0.984647113313346
811.905952976488,0.995781384097097
812.406203101551,0.993187810729268
812.906453226613,0.980551680018565
813.406703351676,0.976836235380001
813.906953476738,0.978259684949321
814.407203601801,0.984351566580733
814.907453726863,0.984779807764724
815.407703851926,0.980328512077612
815.907953976988,0.982825580389894
816.408204102051,0.989526650184448
816.908454227114,0.996915318499775
817.408704352176,0.999261597662765
817.908954477239,1.00164406622158
818.409204602301,1.00122185660357
818.909454727364,0.992717348583475
819.409704852426,0.982584317751027
819.909954977489,0.978482852890273
820.410205102551,0.985081386063309
820.910455227614,0.999822533298133
821.410705352676,1.0120183596929
821.910955477739,1.0116142447728
822.411205602801,1.00429192368316
822.911455727864,1.00268752713469
823.411705852927,1.00907495549871
823.911955977989,1.00611345660661
824.412206103052,0.994743954749965
824.912456228114,0.993350663010503
825.412706353177,0.994967122690918
825.912956478239,0.993863346118097
826.413206603302,0.991969434402985
826.913456728364,0.995419490138795
827.413706853427,1.00579981517608
827.913956978489,1.00738611702664
828.414207103552,1.00119773033968
828.914457228614,0.999183187305133
829.414707353677,0.997210865232389
829.914957478739,0.996384540694266
830.415207603802,0.9932662210869
830.915457728864,0.980762784827575
831.415707853927,0.978048580140311
831.915957978989,0.987083865965911
832.416208104052,0.992747506413334
832.916458229115,1.00331480999574
833.416708354177,1.00696993897459
833.91695847924,0.989665376201797
834.417208604302,0.986360078049308
834.917458729365,1.00172850814519
835.417708854427,0.999876817391878
835.91795897949,0.989243166583779
836.418209104552,0.991161204562778
836.918459229615,0.992994800618173
837.418709354677,0.993525578423682
837.91895947974,0.999291755492624
838.419209604802,0.99568487904155
838.919459729865,0.985280427740374
839.419709854927,0.982355118244102
839.91995997999,0.984158556469639
840.420210105053,0.990509795437835
840.920460230115,0.996794687180341
841.420710355178,0.989056188038656
841.92096048024,0.970062786793786
842.421210605303,0.963862336974883
842.921460730365,0.978796494320802
843.421710855428,0.99568487904155
843.92196098049,1.00557664723513
844.422211105553,1.00190342355837
844.922461230615,0.989972986066354
845.422711355678,0.989369829469184
845.92296148074,0.992162444514079
846.423211605803,0.998652409499624
846.923461730865,1.00775404255091
847.423711855928,1.00180088693685
847.92396198099,0.993935724909758
848.424212106053,0.996179467451229
848.924462231116,0.995672815909606
849.424712356178,0.994327776697918
849.924962481241,1.00297101073536
850.425212606303,1.00474429113104
850.925462731366,0.993537641555626
851.425712856428,0.998670504197539
851.925962981491,1.00627027732188
852.426213106553,0.997614980152492
852.926463231616,1.00143899297855
853.426713356678,1.00041965832933
853.926963481741,0.986245478295846
854.427213606803,0.984249029959215
854.927463731866,0.97879046275483
855.427713856928,0.977276539695934
855.927963981991,0.995208385329786
856.428214107054,1.0028986319437
856.928464232116,0.993712556968805
857.428714357179,0.991414530333589
857.928964482241,0.989659344635825
858.429214607304,0.9819932242858
858.929464732366,0.98576295301811
859.429714857429,1.0026634008708
859.929964982491,1.01140917152976
860.430215107554,1.00607726721078
860.930465232616,0.999460639339831
861.430715357679,0.988881272625477
861.930965482741,0.98355539987247
862.431215607804,0.997711485208039
862.931465732866,1.00800133675575
863.431715857929,0.992856074600824
863.931965982992,0.986058499750723
864.432216108054,0.995111880274238
864.932466233117,0.998218136749662
865.432716358179,0.998453367822558
865.932966483242,0.989755849691373
866.433216608304,0.982825580389894
866.933466733367,0.984291250921016
867.433716858429,0.989798070653175
867.933966983492,0.998194010485775
868.434217108554,0.997838148093445
868.934467233617,0.99056407953158
869.434717358679,0.990835500000306
869.934967483742,0.998037189770511
870.435217608804,1.00173453971116
870.935467733867,0.998628283235737
871.435717858929,0.993199873861211
871.935967983992,0.987494012451987
872.436218109054,0.979140293581188
872.936468234117,0.988030821823468
873.43671835918,1.00184913946462
873.936968484242,0.990027270160099
874.437218609305,0.984984881007761
874.937468734367,0.994852522937456
875.43771885943,0.997723548339983
875.937968984492,0.998441304690614
876.438219109555,1.00069107879806
876.938469234617,1.00354400950267
877.43871935968,1.00570934168651
877.938969484742,1.00465381764146
878.439219609805,0.999707933544671
878.939469734867,0.996927381631719
879.43971985993,0.999973322447425
879.939969984992,1.00254276955137
880.440220110055,1.00059457374251
880.940470235118,0.99511791184021
881.44072036018,0.983175411216253
881.940970485243,0.985907710601431
882.441220610305,1.00943081789104
882.941470735368,1.00682518139127
883.44172086043,0.982343055112159
883.941970985493,0.978808557452745
884.442221110555,0.984164588035611
884.942471235618,0.987475917754072
885.44272136068,1.00117360407579
885.942971485743,1.00546204748167
886.443221610805,0.99344716806605
886.943471735868,0.988477157705373
887.443721860931,0.990256469667023
887.943971985993,0.988543504931062
888.444222111056,0.991088825771117
888.944472236118,0.994876649201342
889.444722361181,0.987656864733223
889.944972486243,0.98085325831715
890.445222611306,0.980726595431744
890.945472736368,0.983507147344696
891.445722861431,0.989508555486533
891.945972986493,0.98988854414275
892.446223111556,0.987699085695025
892.946473236618,0.992349423059202
893.446723361681,1.00225325438473
893.946973486743,1.0096962067938
894.447223611806,1.00000348027728
894.947473736868,0.990346943156599
895.447723861931,0.988989840812967
895.947973986993,0.984037925150205
896.448224112056,0.990714868680872
896.948474237119,1.00396018755472
897.448724362181,1.00200596017989
897.948974487244,0.993012895316088
898.449224612306,0.995540121458229
898.949474737369,0.998025126638567
899.449724862431,0.990944068187797
899.949974987494,0.989834260049005
900.450225112556,0.991076762639174
900.950475237619,0.978832683716632
901.450725362681,0.967963801835636
901.950975487744,0.975847058560642
902.451225612806,0.991486909125249
902.951475737869,1.0000215749752
903.451725862931,1.00309164205479
903.951975987994,0.998664472631567
904.452226113057,0.987427665226298
904.952476238119,0.986420393709025
905.452726363182,0.992108160420334
905.952976488244,0.997976874110794
906.453226613307,1.00172850814519
906.953476738369,0.99604074143388
907.453726863432,0.984677271143205
907.953976988494,0.981764024778876
908.454227113557,0.988483189271345
908.954477238619,0.988531441799118
909.454727363682,0.990763121208646
909.954977488744,1.00452715475606
910.455227613807,1.01056475229372
910.955477738869,0.999943164617567
911.455727863932,0.988603820590779
911.955977988995,0.994490628979154
912.456228114057,1.00578775204414
912.95647823912,1.00095646770081
913.456728364182,0.999327944888454
913.956978489245,1.00762737966551
914.457228614307,1.00304942109299
914.95747873937,0.995015375218691
915.457728864432,0.994231271642371
915.957978989495,0.994092545625022
916.458229114557,0.999605396923152
916.95847923962,1.00133042479106
917.458729364682,0.995341079781163
917.958979489745,0.996010583604021
918.459229614807,0.988531441799118
918.95947973987,0.984683302709177
919.459729864932,0.997506411965002
919.959979989995,0.991221520222495
920.460230115058,0.978784431188858
920.96048024012,0.987705117260996
921.460730365183,0.991975465968957
921.960980490245,0.9871502131916
922.461230615308,0.986492772500685
922.96148074037,0.981118647219904
923.461730865433,0.980823100487291
923.961980990495,0.988682230948411
924.462231115558,0.993386852406334
924.96248124062,0.99476204944788
925.462731365683,0.987892095806119
925.962981490745,0.980020902213056
926.463231615808,0.985183922684827
926.96348174087,0.998646377933652
927.463731865933,1.00842354637377
927.963981990996,1.01244660087689
928.464232116058,1.0084597357696
928.964482241121,0.992295138965457
929.464732366183,0.982608444014913
929.964982491246,0.9965051720137
930.465232616308,1.00523887954072
930.965482741371,1.00203008644377
931.465732866433,1.00241610666596
931.965982991496,0.999900943655765
932.466233116558,0.993224000125098
932.966483241621,0.982487812695479
933.466733366683,0.985202017382742
933.966983491746,1.00373098804779
934.467233616808,1.00698200210654
934.967483741871,0.992144349816164
935.467733866933,0.982982401105158
935.967983991996,0.987222591983261
936.468234117059,0.998694630461426
936.968484242121,1.0014269298466
937.468734367184,1.00195770765211
937.968984492246,1.00632456141562
938.469234617309,0.995835668190842
938.969484742371,0.988965714549081
939.469734867434,0.989345703205297
939.969984992496,0.989942828236495
940.470235117559,1.00025680604809
940.970485242621,1.00226531751667
941.470735367684,0.989273324413637
941.970985492746,0.977662559918123
942.471235617809,0.975780711334954
942.971485742871,0.988223831934562
943.471735867934,1.00427986055122
943.971985992996,0.998664472631567
944.472236118059,0.986824508629129
944.972486243122,0.985183922684827
945.472736368184,0.978054611706283
945.972986493247,0.979158388279103
946.473236618309,0.999665712582869
946.973486743372,1.00692771801279
947.473736868434,0.992620843527928
947.973986993497,0.989472366090703
948.474237118559,1.00281419002009
948.974487243622,1.00671058163781
949.474737368684,0.990467574476033
949.974987493747,0.975135333775982
950.475237618809,0.981432288650433
950.975487743872,0.990582174229495
951.475737868935,0.991197393958608
951.975987993997,0.998610188537822
952.47623811906,1.00926796560981
952.976488244122,1.00944891258896
953.476738369185,0.999219376700963
953.976988494247,0.997035949819209
954.47723861931,1.00085393107929
954.977488744372,0.998031158204539
955.477738869435,0.997723548339983
955.977988994497,1.00017839569046
956.47823911956,0.993881440816013
956.978489244622,0.992651001357787
957.478739369685,1.00903876610288
957.978989494747,1.00992540630072
958.47923961981,0.994345871395833
958.979489744872,0.994575070902758
959.479739869935,1.00248245389165
959.979989994997,1.00376114587765
960.48024012006,1.00205421270766
960.980490245123,0.993296378916758
961.480740370185,0.980744690129659
961.980990495248,0.984713460539035
962.48124062031,0.999225408266935
962.981490745373,1.00740421172455
963.481740870435,1.00283228471801
963.981990995498,0.991046604809316
964.48224112056,0.993211936993154
964.982491245623,0.991764361159947
965.482741370685,0.98771718039294
965.982991495748,1.0015777189959
966.48324162081,1.00127010913134
966.983491745873,0.99159547731274
967.483741870935,0.99611312022554
967.983991995998,0.999303818624567
968.484242121061,1.0004256898953
968.984492246123,1.00281419002009
969.484742371186,0.999153029475275
969.984992496248,0.995594405551974
970.485242621311,0.994514755243041
970.985492746373,0.99127580431624
971.485742871436,0.989412050430986
971.985992996498,0.992035781628674
972.486243121561,0.994279524170144
972.986493246623,0.997596885454577
973.486743371686,1.00051013181891
973.986993496748,0.991396435635674
974.487243621811,0.987307033906864
974.987493746873,0.998706693593369
975.487743871936,1.00745246425233
975.987993996999,1.00794705266201
976.488244122061,1.00440652343662
976.988494247124,1.00152946646812
977.488744372186,0.997868305923303
977.988994497249,0.999376197416227
978.489244622311,1.00092027830498
978.989494747374,0.999864754259935
979.489744872436,1.00493126967616
979.989994997499,0.998489557218388
980.490245122561,0.99088375252808
980.990495247624,0.991517066955108
981.490745372686,0.990582174229495
981.990995497749,0.992970674354286
982.491245622811,1.003260525902
982.991495747874,1.01958194342141
983.491745872936,1.02692235920896
983.991995997999,1.0242925964453
984.492246123061,1.0187737135812
984.992496248124,1.00898448200914
985.492746373187,0.997446096305285
985.992996498249,0.994388092357635
986.493246623312,0.995727100003351
986.993496748374,0.998477494086445
987.493746873437,1.00332687312769
987.993996998499,1.00092630987095
988.494247123562,0.997295307155992
988.994497248624,0.99643279322204
989.494747373687,0.999520954999548
989.994997498749,1.01046824723818
990.495247623812,1.00587219396774
990.995497748874,0.991933245007155
991.495747873937,0.99408651405905
991.995997999,0.982729075334347
992.496248124062,0.966727330811439
992.996498249125,0.977662559918123
993.496748374187,0.993579862517428
993.99699849925,1.00310370518674
994.497248624312,1.00606520407884
994.997498749375,1.00144502454452
995.497748874437,1.00421351332553
995.9979989995,1.01192185463735
996.498249124562,1.00277800062426
996.998499249625,0.988054948087355
997.498749374687,0.995570279288087
997.99899949975,1.00162597152367
998.499249624812,0.990238374969108
998.999499749875,0.993290347350786
999.499749874937,1.00291069507564
1000,1.00054833173673
