0,0.899772927481636
0.500250125062531,0.897623679473721
1.00050025012506,0.90494600056336
1.50075037518759,0.90562153595219
2.00100050025013,0.893486025217138
2.50125062531266,0.892551132491525
3.00150075037519,0.895385968498222
3.50175087543772,0.891399103390931
4.00200100050025,0.895928809435675
4.50225112556278,0.903003836320474
5.00250125062531,0.892635574415129
5.50275137568784,0.887430332981556
6.00300150075037,0.895669452098892
6.50325162581291,0.8884436360648
7.00350175087544,0.880126106589832
7.50375187593797,0.884854854311642
8.0040020010005,0.887701753450282
8.50425212606303,0.894366633849006
9.00450225112556,0.9032752567892
9.50475237618809,0.898908403025693
10.0050025012506,0.890277232120196
10.5052526263132,0.888190310293989
11.0055027513757,0.884227571450585
11.5057528764382,0.884390423731821
12.0060030015007,0.89761764790775
12.5062531265633,0.899626159376324
13.0065032516258,0.8813263882182
13.5067533766883,0.877930616576135
14.0070035017509,0.89772621609524
14.5072536268134,0.90918015987549
15.0075037518759,0.898799834838202
15.5077538769385,0.890343579345885
16.008004002001,0.892153049137393
16.5082541270635,0.884679938898462
17.0085042521261,0.876048767992966
17.5087543771886,0.881802881929964
18.0090045022511,0.895120579595468
18.5092546273137,0.900898819796352
19.0095047523762,0.894837095994798
19.5097548774387,0.88655575591566
20.0100050025013,0.887647469356537
20.5102551275638,0.900530894272079
21.0105052526263,0.906381513264623
21.5107553776888,0.897714152963297
22.0110055027514,0.889336307828612
22.5112556278139,0.889601696731366
23.0115057528764,0.894040929286534
23.511755877939,0.897237659251533
24.0120060030015,0.899734727563815
24.512256128064,0.899318549511768
25.0125062531266,0.901984501671257
25.5127563781891,0.900886756664409
26.0130065032516,0.893980613626817
26.5132566283142,0.904704737924492
27.0135067533767,0.914783484663195
27.5137568784392,0.899951863938796
28.0140070035017,0.892014323120044
28.5142571285643,0.904650453830747
29.0145072536268,0.904771085150181
29.5147573786893,0.884866917443585
30.0150075037519,0.873364721135561
30.5152576288144,0.885005643460934
31.0155077538769,0.905947240514661
31.5157578789395,0.9142285805938
32.016008004002,0.906061840268124
32.5162581290645,0.893262857276185
33.0165082541271,0.88911917145363
33.5167583791896,0.89182131300895
34.0170085042521,0.88893822447448
34.5172586293147,0.883093637047906
35.0175087543772,0.882092397096605
35.5177588794397,0.885910378356688
36.0180090045023,0.891260377373582
36.5182591295648,0.900482641744305
37.0185092546273,0.903540645691955
37.5187593796898,0.899873453581164
38.0190095047524,0.901435629167833
38.5192596298149,0.903564771955842
39.0195097548774,0.902750510549663
39.51975987994,0.895790083418326
40.0200100050025,0.892762237300535
40.520260130065,0.904614264434917
41.0205102551276,0.908944928802594
41.5207603801901,0.895024074539921
42.0210105052526,0.886929713005905
42.5212606303152,0.890235011158394
43.0215107553777,0.894517422998298
43.5217608804402,0.895205021519071
44.0220110055028,0.887647469356537
44.5222611305653,0.878491552211503
45.0225112556278,0.884945327801217
45.5227613806903,0.903625087615558
46.0230115057529,0.915175536451356
46.5232616308154,0.910766461726046
47.0235117558779,0.902213701178182
47.5237618809405,0.901218492792852
48.024012006003,0.903401919674606
48.5242621310655,0.902032754199031
49.0245122561281,0.892110828175592
49.5247623811906,0.885180558874113
50.0250125062531,0.89324476257827
50.5252626313157,0.907424974177727
51.0255127563782,0.908661445201924
51.5257628814407,0.897774468623014
52.0260130065032,0.899813137921447
52.5262631315658,0.918058624985826
53.0265132566283,0.920652198353655
53.5267633816908,0.909101749517858
54.0270135067534,0.908932865670651
54.5272636318159,0.912437205500206
55.0275137568784,0.908649382069981
55.527763881941,0.902515279476767
56.0280140070035,0.896700849880052
56.528264132066,0.901713081202531
57.0285142571286,0.919126212162816
57.5287643821911,0.925978071106663
58.0290145072536,0.923734328565192
58.5292646323162,0.916882469621346
59.0295147573787,0.90562153595219
59.5297648824412,0.910911219309367
60.0300150075037,0.925670461242106
60.5302651325663,0.924446053349852
61.0305152576288,0.906291039775048
61.5307653826913,0.894891380088543
62.0310155077539,0.903908571216228
62.5312656328164,0.906526270847944
63.0315157578789,0.899782980091588
63.5317658829415,0.905712009441765
64.032016008004,0.911797859507206
64.5322661330665,0.90800400451101
65.0325162581291,0.907189743104831
65.5327663831916,0.91291369921197
66.0330165082541,0.912515615857838
66.5332666333167,0.901369281942144
67.0335167583792,0.897382416834854
67.5337668834417,0.909795379604603
68.0340170085043,0.916659301680393
68.5342671335668,0.913154961850838
69.0345172586293,0.915712345822837
69.5347673836918,0.913649550260517
70.0350175087544,0.901483881695607
70.5352676338169,0.897484953456372
71.0355177588794,0.910621704142725
71.535767883942,0.922570236332655
72.0360180090045,0.919650958402354
72.536268134067,0.91785958330876
73.0365182591296,0.915374578128422
73.5367683841921,0.90740084791384
74.0370185092546,0.907750678740198
74.5372686343172,0.913577171468856
75.0375187593797,0.927063752981568
75.5377688844422,0.928752591453643
76.0380190095048,0.909204286139377
76.5382691345673,0.913528918941083
77.0385192596298,0.93343911821365
77.5387693846923,0.932323278508887
78.0390195097549,0.929615105387595
78.5392696348174,0.934452421296895
79.0395197598799,0.928903380602935
79.5397698849425,0.924892389231757
80.040020010005,0.929126548543888
80.5402701350675,0.929126548543888
81.0405202601301,0.919843968513448
81.5407703851926,0.903787939896794
82.0410205102551,0.899559812150636
82.5412706353177,0.911441997114876
83.0415207603802,0.917419278992826
83.5417708854427,0.918263698228864
84.0420210105053,0.920193799339806
84.5422711355678,0.914970463208318
85.0425212606303,0.912316574180772
85.5427713856928,0.913112740889036
86.0430215107554,0.914795547795139
86.5432716358179,0.916960879978978
87.0435217608804,0.911888332996782
87.543771885943,0.909276664931037
88.0440220110055,0.911200734476008
88.544272136068,0.914879989718743
89.0445222611306,0.920929650388353
89.5447723861931,0.930133820061161
90.0450225112556,0.930574124377095
90.5452726363182,0.912111500937734
91.0455227613807,0.900941040758154
91.5457728864432,0.903480330032238
92.0460230115058,0.910374409937886
92.5462731365683,0.920754734975174
93.0465232616308,0.927377394412096
93.5467733866933,0.930369051134057
94.0470235117559,0.935646671359291
94.5472736368184,0.932817866918566
95.0475237618809,0.920441093544646
95.5477738869435,0.918776381336458
96.048024012006,0.912226100691197
96.5482741370685,0.896706881446024
97.0485242621311,0.898914434591664
97.5487743871936,0.913203214378611
98.0490245122561,0.924958736457446
98.5492746373187,0.929198927335548
99.0495247623812,0.924783821044267
99.5497748874437,0.92539904077338
100.050025012506,0.936798700459885
100.550275137569,0.944235621302985
101.050525262631,0.938837369758318
101.550775387694,0.924699379120663
102.051025512756,0.914946336944431
102.551275637819,0.915863134972129
103.051525762881,0.921713753964674
103.551775887944,0.926159018085814
104.052026013006,0.930658566300699
104.552276138069,0.938137708105601
105.052526263132,0.9410147650741
105.552776388194,0.919669053100269
106.053026513257,0.900283600067239
106.553276638319,0.91853511869759
107.053526763382,0.935562229435687
107.553776888444,0.933246108102556
108.054027013507,0.928915443734878
108.554277138569,0.922932130290956
109.054527263632,0.923215613891626
109.554777388694,0.930242388248651
110.055027513757,0.924729536950522
110.555277638819,0.912503552725895
111.055527763882,0.912648310309215
111.555777888944,0.916496449399157
112.056028014007,0.914922210680545
112.55627813907,0.917153890090072
113.056528264132,0.921508680721636
113.556778389195,0.924994925853276
114.057028514257,0.927582467655134
114.55727863932,0.933614033626829
115.057528764382,0.940580492324138
115.557778889445,0.928463076287001
116.058029014507,0.91977762128776
116.55827913957,0.929922715252152
117.058529264632,0.93190710045684
117.558779389695,0.938198023765318
118.059029514757,0.952136972725907
118.55927963982,0.939850672841563
119.059529764882,0.920284272829382
119.559779889945,0.910694082934386
120.060030015007,0.904366970230077
120.56028014007,0.910585514746895
121.060530265133,0.91565203016312
121.560780390195,0.911876269864838
122.061030515258,0.918052593419855
122.56128064032,0.932866119446339
123.061530765383,0.930640471602783
123.561780890445,0.920688387749486
124.062031015508,0.924530495273456
124.56228114057,0.929940809950067
125.062531265633,0.929048138186256
125.562781390695,0.92916876950569
126.063031515758,0.934138779866367
126.56328164082,0.932341373206802
127.063531765883,0.918921138919779
127.563781890945,0.916212965798487
128.064032016008,0.926671701193408
128.564282141071,0.925169841266456
129.064532266133,0.931629648422142
129.564782391196,0.954036916006991
130.065032516258,0.954127389496566
130.565282641321,0.947450445965899
131.065532766383,0.947534887889503
131.565782891446,0.935097798855867
132.066033016508,0.922829593669438
132.566283141571,0.923046730044419
133.066533266633,0.930176041022963
133.566783391696,0.931834721665179
134.067033516758,0.928547518210605
134.567283641821,0.923680044471447
135.067533766883,0.918897012655892
135.567783891946,0.927902140651634
136.068034017009,0.940683028945657
136.568284142071,0.935290808966961
137.068534267134,0.926840585040615
137.568784392196,0.929446221540388
138.069034517259,0.927033595151709
138.569284642321,0.920260146565495
139.069534767384,0.920821082200863
139.569784892446,0.930115725363246
140.070035017509,0.933879422529584
140.570285142571,0.924488274311654
141.070535267634,0.912774973194621
141.570785392696,0.90914397047966
142.071035517759,0.923378466172862
142.571285642821,0.936828858289743
143.071535767884,0.932594698977613
143.571785892946,0.92884909650919
144.072036018009,0.931466796140906
144.572286143072,0.93301087702966
145.072536268134,0.92749802573153
145.572786393197,0.92067029305157
146.073036518259,0.927033595151709
146.573286643322,0.937341541397337
147.073536768384,0.936322206748121
147.573786893447,0.930079535967416
148.074037018509,0.925658398110163
148.574287143572,0.926912963832276
149.074537268634,0.936515216859215
149.574787393697,0.944253716000901
150.075037518759,0.943958169268287
150.575287643822,0.935713018584979
151.075537768884,0.928873222773077
151.575787893947,0.933427055081707
152.07603801901,0.940007493556827
152.576288144072,0.943940074570372
153.076538269135,0.943982295532174
153.576788394197,0.939923051633223
154.07703851926,0.942124573212892
154.577288644322,0.946521584806258
155.077538769385,0.93966369429644
155.577788894447,0.935441598116253
156.07803901951,0.942920739921156
156.578289144572,0.938777054098601
157.078539269635,0.936044754713423
157.578789394697,0.95040591329203
158.07903951976,0.951455405771105
158.579289644822,0.938590075553478
159.079539769885,0.940278914025553
159.579789894947,0.947752024264484
160.08004002001,0.945134324632768
160.580290145073,0.938125644973658
161.080540270135,0.936672037574479
161.580790395198,0.951352869149586
162.08104052026,0.951147795906549
162.581290645323,0.931032523390944
163.081540770385,0.933559749533084
163.581790895448,0.938698643740969
164.08204102051,0.930658566300699
164.582291145573,0.936937426477234
165.082541270635,0.943921979872457
165.582791395698,0.935176209213499
166.08304152076,0.929289400825124
166.583291645823,0.933813075303895
167.083541770885,0.94407276902175
167.583791895948,0.950315439802455
168.084042021011,0.933963864453188
168.584292146073,0.921225197120967
169.084542271136,0.93087570267568
169.584792396198,0.936919331779319
170.085042521261,0.945116229934853
170.585292646323,0.953717243010491
171.085542771386,0.953862000593812
171.585792896448,0.953771527104236
172.086043021511,0.9468110999729
172.586293146573,0.933807043737924
173.086543271636,0.929687484179256
173.586793396698,0.936376490841866
174.087043521761,0.941666174199043
174.587293646823,0.937510425244545
175.087543771886,0.925477451131012
175.587793896948,0.921291544346655
176.088044022011,0.931967416116557
176.588294147074,0.948059634129041
177.088544272136,0.956865720447716
177.588794397199,0.952728066191133
178.089044522261,0.944458789243938
178.589294647324,0.936286017352291
179.089544772386,0.927552309825275
179.589794897449,0.928686244227954
180.090045022511,0.938692612174997
180.590295147574,0.9364971221613
181.090545272636,0.93237153103666
181.590795397699,0.932998813897716
182.091045522761,0.933324518460188
182.591295647824,0.944700051882806
183.091545772886,0.947643456076994
183.591795897949,0.935532071605829
184.092046023012,0.937202815379988
184.592296148074,0.938638328081252
185.092546273137,0.928469107852973
185.592796398199,0.930978239297198
186.093046523262,0.938541823025705
186.593296648324,0.949561494055993
187.093546773387,0.959187873346819
187.593796898449,0.949947514278181
188.094047023512,0.939615441768667
188.594297148574,0.939537031411035
189.094547273637,0.935869839300244
189.594797398699,0.9358577761683
190.095047523762,0.954760703923594
190.595297648824,0.959543735739149
191.095547773887,0.944609578393231
191.595797898949,0.944404505150193
192.096048024012,0.951606194920398
192.596298149075,0.957854897267074
193.096548274137,0.964984208245619
193.5967983992,0.954808956451368
194.097048524262,0.941382690598373
194.597298649325,0.948300896767908
195.097548774387,0.949169442267833
195.59779889945,0.94350580182041
196.098049024512,0.943710875063448
196.598299149575,0.936364427709923
197.098549274637,0.934181000828169
197.5987993997,0.944965440785561
198.099049524762,0.950984943625313
198.599299649825,0.942601066924656
199.099549774887,0.931002365561085
199.59979989995,0.938475475800016
200.100050025013,0.954163578892397
200.600300150075,0.953488043503567
201.100550275138,0.950888438569766
201.6008004002,0.951033196153086
202.101050525263,0.946738721181239
202.601300650325,0.942299488626071
203.101550775388,0.943385170500976
203.60180090045,0.949688156941398
204.102051025513,0.951105574944747
204.602301150575,0.955164818843698
205.102551275638,0.956980320201178
205.6028014007,0.94930213671921
206.103051525763,0.948156139184588
206.603301650825,0.952161098989794
207.103551775888,0.954501346586812
207.60380190095,0.959043115763498
208.104052026013,0.960520849426564
208.604302151076,0.957125077784499
209.104552276138,0.955725754479066
209.604802401201,0.952577277041841
210.105052526263,0.947432351267984
210.605302651326,0.947010141649965
211.105552776388,0.945472092327183
211.605802901451,0.945737481229938
212.106053026513,0.955689565083236
212.606303151576,0.959447230683602
213.106553276638,0.946328574695164
213.606803401701,0.93895196951178
214.107053526763,0.94720315176106
214.607303651826,0.954833082715255
215.107553776888,0.95858471674965
215.607803901951,0.957824739437216
216.108054027014,0.956775246958141
216.608304152076,0.957143172482414
217.108554277139,0.950526544611464
217.608804402201,0.941853152744166
218.109054527264,0.942546782830911
218.609304652326,0.953940410951444
219.109554777389,0.968566958432806
219.609804902451,0.969206304425805
220.110055027514,0.959073273593357
220.610305152576,0.956938099239377
221.110555277639,0.953596611691057
221.610805402701,0.953264875562614
222.111055527764,0.960713859537658
222.611305652826,0.962360477047931
223.111555777889,0.958759632162829
223.611805902951,0.951063353982945
224.112056028014,0.949682125375427
224.612306153077,0.958295201583008
225.112556278139,0.957070793690754
225.612806403202,0.946726658049296
226.113056528264,0.942968992448929
226.613306653327,0.952251572479369
227.113556778389,0.954398809965293
227.613806903452,0.943596275309986
228.114057028514,0.946732689615267
228.614307153577,0.958403769770499
229.114557278639,0.969290746349409
229.614807403702,0.97470106102602
230.115057528764,0.970780543144418
230.615307653827,0.963705516259619
231.115557778889,0.952589340173784
231.615807903952,0.942359804285788
232.116058029015,0.94232964645593
232.616308154077,0.949121189740059
233.11655827914,0.95168460527803
233.616808404202,0.958295201583008
234.117058529265,0.962643960648601
234.617308654327,0.951563973958596
235.11755877939,0.951027164587115
235.617808904452,0.953994695045189
236.118059029515,0.950852249173936
236.618309154577,0.960020229450913
237.11855927964,0.962770623534006
237.618809404702,0.961552247207724
238.119059529765,0.963560758676298
238.619309654827,0.958427896034385
239.11955977989,0.954989903430519
239.619809904952,0.959018989499612
240.120060030015,0.966600667926033
240.620310155078,0.965147060526854
241.12056028014,0.961280826738997
241.620810405203,0.958922484444064
242.121060530265,0.95243251945852
242.621310655328,0.94716696236523
243.12156078039,0.946551742636117
243.621810905453,0.946708563351381
244.122061030515,0.943692780365533
244.622311155578,0.949356420812955
245.12256128064,0.954386746833349
245.622811405703,0.953518201333425
246.123061530765,0.957776486909442
246.623311655828,0.957577445232376
247.12356178089,0.948855800837304
247.623811905953,0.939790357181846
248.124062031016,0.944796556938353
248.624312156078,0.958102191471914
249.124562281141,0.964025189256119
249.624812406203,0.962034772485459
250.125062531266,0.954682293565962
250.625312656328,0.95318043363901
251.125562781391,0.954374683701406
251.625812906453,0.955900669892245
252.126063031516,0.96395884203043
252.626313156578,0.970436743884031
253.126563281641,0.973392211210162
253.626813406703,0.972107487658191
254.127063531766,0.964049315520006
254.627313656828,0.951467468903049
255.127563781891,0.942263299230241
255.627813906953,0.948065665695012
256.128064032016,0.962414761141676
256.628314157079,0.969224399123721
257.128564282141,0.964194073103326
257.628814407204,0.95837361194064
258.129064532266,0.960810364593205
258.629314657329,0.961684941659101
259.129564782391,0.962384603311818
259.629814907454,0.965846722179571
260.130065032516,0.955454334010339
260.630315157579,0.948771358913701
261.130565282641,0.955285450163132
261.630815407704,0.955448302444368
262.131065532766,0.958880263482263
262.631315657829,0.965605459540703
263.131565782891,0.96708922476974
263.631815907954,0.955906701458217
264.132066033016,0.9461717539799
264.632316158079,0.952969328830001
265.132566283142,0.957842834135131
265.632816408204,0.96139542649246
266.133066533267,0.957963465454565
266.633316658329,0.947257435854805
267.133566783392,0.954489283454868
267.633816908454,0.964694693078977
268.134067033517,0.958476148562159
268.634317158579,0.960345934013385
269.134567283642,0.96950788272439
269.634817408704,0.96118432168345
270.135067533767,0.956147964097084
270.635317658829,0.966178458308014
271.135567783892,0.967927612439806
271.635817908954,0.96658860479409
272.136068034017,0.966522257568401
272.63631815908,0.962710307874289
273.136568284142,0.962625865950686
273.636818409205,0.971805909359606
274.137068534267,0.976794014418199
274.63731865933,0.968108559418957
275.137568784392,0.958735505898942
275.637818909455,0.952516961382124
276.138069034517,0.960924964346667
276.63831915958,0.972203992713738
277.138569284642,0.961594468169526
277.638819409705,0.957758392211527
278.139069534767,0.966691141415609
278.63931965983,0.96082845929112
279.139569784892,0.952456645722407
279.639819909955,0.95695016237132
280.140070035018,0.962330319218072
280.64032016008,0.961045595666101
281.140570285143,0.962263971992384
281.640820410205,0.970020565831984
282.141070535268,0.965599427974732
282.64132066033,0.953138212677208
283.141570785393,0.954833082715255
283.641820910455,0.961341142398714
284.142071035518,0.962704276308318
284.64232116058,0.958108223037886
285.142571285643,0.95254108764601
285.642821410705,0.955876543628358
286.143071535768,0.963952810464459
286.64332166083,0.969477724894532
287.143571785893,0.97363347384903
287.643821910955,0.971118310838833
288.144072036018,0.964574061759543
288.644322161081,0.961413521190375
289.144572286143,0.957360308857395
289.644822411206,0.955568933763802
290.145072536268,0.954338494305576
290.645322661331,0.957408561385169
291.145572786393,0.964869608492156
291.645822911456,0.967384771502353
292.146073036518,0.969845650418805
292.646323161581,0.97142592070339
293.146573286643,0.968572989998778
293.646823411706,0.961027500968186
294.147073536768,0.95655811058316
294.647323661831,0.96178747828062
295.147573786893,0.972101456092219
295.647823911956,0.974278851408002
296.148074037018,0.964157883707496
296.648324162081,0.959025021065583
297.148574287144,0.957915212926791
297.648824412206,0.949471020566417
298.149074537269,0.949115158174087
298.649324662331,0.963868368540855
299.149574787394,0.966051795422609
299.649824912456,0.961769383582705
300.150075037519,0.963892494804742
300.650325162581,0.961166226985535
301.150575287644,0.960846553989035
301.650825412706,0.959742777416215
302.151075537769,0.957879023530961
302.651325662831,0.963904557936685
303.151575787894,0.969109799370258
303.651825912956,0.96534610220392
304.152076038019,0.962511266197223
304.652326163082,0.960569101954337
305.152576288144,0.957070793690754
305.652826413207,0.962336350784044
306.153076538269,0.97121481589438
306.653326663332,0.9729579384602
307.153576788394,0.967505402821787
307.653826913457,0.96242682427362
308.154077038519,0.964127725877638
308.654327163582,0.971667183342257
309.154577288644,0.974441703689237
309.654827413707,0.967185729825287
310.155077538769,0.958108223037885
310.655327663832,0.952281730309227
311.155577788894,0.947118709837456
311.655827913957,0.946195880243787
312.15607803902,0.953638832652859
312.656328164082,0.963880431672798
313.156578289145,0.961202416381365
313.656828414207,0.958277106885093
314.15707853927,0.970141197151418
314.657328664332,0.96968279813757
315.157578789395,0.962993791474959
315.657828914457,0.966196553005929
316.15807903952,0.96075608049946
316.658329164582,0.958035844246225
317.158579289645,0.966003542894835
317.658829414707,0.96673336237741
318.15907953977,0.966829867432957
318.659329664832,0.971769719963776
319.159579789895,0.973621410717087
319.659829914957,0.969954218606296
320.16008004002,0.973223327362955
320.660330165083,0.981184994445593
321.160580290145,0.972933812196313
321.660830415208,0.958801853124631
322.16108054027,0.960593228218224
322.661330665333,0.973892831185813
323.161580790395,0.981191026011565
323.661830915458,0.979224735504792
324.16208104052,0.969761208495202
324.662331165583,0.95897676853781
325.162581290645,0.960424344371017
325.662831415708,0.961437647454262
326.16308154077,0.961087816627903
326.663331665833,0.973235390494898
327.163581790895,0.9819932242858
327.663831915958,0.968603147828636
328.16408204102,0.950424007989945
328.664332166083,0.95840980133647
329.164582291146,0.973645536980974
329.664832416208,0.976245141914774
330.165082541271,0.971908445981125
330.665332666333,0.958892326614206
331.165582791396,0.960448470634903
331.665832916458,0.972873496536596
332.166083041521,0.96986374511672
332.666333166583,0.969809461022975
333.166583291646,0.968922820825136
333.666833416708,0.961051627232073
334.167083541771,0.962619834384714
334.667333666833,0.965279754978232
335.167583791896,0.964827387530354
335.667833916959,0.964097568047779
336.168084042021,0.966437815644797
336.668334167084,0.976046100237708
337.168584292146,0.980678342903971
337.668834417209,0.978874904678434
338.169084542271,0.979839955233905
338.669334667334,0.979942491855424
339.169584792396,0.969990408002126
339.669834917459,0.95734221415948
340.170085042521,0.961558278773695
340.670335167584,0.962788718231921
341.170585292646,0.952939171000142
341.670835417709,0.950230997878851
342.171085542771,0.954127389496566
342.671335667834,0.974103935994822
343.171585792896,0.994967122690918
343.671835917959,0.98643848840694
344.172086043022,0.963476316752695
344.672336168084,0.956859688881744
345.172586293147,0.969061546842485
345.672836418209,0.984345535014762
346.173086543272,0.98988854414275
346.673336668334,0.983314137233602
347.173586793397,0.978416505664585
347.673836918459,0.974351230199662
348.174087043522,0.967601907877334
348.674337168584,0.97629942600852
349.174587293647,0.986878792722874
349.674837418709,0.976661319966821
350.175087543772,0.967499371255816
350.675337668834,0.982258613188555
351.175587793897,0.991269772750268
351.675837918959,0.973874736487898
352.176088044022,0.963928684200572
352.676338169085,0.966721299245467
353.176588294147,0.967083193203769
353.67683841921,0.968892662995277
354.177088544272,0.971160531800635
354.677338669335,0.963289338207572
355.177588794397,0.949060874080342
355.67783891946,0.954410873097236
356.178089044522,0.967855233648146
356.678339169585,0.966606699492005
357.178589294647,0.967028909110023
357.67883941971,0.968277443266164
358.179089544772,0.958934547576008
358.679339669835,0.951919836350926
359.179589794897,0.95936882032597
359.67983991996,0.976697509362652
360.180090045022,0.990334880024655
360.680340170085,0.992096097288391
361.180590295148,0.990250438101052
361.68084042021,0.991263741184297
362.181090545273,0.987294970774921
362.681340670335,0.977457486675085
363.181590795398,0.972596044501899
363.68184092046,0.971456078533248
364.182091045523,0.969001231182768
364.682341170585,0.975792774466897
365.182591295648,0.981619267195555
365.68284142071,0.978193337723632
366.183091545773,0.975213744133615
366.683341670835,0.97192654067904
367.183591795898,0.966853993696844
367.683841920961,0.960321807749498
368.184092046023,0.955532744367972
368.684342171086,0.954887366809
369.184592296148,0.959694524888441
369.684842421211,0.965888943141373
370.185092546273,0.966118142648297
370.685342671336,0.96666098358575
371.185592796398,0.971009742651343
371.685842921461,0.970889111331909
372.186093046523,0.968500611207117
372.686343171586,0.969652640307711
373.186593296648,0.974254725144115
373.686843421711,0.980045028476943
374.187093546773,0.985431216889667
374.687343671836,0.992120223552277
375.187593796898,0.983929356962715
375.687843921961,0.968940915523051
376.188094047024,0.971232910592295
376.688344172086,0.968657431922381
377.188594297149,0.964501682967883
377.688844422211,0.974682966328105
378.189094547274,0.98266875967463
378.689344672336,0.976908614171661
379.189594797399,0.962173498502808
379.689844922461,0.95513466101384
380.190095047524,0.95076177568436
380.690345172586,0.95350010663551
381.190595297649,0.970521185807635
381.690845422711,0.977734938709783
382.191095547774,0.975099144380152
382.691345672836,0.97284937027271
383.191595797899,0.973380148078219
383.691845922961,0.979665039820726
384.192096048024,0.984327440316846
384.692346173087,0.978633642039566
385.192596298149,0.97213764548805
385.692846423212,0.975177554737784
386.193096548274,0.983875072868969
386.693346673337,0.991022478545429
387.193596798399,0.982650664976715
387.693846923462,0.974888039571143
388.194097048524,0.978549200115962
388.694347173587,0.978374284702783
389.194597298649,0.969302809481353
389.694847423712,0.957637760892093
390.195097548774,0.961883983336167
390.695347673837,0.979007599129811
391.195597798899,0.982186234396895
391.695847923962,0.969200272859834
392.196098049024,0.9690796415404
392.696348174087,0.978157148327802
393.19659829915,0.980443111831075
393.696848424212,0.982252581622583
394.197098549275,0.980244070154009
394.697348674337,0.976395931064067
395.1975987994,0.972614139199814
395.697848924462,0.970647848693041
396.198099049525,0.97459249283853
396.698349174587,0.97110624770689
397.19859929965,0.964984208245619
397.698849424712,0.969019325880683
398.199099549775,0.971811940925578
398.699349674837,0.973579189755285
399.1995997999,0.975135333775982
399.699849924963,0.971480204797135
400.200100050025,0.975032797154464
400.700350175088,0.98508741762928
401.20060030015,0.989418081996958
401.700850425213,0.984562671389743
402.201100550275,0.979634881990867
402.701350675338,0.976251173480746
403.2016008004,0.973319832418502
403.701850925463,0.977560023296604
404.202101050525,0.977252413432048
404.702351175588,0.980539616886622
405.20260130065,0.987680990997109
405.702851425713,0.981516730574036
406.203101550775,0.987892095806119
406.703351675838,0.998972082496124
407.2036018009,0.982530033657281
407.703851925963,0.966974625016278
408.204102051026,0.968506642773089
408.704352176088,0.974773439817681
409.204602301151,0.984249029959215
409.704852426213,0.985111543893167
410.205102551276,0.978488884456245
410.705352676338,0.971896382849182
411.205602801401,0.968995199616796
411.705852926463,0.977511770768831
412.206103051526,0.9829522432753
412.706353176588,0.975503259300256
413.206603301651,0.973000159422002
413.706853426713,0.980014870647084
414.207103551776,0.984387755976563
414.707353676838,0.988531441799118
415.207603801901,0.988579694326892
415.707853926963,0.978500947588189
416.208104052026,0.9723185924672
416.708354177089,0.984315377184903
417.208604302151,1.00275387436038
417.708854427214,0.996782624048398
418.209104552276,0.976021973973822
418.709354677339,0.975213744133614
419.209604802401,0.980811037355348
419.709854927464,0.975895311088416
420.210105052526,0.980358669907471
420.710355177589,0.985744858320195
421.210605302651,0.979972649685282
421.710855427714,0.973482684699738
422.211105552776,0.959911661263423
422.711355677839,0.961871920204224
423.211605802901,0.977909854122962
423.711855927964,0.977415265713283
424.212106053027,0.976359741668237
424.712356178089,0.975316280755133
425.212606303152,0.969911997644494
425.712856428214,0.967378739936382
426.213106553277,0.962366508613903
426.713356678339,0.963325527603402
427.213606803402,0.972801117744936
427.713856928464,0.972596044501899
428.214107053527,0.964604219589402
428.714357178589,0.965689901464307
429.214607303652,0.972945875328257
429.714857428714,0.974037588769134
430.215107553777,0.978217463987519
430.715357678839,0.987035613438138
431.215607803902,0.990425353514231
431.715857928965,0.98821780036859
432.216108054027,0.980720563865773
432.71635817909,0.981546888403895
433.216608304152,0.98825398976442
433.716858429215,0.988826988531732
434.217108554277,0.987240686681176
434.71735867934,0.992789727375136
435.217608804402,0.989713628729571
435.717858929465,0.971347510345758
436.218109054527,0.962770623534006
436.71835917959,0.96139542649246
437.218609304652,0.959097399857244
437.718859429715,0.963946778898487
438.219109554777,0.976474341421699
438.71935967984,0.979634881990867
439.219609804902,0.972740802085219
439.719859929965,0.967837138950231
440.220110055028,0.968373948321712
440.72036018009,0.975165491605841
441.220610305153,0.985907710601431
441.720860430215,0.99120342552458
442.221110555278,0.983440800119007
442.72136068034,0.980979921202556
443.221610805403,0.985183922684827
443.721860930465,0.976637193702935
444.222111055528,0.969495819592447
444.72236118059,0.976275299744633
445.222611305653,0.977373044751481
445.722861430715,0.970563406769437
446.223111555778,0.969212335991777
446.72336168084,0.968072370023127
447.223611805903,0.970448807015975
447.723861930965,0.983211600612083
448.224112056028,0.9839112622648
448.724362181091,0.971739562133918
449.224612306153,0.971799877793635
449.724862431216,0.981233246973367
450.225112556278,0.982566223053111
450.725362681341,0.971769719963776
451.225612806403,0.968663463488353
451.725862931466,0.976486404553642
452.226113056528,0.974622650668388
452.726363181591,0.974863913307256
453.226613306653,0.989013967076854
453.726863431716,0.996517235145644
454.227113556778,0.986420393709025
454.727363681841,0.979568534765179
455.227613806903,0.98668578261178
455.727863931966,0.98398364105646
456.228114057029,0.976112447463397
456.728364182091,0.982300834150357
457.228614307154,0.990823436868363
457.728864432216,0.983332231931517
458.229114557279,0.964984208245619
458.729364682341,0.973736010470549
459.229614807404,0.993971914305588
459.729864932466,0.98597405782712
460.230115057529,0.981625298761527
460.730365182591,0.99020821713925
461.230615307654,0.987916222070006
461.730865432716,0.98426712465713
462.231115557779,0.985618195434789
462.731365682841,0.985214080514686
463.231615807904,0.984496324164054
463.731865932966,0.9868305401951
464.232116058029,0.985039165101507
464.732366183092,0.984043956716177
465.232616308154,0.993465262763966
465.732866433217,1.00262721147497
466.233116558279,0.992940516524428
466.733366683342,0.976251173480746
467.233616808404,0.98092563710881
467.733866933467,0.994261429472229
468.234117058529,0.993603988781315
468.734367183592,0.987047676570081
469.234617308654,0.991571351048853
469.734867433717,0.986890855854817
470.235117558779,0.971679246474201
470.735367683842,0.975533417130114
471.235617808904,0.983977609490488
471.735867933967,0.984170619601582
472.23611805903,0.983277947837772
472.736368184092,0.977716844011868
473.236618309155,0.973271579890728
473.736868434217,0.980014870647084
474.23711855928,0.987270844511034
474.737368684342,0.982777327862121
475.237618809405,0.9687599685439
475.737868934467,0.963675358429761
476.23811905953,0.972113519224163
476.738369184592,0.968138717248815
477.238619309655,0.960267523655753
477.738869434717,0.974073778164964
478.23911955978,0.991637698274542
478.739369684842,0.993242094823013
479.239619809905,0.999442544641916
479.739869934967,1.00862861961681
480.24012006003,0.994780144145795
480.740370185093,0.987536233413789
481.240620310155,0.998610188537822
481.740870435218,0.994134766586824
482.24112056028,0.977915885688934
482.741370685343,0.969942155474352
483.241620810405,0.974634713800332
483.741870935468,0.986649593215949
484.24212106053,0.981969098021914
484.742371185593,0.969773271627145
485.242621310655,0.976160699991171
485.742871435718,0.98882095696576
486.24312156078,0.990793279038504
486.743371685843,0.983205569046111
487.243621810905,0.985117575459139
487.743871935968,0.988193674104703
488.244122061031,0.989339671639326
488.744372186093,0.995347111347135
489.244622311156,0.983953483226601
489.744872436218,0.96847648494323
490.245122561281,0.976148636859227
490.745372686343,0.987638770035308
491.245622811406,0.989074282736571
491.745872936468,0.985473437851469
492.246123061531,0.983748409983564
492.746373186593,0.989592997410137
493.246623311656,0.989707597163599
493.746873436718,0.986106752278497
494.247123561781,0.977668591484095
494.747373686843,0.966009574460807
495.247623811906,0.972571918238012
495.747873936968,0.986691814177751
496.248124062031,0.996915318499775
496.748374187094,1.00393002972486
497.248624312156,0.990624395191297
497.748874437219,0.979260924900622
498.249124562281,0.997777832433728
498.749374687344,1.00935240753341
499.249624812406,1.00052219495085
499.749874937469,0.997072139215039
500.250125062531,1.00169231874936
500.750375187594,0.99742800160737
501.250625312656,0.981727835383046
501.750875437719,0.976830203814029
502.251125562781,0.99341097867022
502.751375687844,1.00110122528413
503.251625812906,0.984858218122356
503.751875937969,0.975370564848879
504.252126063032,0.971950666942927
504.752376188094,0.969652640307711
505.252626313157,0.979013630695783
505.752876438219,0.983935388528686
506.253126563282,0.987204497285345
506.753376688344,0.995021406784663
507.253626813407,0.994514755243041
507.753876938469,0.990117743649674
508.254127063532,0.987095929097855
508.754377188594,0.989044124906713
509.254627313657,0.997681327378181
509.754877438719,1.00227738064861
510.255127563782,0.999183187305133
510.755377688844,0.998652409499624
511.255627813907,0.992898295562626
511.755877938969,0.982650664976715
512.256128064032,0.989200945621977
512.756378189095,0.990479637607976
513.256628314157,0.984122367073809
513.75687843922,1.00140883514869
514.257128564282,1.01017270050556
514.757378689345,0.988796830701873
515.257628814407,0.981703709119159
515.75787893947,0.992976705920258
516.258129064532,0.987620675337392
516.758379189595,0.972764928349106
517.258629314657,0.983181442782224
517.75887943972,1.00210246523543
518.259129564782,0.996101057093597
518.759379689845,0.993537641555626
519.259629814907,1.00506396412754
519.75987993997,0.999647617884954
520.260130065033,0.98846509457343
520.760380190095,0.994092545625022
521.260630315158,1.00155359273201
521.76088044022,0.993869377684069
522.261130565283,0.979701229216556
522.761380690345,0.980418985567188
523.261630815408,0.989406018865014
523.76188094047,0.989013967076854
524.262131065533,0.983048748330847
524.762381190595,0.978838715282603
525.262631315658,0.974586461272558
525.76288144072,0.972734770519248
526.263131565783,0.97974948174433
526.763381690845,0.989399987299043
527.263631815908,0.996360414430379
527.76388194097,1.00510015352337
528.264132066033,1.00224119125278
528.764382191096,0.984894407518186
529.264632316158,0.98579914241394
529.764882441221,0.994538881506927
530.265132566283,0.993145589767466
530.765382691346,0.99543758483671
531.265632816408,0.994243334774314
531.765882941471,0.992862106166796
532.266133066533,1.00260911677706
532.766383191596,1.00596869902329
533.266633316658,0.993513515291739
533.766883441721,0.986432456840968
534.267133566783,0.991106920469033
534.767383691846,0.994490628979154
535.267633816908,0.99543758483671
535.767883941971,0.993839219854211
536.268134067034,0.984725523670979
536.768384192096,0.978639673605538
537.268634317159,0.979176482977019
537.768884442221,0.980485332792876
538.269134567284,0.982710980636432
538.769384692346,0.9816735512893
539.269634817409,0.988471126139401
539.769884942471,0.99500934365272
540.270135067534,0.990389164118401
540.770385192596,0.984164588035611
541.270635317659,0.977517802334802
541.770885442721,0.980207880758178
542.271135567784,0.990895815660023
542.771385692846,0.996601677069247
543.271635817909,0.993145589767466
543.771885942971,0.996197562149144
544.272136068034,0.998103536996199
544.772386193097,0.986637530084006
545.272636318159,0.991963402837013
545.772886443222,1.00023267978421
546.273136568284,0.99298273748623
546.773386693347,0.994550944638871
547.273636818409,0.998411146860756
547.773886943472,0.995582342420031
548.274137068534,0.997029918253238
548.774387193597,0.998797167082945
549.274637318659,0.996571519239389
549.774887443722,0.996637866465077
550.275137568784,0.985346774966063
550.775387693847,0.974158220088568
551.275637818909,0.993380820840362
551.775887943972,1.00292275820758
552.276138069035,0.994659512826361
552.776388194097,0.995304890385333
553.27663831916,0.992391644021004
553.776888444222,0.991094857337089
554.277138569285,0.993851282986154
554.777388694347,0.993127495069551
555.27763881941,0.986094689146553
555.777888944472,0.981643393459442
556.278139069535,0.992530370038353
556.778389194597,1.00616170913438
557.27863931966,1.009653985832
557.778889444722,1.00546807904764
558.279139569785,0.997693390510124
558.779389694847,0.994870617635371
559.27963981991,0.991903087177296
559.779889944973,0.985913742167402
560.280140070035,0.989647281503882
560.780390195098,0.996125183357483
561.28064032016,1.00190342355837
561.780890445223,1.00382749310334
562.281140570285,0.989472366090703
562.781390695348,0.975865153258558
563.28164082041,0.981739898514989
563.781890945473,0.990702805548929
564.282141070535,0.990558047965608
564.782391195598,0.990449479778118
565.28264132066,0.99259068569807
565.782891445723,0.995600437117946
566.283141570785,0.993151621333437
566.783391695848,0.988525410233147
567.28364182091,0.983205569046111
567.783891945973,0.980545648452593
568.284142071035,0.992391644021004
568.784392196098,0.995895983850559
569.284642321161,0.989074282736571
569.784892446223,0.986456583104855
570.285142571286,0.989985049198297
570.785392696348,0.994804270409682
571.285642821411,0.994484597413182
571.785892946473,0.998652409499624
572.286143071536,0.99607693082971
572.786393196598,0.984864249688327
573.286643321661,0.978935220338151
573.786893446723,0.980093281004716
574.287143571786,0.985823268677827
574.787393696848,0.988965714549081
575.287643821911,0.994189050680569
575.787893946973,0.997639106416379
576.288144072036,0.991378340937759
576.788394197099,0.992210697041853
577.288644322161,1.00146915080841
577.788894447224,1.00367067238807
578.289144572286,1.00090218360707
578.789394697349,1.00017236412449
579.289644822411,1.00374908274571
579.789894947474,0.998658441065595
580.290145072536,0.992373549323089
580.790395197599,0.996004552038049
581.290645322661,0.987759401354741
581.790895447724,0.984387755976563
582.291145572786,0.991649761406485
582.791395697849,0.995835668190842
583.291645822912,1.00344750444712
583.791895947974,1.0070543808982
584.292146073037,1.01052253133192
584.792396198099,1.00469000703729
585.292646323162,0.989586965844165
585.792896448224,0.992711317017504
586.293146573287,1.00672264476975
586.793396698349,1.01067332048121
587.293646823412,1.00595060432538
587.793896948474,0.99337478927439
588.294147073537,0.985346774966063
588.794397198599,0.992856074600824
589.294647323662,0.99301892688206
589.794897448724,0.990503763871863
590.295147573787,1.00135455105494
590.795397698849,1.01181931801584
591.295647823912,1.01020285833542
591.795897948974,0.997156581138643
592.296148074037,0.985328680268148
592.7963981991,0.974103935994822
593.296648324162,0.975008670890577
593.796898449225,1.00190945512434
594.297148574287,1.01782072615767
594.79739869935,1.00962382800214
595.297648824412,1.00531125833238
595.797898949475,1.00062473157237
596.298149074537,0.98576295301811
596.7983991996,0.974604555970473
597.298649324662,0.977240350300104
597.798899449725,0.990268532798967
598.299149574787,0.993923661777814
598.79939969985,0.988567631194949
599.299649824912,0.98857366276092
599.799899949975,0.995865826020701
600.300150075038,1.00893019791539
600.8004002001,1.00561886819693
601.300650325163,0.98821780036859
601.800900450225,0.988881272625477
602.301150575288,0.99483442823954
602.80140070035,0.987427665226298
603.301650825413,0.983127158688479
603.801900950475,0.987680990997109
604.302151075538,0.994997280520776
604.8024012006,0.99401413526739
605.302651325663,0.992464022812664
605.802901450725,1.00224722281875
606.303151575788,1.00644519273505
606.80340170085,1.00242213823193
607.303651825913,0.995817573492927
607.803901950976,0.988193674104703
608.304152076038,0.987982569295694
608.804402201101,0.988833020097703
609.304652326163,0.996450887919955
609.804902451226,1.0113367927381
610.305152576288,1.01034761591874
610.805402701351,1.00512427978725
611.305652826413,1.00407478730818
611.805902951476,0.998374957464926
612.306153076538,0.993555736253541
612.806403201601,0.996649929597021
613.306653326663,1.00142089828063
613.806903451726,1.00364654612419
614.307153576788,1.00151137177021
614.807403701851,1.00139074045077
615.307653826913,1.01498589015098
615.807903951976,1.01411131308508
616.308154077038,0.993495420593824
616.808404202101,0.984315377184903
617.308654327164,0.989393955733071
617.808904452226,0.997277212458077
618.309154577289,1.00712072812388
618.809404702351,1.01204248595679
619.309654827414,0.998616220103794
619.809904952476,0.983971577924517
620.310155077539,0.984954723177903
620.810405202601,0.992156412948108
621.310655327664,0.999068587551671
621.810905452726,1.00082980481541
622.311155577789,1.00026886918004
622.811405702851,1.00240404353402
623.311655827914,1.00034727953767
623.811905952977,0.994677607524276
624.312156078039,1.0013847088848
624.812406203102,1.01373735599483
625.312656328164,1.00038950049947
625.812906453227,0.980352638341499
626.313156578289,0.985105512327195
626.813406703352,0.99519029063187
627.313656828414,0.991052636375287
627.813906953477,0.982976369539187
628.314157078539,0.990202185573278
628.814407203602,0.999394292114142
629.314657328664,0.997126423308785
629.814907453727,0.998664472631567
630.315157578789,0.997078170781011
630.815407703852,0.986902918986761
631.315657828914,0.986197225768072
631.815907953977,0.991426593465532
632.316158079039,0.990256469667023
632.816408204102,0.995612500249889
633.316658329165,1.00473825956506
633.816908454227,0.990533921701721
634.31715857929,0.984013798886318
634.817408704352,1.00108313058622
635.317658829415,1.00479254365881
635.817908954477,0.99341097867022
636.31815907954,0.987650833167251
636.818409204602,0.996704213690766
637.318659329665,1.00400844008249
637.818909454727,1.00319417867631
638.31915957979,0.998610188537822
638.819409704852,0.997801958697615
639.319659829915,0.996842939708115
639.819909954977,0.988845083229647
640.32016008004,0.990371069420486
640.820410205103,0.995522026760314
641.320660330165,0.995522026760314
641.820910455228,0.998290515541322
642.32116058029,1.00703628620028
642.821410705353,1.00963589113408
643.321660830415,0.993507483725767
643.821910955478,0.978289842779179
644.32216108054,0.989255229715722
644.822411205603,1.01732010618202
645.322661330665,1.02869563960464
645.822911455728,1.01840578805693
646.32316158079,1.00459953354772
646.823411705853,0.990292659062854
647.323661830916,0.978440631928472
647.823911955978,0.977391139449397
648.324162081041,0.987325128604779
648.824412206103,0.989647281503882
649.324662331166,0.980847226751178
649.824912456228,0.984604892351545
650.325162581291,0.998242263013549
650.825412706353,0.999140966343331
651.325662831416,0.989152693094203
651.825912956478,0.989032061774769
652.326163081541,0.996806750312285
652.826413206603,0.995063627746465
653.326663331666,0.990901847225995
653.826913456728,0.9958658260207
654.327163581791,1.00557061566916
654.827413706853,1.00540776338792
655.327663831916,0.990811373736419
655.827913956978,0.984218872129356
656.328164082041,0.993971914305588
656.828414207104,1.00555252097124
657.328664332166,1.01365291407123
657.828914457229,1.01683154933831
658.329164582291,1.0132126097553
658.829414707354,1.01510652147041
659.329664832416,1.01505223737666
659.829914957479,0.996233751544974
660.330165082541,0.992850043034853
660.830415207604,1.00538363712404
661.330665332666,1.00727754883915
661.830915457729,1.01139107683185
662.331165582791,1.01333324107473
662.831415707854,1.0074584958183
663.331665832916,0.997409906909454
663.831915957979,0.984182682733526
664.332166083042,0.985250269910516
664.832416208104,0.997452127871256
665.332666333167,0.997832116527473
665.832916458229,0.996215656847059
666.333166583292,0.995624563381833
666.833416708354,0.989671407767769
667.333666833417,0.988097169049156
667.833916958479,0.994285555736116
668.334167083542,1.00190342355837
668.834417208604,1.00324846277006
669.334667333667,1.00817022060296
669.834917458729,1.00923177621398
670.335167583792,0.995172195933955
670.835417708854,0.983205569046111
671.335667833917,0.98473155523695
671.83591795898,0.989798070653175
672.336168084042,0.997657201114294
672.836418209105,1.00486492245047
673.336668334167,0.998899703704463
673.83691845923,0.997994968808709
674.337168584292,1.00596266745732
674.837418709355,1.00356210420058
675.337668834417,0.993996040569475
675.83791895948,0.986354046483336
676.338169084542,0.988983809246996
676.838419209605,0.997964810978851
677.338669334667,0.996064867697766
677.83891945973,0.99678865561437
678.339169584792,1.00529316363446
678.839419709855,1.00514237448517
679.339669834917,0.999237471398878
679.83991995998,0.995618531815861
680.340170085042,0.990419321948259
680.840420210105,0.987916222070006
681.340670335168,0.987294970774921
681.84092046023,0.980690406035914
682.341170585293,0.985376932795922
682.841420710355,0.996101057093597
683.341670835418,0.993362726142447
683.84192096048,0.988633978420637
684.342171085543,0.991106920469033
684.842421210605,0.990521858569778
685.342671335668,0.989659344635825
685.84292146073,0.991860866215494
686.343171585793,0.989478397656675
686.843421710855,0.992065939458532
687.343671835918,1.00354400950267
687.843921960981,1.00646931899894
688.344172086043,1.0003834689335
688.844422211106,0.99849558878436
689.344672336168,1.00052219495085
689.844922461231,1.00454524945397
690.345172586293,1.00966001739797
690.845422711356,1.01485922726557
691.345672836418,1.01896672369229
691.845922961481,1.00995556413058
692.346173086543,0.991293899014155
692.846423211606,0.992578622566126
693.346673336668,1.00124598286745
693.846923461731,1.00071520506194
694.347173586793,1.00286847411384
694.847423711856,0.996903255367832
695.347673836918,0.991770392725919
695.847923961981,1.0007875838536
696.348174087044,1.00681311825933
696.848424212106,1.0097806487174
697.348674337169,1.01605950889394
697.848924462231,1.01199423342901
698.349174587294,1.00448493379425
698.849424712356,1.0106974467451
699.349674837419,1.0217352124733
699.849924962481,1.02730837943115
700.350175087544,1.02523955230286
700.850425212606,1.01731407461605
701.350675337669,1.00550426844347
701.850925462731,0.998043221336482
702.351175587794,1.0059023517976
702.851425712856,1.0132970516789
703.351675837919,1.00862258805084
703.851925962981,1.00017236412449
704.352176088044,0.997156581138643
704.852426213107,1.00967811209588
705.352676338169,1.02239265316422
705.852926463232,1.00988318533892
706.353176588294,0.997482285701115
706.853426713357,1.01008222701599
707.353676838419,1.0158122146891
707.853926963482,1.00738008546067
708.354177088544,1.00392399815889
708.854427213607,1.003899871895
709.354677338669,1.00244023292985
709.854927463732,0.994719828486078
710.355177588794,0.986486740934714
710.855427713857,0.98771718039294
711.355677838919,0.999376197416227
711.855927963982,1.01514271086624
712.356178089045,1.01630680309878
712.856428214107,1.0003834689335
713.35667833917,0.999255566096793
713.856928464232,1.00722929631137
714.357178589295,1.0013002669612
714.857428714357,1.00123995130148
715.35767883942,1.0085441776932
715.857928964482,1.01256723219633
716.358179089545,1.01587856191479
716.858429214607,1.01464209089059
717.35867933967,1.01034158435277
717.858929464732,1.00715691751971
718.359179589795,1.00758515870371
718.859429714857,1.01242850617898
719.35967983992,1.01090855155411
719.859929964982,1.00135455105494
720.360180090045,1.00361638829433
720.860430215107,1.01000984822433
721.36068034017,1.00089012047512
721.860930465233,0.994520786809012
722.361180590295,0.99995522774951
722.861430715358,1.00876131406819
723.36168084042,1.0160896667238
723.861930965483,1.01619220334531
724.362181090545,1.00943081789104
724.862431215608,1.00259705364511
725.36268134067,1.00341131505129
725.862931465733,1.00771785315508
726.363181590795,1.00547411061361
726.863431715858,1.00520872171086
727.36368184092,1.01107743540132
727.863931965983,1.01551063639051
728.364182091046,1.01836356709513
728.864432216108,1.00920764995009
729.364682341171,0.996686118992851
729.864932466233,0.997035949819209
730.365182591296,1.00318814711034
730.865432716358,1.00891210321748
731.365682841421,1.01077585710273
731.865932966483,1.00800736832172
732.366183091546,1.00880353502999
732.866433216608,1.00547411061361
733.366683341671,0.997723548339983
733.866933466733,1.00458747041577
734.367183591796,1.00654772935657
734.867433716858,1.00324846277006
735.367683841921,1.00976858558546
735.867933966984,1.00314592614854
736.368184092046,0.989345703205297
736.868434217109,0.984074114546035
737.368684342171,0.986999424042308
737.868934467234,0.996378509128295
738.369184592296,0.999213345134991
738.869434717359,1.00417129236373
739.369684842421,1.01178916018598
739.869934967484,1.00272974809649
740.370185092546,0.994846491371484
740.870435217609,0.996058836131795
741.370685342671,0.997458159437228
741.870935467734,1.00250054858957
742.371185592796,1.0033449678256
742.871435717859,1.00179485537088
743.371685842921,1.00081171011749
743.871935967984,1.00091424673901
744.372186093046,1.00075742602375
744.872436218109,0.998200042051747
745.372686343172,1.00485285931853
745.872936468234,1.01019682676945
746.373186593297,1.0049855537699
746.873436718359,1.0033027468638
747.373686843422,0.999219376700963
747.873936968484,0.991354214673872
748.374187093547,0.997566727624719
748.874437218609,1.00619186696424
749.374687343672,1.0080556208495
749.874937468734,1.01078792023468
750.375187593797,1.00797117892589
750.875437718859,1.00877337720013
751.375687843922,1.00658995031838
751.875937968985,0.987964474597779
752.376188094047,0.982150045001065
752.87643821911,1.0003834689335
753.376688344172,1.01563126770995
753.876938469235,1.02023938411232
754.377188594297,1.01511255303638
754.87743871936,1.00163200308964
755.377688844422,0.987391475830468
755.877938969485,0.97680004598417
756.378189094547,0.976510530817529
756.87843921961,0.987126086927713
757.378689344672,1.00715691751971
757.878939469735,1.01348403022402
758.379189594797,1.00733183293289
758.87943971986,1.01006413231807
759.379689844922,1.0034957569749
759.879939969985,0.99614930962137
760.380190095048,1.00561283663096
760.88044022011,1.00525094267266
761.380690345173,0.997681327378181
761.880940470235,1.00769975845717
762.381190595298,1.01925020729296
762.88144072036,1.02039017326161
763.381690845423,1.0139786186337
763.881940970485,1.00132439322509
764.382191095548,0.993127495069551
764.88244122061,0.991872929347438
765.382691345673,0.995612500249889
765.882941470735,0.997687358944153
766.383191595798,0.989412050430986
766.88344172086,0.980690406035914
767.383691845923,0.989828228483033
767.883941970985,1.0106974467451
768.384192096048,1.01674710741471
768.884442221111,0.998489557218388
769.384692346173,0.983935388528686
769.884942471236,0.99405032466322
770.385192596298,1.00472016486715
770.885442721361,1.00049203712099
771.385692846423,1.00454524945397
771.885942971486,1.01069141517913
772.386193096548,1.00658995031838
772.886443221611,1.01192788620333
773.386693346673,1.00949113355076
773.886943471736,1.0016621609195
774.387193596798,1.00864671431472
774.887443721861,1.01502811111278
775.387693846923,1.0135322827518
775.887943971986,1.00739214859261
776.388194097049,1.00241610666596
776.888444222111,1.00531728989835
777.388694347174,1.01095077251591
777.888944472236,1.00374908274571
778.389194597299,0.996607708635219
778.889444722361,0.99750038039903
779.389694847424,0.999382228982199
779.889944972486,1.00356813576656
780.390195097549,1.00231960161041
780.890445222611,1.00205421270766
781.390695347674,1.00183104476671
781.890945472736,1.00001554340923
782.391195597799,1.00607726721078
782.891445722861,1.00637884550937
783.391695847924,1.00190945512434
783.891945972986,1.00782642134257
784.392196098049,1.00710866499194
784.892446223112,0.996619771767162
785.392696348174,0.993163684465381
785.892946473237,0.991939276573127
786.393196598299,0.996167404319285
786.893446723362,1.00590838336357
787.393696848424,1.00379130370751
787.893946973487,0.99614930962137
788.394197098549,0.997590853888605
788.894447223612,1.0025789589472
789.394697348674,1.00967811209588
789.894947473737,1.00871909310638
790.395197598799,0.996830876576172
790.895447723862,1.00088408890915
791.395697848924,1.01198217029707
791.895947973987,1.01347799865805
792.39619809905,1.00867084057861
792.896448224112,1.0038154299714
793.396698349175,1.00990731160281
793.896948474237,1.01312213626572
794.3971985993,1.00858036708903
794.897448724362,1.0091835236862
795.397698849425,1.01054062602984
795.897948974487,1.00979271184935
796.39819909955,1.01482303786974
796.898449224612,1.01631283466475
797.398699349675,1.00701215993639
797.898949474737,0.999623491621067
798.3991995998,0.995871857586672
798.899449724862,0.999557144395378
799.399699849925,1.00685533922113
799.899949974988,1.00470810173521
800.40020010005,1.00027490074601
800.900450225113,0.996306130336634
801.400700350175,0.995540121458229
801.900950475238,0.999551112829406
802.4012006003,0.997060076083096
802.901450725363,0.992252918003655
803.401700850425,1.00240404353402
803.901950975488,1.01396052393579
804.40220110055,1.00842957793974
804.902451225613,1.01382179791844
805.402701350675,1.01720550642856
805.902951475738,0.995612500249889
806.4032016008,0.988036853389439
806.903451725863,0.996794687180341
807.403701850925,0.998688598895454
807.903951975988,0.993145589767466
808.40420210105,0.994231271642371
808.904452226113,1.00294688447147
809.404702351176,1.00489508028033
809.904952476238,1.00344750444712
810.405202601301,1.0006609209682
810.905452726363,1.00435827090885
811.405702851426,1.00890004008553
811.905952976488,1.00811593650921
812.406203101551,1.01336943047056
812.906453226613,1.00684327608919
813.406703351676,1.00750674834607
813.906953476738,1.02157236019207
814.407203601801,1.0181343675882
814.907453726863,1.01485922726557
815.407703851926,1.01446114391144
815.907953976988,1.00678296042947
816.408204102051,0.998477494086445
816.908454227114,0.99782005339553
817.408704352176,1.00679502356141
817.908954477239,1.01524524748776
818.409204602301,1.02194631728231
818.909454727364,1.02232630593853
819.409704852426,1.0118916968075
819.909954977489,1.00445477596439
820.410205102551,1.00958763860631
820.910455227614,1.01554682578634
821.410705352676,1.00739214859261
821.910955477739,1.00479254365881
822.411205602801,1.01068538361316
822.911455727864,1.00275990592635
823.411705852927,0.999629523187039
823.911955977989,1.00879147189804
824.412206103052,1.00707850716208
824.912456228114,1.00178882380491
825.412706353177,1.00228944378056
825.912956478239,1.00224119125278
826.413206603302,1.00244023292985
826.913456728364,1.00031109014184
827.413706853427,1.00254880111734
827.913956978489,1.00578172047817
828.414207103552,0.999707933544671
828.914457228614,0.9955461530242
829.414707353677,1.00274784279441
829.914957478739,1.00786864230437
830.415207603802,1.00264530617289
830.915457728864,1.00100472022859
831.415707853927,0.997434033173341
831.915957978989,0.988694294080354
832.416208104052,0.994044293097248
832.916458229115,1.00551030000944
833.416708354177,1.00573346795039
833.91695847924,1.00190342355837
834.417208604302,1.0010650358883
834.917458729365,1.00721120161346
835.417708854427,1.0144913017413
835.91795897949,1.01275421074145
836.418209104552,1.00537760555806
836.918459229615,0.999762217638416
837.418709354677,1.0040265347804
837.91895947974,1.00006982750297
838.419209604802,0.988235895066505
838.919459729865,1.00213262306529
839.419709854927,1.02100539299073
839.91995997999,1.01569761493564
840.420210105053,0.998435273124643
840.920460230115,0.990310753760769
841.420710355178,0.996010583604021
841.92096048024,1.00721120161346
842.421210605303,1.02516114194523
842.921460730365,1.03116858165304
843.421710855428,1.0170486857133
843.92196098049,1.0049855537699
844.422211105553,0.999285723926652
844.922461230615,1.00236182257222
845.422711355678,1.0146179646267
845.92296148074,1.01941909114017
846.423211605803,1.01020888990139
846.923461730865,1.00838735697794
847.423711855928,1.01450939643921
847.92396198099,1.00506396412754
848.424212106053,0.993326536746617
848.924462231116,0.997265149326134
849.424712356178,1.01501604798083
849.924962481241,1.02747726327836
850.425212606303,1.02210916956355
850.925462731366,1.01360466154346
851.425712856428,1.01450336487324
851.925962981491,1.02168092837956
852.426213106553,1.02592111925766
852.926463231616,1.02026351037621
853.426713356678,1.00971430149171
853.926963481741,1.01678329681054
854.427213606803,1.02146379200458
854.927463731866,1.00624011949202
855.427713856928,1.00140883514869
855.927963981991,1.00470207016923
856.428214107054,1.00932224970355
856.928464232116,1.01544428916482
857.428714357179,1.01133076117213
857.928964482241,1.00678899199544
858.429214607304,1.01369513503303
858.929464732366,1.0200524055672
859.429714857429,1.01833944083124
859.929964982491,1.02148791826846
860.430215107554,1.0277245574832
860.930465232616,1.0238884815252
861.430715357679,1.01694011752581
861.930965482741,1.01590268817867
862.431215607804,1.01492557449126
862.931465732866,1.01700646475149
863.431715857929,1.01552873108843
863.931965982992,1.00889400851956
864.432216108054,1.01035967905069
864.932466233117,1.00639090864131
865.432716358179,1.00174057127713
865.932966483242,1.01236819051926
866.433216608304,1.02039620482759
866.933466733367,1.01802579940071
867.433716858429,1.00966604896394
867.933966983492,0.999520954999548
868.434217108554,0.996384540694266
868.934467233617,0.997415938475426
869.434717358679,1.0033449678256
869.934967483742,1.0100158797903
870.435217608804,1.01433448102603
870.935467733867,1.01752517942506
871.435717858929,1.01672298115082
871.935967983992,1.02006446869914
872.436218109054,1.02110792961225
872.936468234117,1.01920195476519
873.43671835918,1.02279676808432
873.936968484242,1.02431672270919
874.437218609305,1.01839975649096
874.937468734367,1.00578775204414
875.43771885943,1.00868290371055
875.937968984492,1.02107174021642
876.438219109555,1.01939496487629
876.938469234617,1.01013651110973
877.43871935968,1.00120376190565
877.938969484742,1.01223549606788
878.439219609805,1.0297692583476
878.939469734867,1.03081271926071
879.43971985993,1.02035398386578
879.939969984992,1.00422557645747
880.440220110055,1.0057756889122
880.940470235118,1.01264564255396
881.44072036018,1.00231357004444
881.940970485243,1.00526903737057
882.441220610305,1.01678932837651
882.941470735368,1.00535347929418
883.44172086043,0.990793279038504
883.941970985493,0.99234339149323
884.442221110555,0.998875577440577
884.942471235618,1.0062642457559
885.44272136068,1.00981683811323
885.942971485743,1.00178882380491
886.443221610805,0.995377269176993
886.943471735868,0.997512443530973
887.443721860931,1.00283831628398
887.943971985993,1.01066125734927
888.444222111056,1.00873115623833
888.944472236118,1.00506999569351
889.444722361181,1.01847816684859
889.944972486243,1.02253137918157
890.445222611306,1.01084220432842
890.945472736368,1.003260525902
891.445722861431,1.00517253231503
891.945972986493,1.01719947486259
892.446223111556,1.02039620482759
892.946473236618,1.01076379397079
893.446723361681,1.00496142750602
893.946973486743,1.01076379397079
894.447223611806,1.01573380433147
894.947473736868,1.00739214859261
895.447723861931,1.00379130370751
895.947973986993,1.00872512467236
896.448224112056,1.0112945717763
896.948474237119,1.01363481937332
897.448724362181,1.00776007411688
897.948974487244,1.00651153996074
898.449224612306,1.01789310494933
898.949474737369,1.01798357843891
899.449724862431,1.01275421074145
899.949974987494,1.01330308324487
900.450225112556,1.01079998336662
900.950475237619,1.00970826992574
901.450725362681,1.00883972442582
901.950975487744,1.01182534958181
902.451225612806,1.01902703935201
902.951475737869,1.0133392726407
903.451725862931,1.00361035672836
903.951975987994,1.0068613707871
904.452226113057,1.01706678041121
904.952476238119,1.02071587782409
905.452726363182,1.01506430050861
905.952976488244,1.00970826992574
906.453226613307,1.01144536092559
906.953476738369,1.01418369187674
907.453726863432,1.00849592516543
907.953976988494,1.00836926228003
908.454227113557,1.01683758090429
908.954477238619,1.00637281394339
909.454727363682,1.00043172146127
909.954977488744,1.01111362479715
910.455227613807,1.01209677005053
910.955477738869,1.00893622948136
911.455727863932,1.00510618508934
911.955977988995,1.0007453628918
912.456228114057,0.997265149326134
912.95647823912,0.995461711100597
913.456728364182,1.00195167608614
913.956978489245,1.01227168546371
914.457228614307,1.02299580976139
914.95747873937,1.03441959571178
915.457728864432,1.03435324848609
915.957978989495,1.02056508867479
916.458229114557,1.00625821418993
916.95847923962,1.00351988323878
917.458729364682,1.00896638731122
917.958979489745,1.00437636560676
918.459229614807,0.996903255367832
918.95947973987,0.998127663260086
919.459729864932,1.00339925191935
919.959979989995,1.00981683811323
920.460230115058,1.0065839187524
920.96048024012,1.00084186794735
921.460730365183,1.00004570123909
921.960980490245,1.00091424673901
922.461230615308,1.01398465019967
922.96148074037,1.02449163812237
923.461730865433,1.01851435624442
923.961980990495,1.01277833700534
924.462231115558,1.01353831431777
924.96248124062,1.01288087362685
925.462731365683,1.0080133998877
925.962981490745,1.0048166699227
926.463231615808,1.01083617276245
926.96348174087,1.02039017326161
927.463731865933,1.01367100876915
927.963981990996,1.00140280358272
928.464232116058,1.00088408890915
928.964482241121,1.00435223934288
929.464732366183,1.00871909310638
929.964982491246,1.00757309557176
930.465232616308,1.00332687312769
930.965482741371,1.0067347079017
931.465732866433,1.01231993799149
931.965982991496,1.01342371456431
932.466233116558,1.02464845883763
932.966483241621,1.02848453479563
933.466733366683,1.01419575500868
933.966983491746,1.01288087362685
934.467233616808,1.0109748987798
934.967483741871,1.01057078385969
935.467733866933,1.0164515606821
935.967983991996,1.01083617276245
936.468234117059,1.0180499256646
936.968484242121,1.02955212197262
937.468734367184,1.02444338559459
937.968984492246,1.02893087067754
938.469234617309,1.0365668331977
938.969484742371,1.03282726229525
939.469734867434,1.02439513306682
939.969984992496,1.01090251998814
940.470235117559,1.00304338952702
940.970485242621,1.00662613971421
941.470735367684,1.01832134613332
941.970985492746,1.01853245094233
942.471235617809,1.01072760457496
942.971485742871,1.01304372590809
943.471735867934,1.0226097895392
943.971985992996,1.02941942752124
944.472236118059,1.01650584477584
944.972486243122,1.00540173182195
945.472736368184,1.01380973478649
945.972986493247,1.0236954714141
946.473236618309,1.0220548854698
946.973486743372,1.01287484206088
947.473736868434,1.01255516906438
947.973986993497,1.01267580038382
948.474237118559,1.0068613707871
948.974487243622,1.00839942010988
949.474737368684,1.01452749113713
949.974987493747,1.02530589952855
950.475237618809,1.02217551678924
950.975487743872,1.00511221665531
951.475737868935,1.00491920654422
951.975987993997,1.00801943145367
952.47623811906,1.0106130048215
952.976488244122,1.01910544970964
953.476738369185,1.01601125636616
953.976988494247,1.01026317399514
954.47723861931,1.01040190001249
954.977488744372,1.00990128003684
955.477738869435,1.01630680309878
955.977988994497,1.02263994736906
956.47823911956,1.01990764798388
956.978489244622,1.01632489779669
957.478739369685,1.01296531555046
957.978989494747,1.0196905116089
958.47923961981,1.02897309163934
958.979489744872,1.01598109853631
959.479739869935,1.00811593650921
959.979989994997,1.01374338756081
960.48024012006,1.00757309557176
960.980490245123,0.998634314801709
961.480740370185,0.996740403086596
961.980990495248,1.00406272417623
962.48124062031,1.00779023194674
962.981490745373,1.00225325438473
963.481740870435,0.999122871645416
963.981990995498,0.999418418378029
964.48224112056,1.010293331825
964.982491245623,1.02030573133801
965.482741370685,1.02006446869914
965.982991495748,1.01891243959855
966.48324162081,1.01085426746036
966.983491745873,1.0113367927381
967.483741870935,1.02190409632051
967.983991995998,1.0210114245567
968.484242121061,1.02061937276854
968.984492246123,1.01050443663401
969.484742371186,0.994291587302088
969.984992496248,1.00122185660357
970.485242621311,1.01263961098799
970.985492746373,1.00676486573155
971.485742871436,1.00208437053752
971.985992996498,1.01494970075515
972.486243121561,1.02344817720926
972.986493246623,1.01330308324487
973.486743371686,1.00973239618963
973.986993496748,1.01236215895329
974.487243621811,0.9958658260207
974.987493746873,0.988609852156751
975.487743871936,1.00151740333618
975.987993996999,1.01282658953311
976.488244122061,1.02236249533436
976.988494247124,1.02479924798692
977.488744372186,1.01536587880719
977.988994497249,1.0068191498253
978.489244622311,1.01731407461605
978.989494747374,1.03403357548959
979.489744872436,1.03799631433299
979.989994997499,1.03223616883003
980.490245122561,1.01671091801888
980.990495247624,1.00423763958941
981.490745372686,1.00584203613789
981.990995497749,1.00342940974921
982.491245622811,1.00027490074601
982.991495747874,1.01189772837347
983.491745872936,1.02154823392818
983.991995997999,1.01887625020272
984.492246123061,1.01175900235612
984.992496248124,1.00599885685315
985.492746373187,1.00765753749537
985.992996498249,1.01644552911613
986.493246623312,1.02115015057405
986.993496748374,1.01573380433147
987.493746873437,1.01066125734927
987.993996998499,1.00701215993639
988.494247123562,1.01377957695664
988.994497248624,1.02665093874023
989.494747373687,1.02058921493868
989.994997498749,1.00565505759276
990.495247623812,0.998031158204539
990.995497748874,1.005178563881
991.495747873937,1.01608363515782
991.995997999,1.01050443663401
992.496248124062,1.00194564452017
992.996498249125,1.00519665857891
993.496748374187,1.01214502257831
993.99699849925,1.02169902307747
994.497248624312,1.02498019496608
994.997498749375,1.01459383836282
995.497748874437,1.0014269298466
995.9979989995,0.989454271392788
996.498249124562,0.987210528851317
996.998499249625,0.997247054628219
997.498749374687,1.00772991628703
997.99899949975,1.01181931801584
998.499249624812,1.009653985832
998.999499749875,1.00642106647117
999.499749874937,1.00392399815889
1000,1.00060462635246
