0,0.878308594710361
0.500250125062531,0.872858069593939
1.00050025012506,0.87236348118426
1.50075037518759,0.878648372926767
2.00100050025013,0.87969183383987
2.50125062531266,0.87723698648939
3.00150075037519,0.873527573416797
3.50175087543772,0.868714383771384
4.00200100050025,0.867109987222913
4.50225112556278,0.877858237784475
5.00250125062531,0.892701921640818
5.50275137568784,0.893576498706714
6.00300150075037,0.901091829907446
6.50325162581291,0.906900227938189
7.00350175087544,0.89868523508474
7.50375187593797,0.89623038773426
8.0040020010005,0.896314829657863
8.50425212606303,0.899342675775655
9.00450225112556,0.900880725098437
9.50475237618809,0.894885348522572
10.0050025012506,0.889064887359885
10.5052526263132,0.883208236801369
11.0055027513757,0.875228475020815
11.5057528764382,0.874064382788278
12.0060030015007,0.875674810902721
12.5062531265633,0.873304405475844
13.0065032516258,0.878835351471889
13.5067533766883,0.885078022252594
14.0070035017509,0.879794370461389
14.5072536268134,0.870294654055968
15.0075037518759,0.868044879948526
15.5077538769385,0.875614495243004
16.008004002001,0.878630278228852
16.5082541270635,0.879818496725276
17.0085042521261,0.882448259488935
17.5087543771886,0.882496512016709
18.0090045022511,0.886254177617075
18.5092546273137,0.883612351721472
19.0095047523762,0.879613423482238
19.5097548774387,0.883268552461086
20.0100050025013,0.887490648641273
20.5102551275638,0.885928473054603
21.0105052526263,0.883757109304793
21.5107553776888,0.889800738408432
22.0110055027514,0.88666432410315
22.5112556278139,0.878419173419842
23.0115057528764,0.878238226440691
23.511755877939,0.873835183281354
24.0120060030015,0.87335868956959
24.512256128064,0.881585745554983
25.0125062531266,0.880843862940464
25.5127563781891,0.872387607448147
26.0130065032516,0.873539636548741
26.5132566283142,0.878009026933767
27.0135067533767,0.87478213913891
27.5137568784392,0.878485520645531
28.0140070035017,0.882918721634727
28.5142571285643,0.875282759114561
29.0145072536268,0.873847246413297
29.5147573786893,0.885102148516481
30.0150075037519,0.896495776637014
30.5152576288144,0.894426949508723
31.0155077538769,0.879082645676729
31.5157578789395,0.875741158128409
32.016008004002,0.892014323120044
32.5162581290645,0.898244930768806
33.0165082541271,0.891242282675667
33.5167583791896,0.897943352470221
34.0170085042521,0.904475538417568
34.5172586293147,0.894831064428826
35.0175087543772,0.891670523859658
35.5177588794397,0.897521142852203
36.0180090045023,0.896550060730759
36.5182591295648,0.885705305113651
37.0185092546273,0.883684730513133
37.5187593796898,0.8906813470403
38.0190095047524,0.887357954189895
38.5192596298149,0.885307221759519
39.0195097548774,0.884486928787368
39.51975987994,0.876826840003315
40.0200100050025,0.869462297951874
40.520260130065,0.872417765278005
41.0205102551276,0.88790682669332
41.5207603801901,0.893075878731063
42.0210105052526,0.88765953248848
42.5212606303152,0.892792395130393
43.0215107553777,0.898377625220183
43.5217608804402,0.888329036311338
44.0220110055028,0.877514438524088
44.5222611305653,0.880174359117606
45.0225112556278,0.893570467140742
45.5227613806903,0.908733823993585
46.0230115057529,0.904294591438417
46.5232616308154,0.892478753699865
47.0235117558779,0.890126442970904
47.5237618809405,0.878533773173304
48.024012006003,0.868979772674139
48.5242621310655,0.875680842468692
49.0245122561281,0.881440987971662
49.5247623811906,0.882816185013208
50.0250125062531,0.884161224224897
50.5252626313157,0.887653500922508
51.0255127563782,0.891284503637469
51.5257628814407,0.89534374753642
52.0260130065032,0.89896871868541
52.5262631315658,0.894493296734411
53.0265132566283,0.895771988720411
53.5267633816908,0.898878245195834
54.0270135067534,0.89797351030008
54.5272636318159,0.903637150747502
55.0275137568784,0.899517591188834
55.527763881941,0.891067367262488
56.0280140070035,0.894445044206638
56.528264132066,0.894125371210138
57.0285142571286,0.889879148766064
57.5287643821911,0.891290535203441
58.0290145072536,0.89800969969591
58.5292646323162,0.901230555924795
59.0295147573787,0.893371425463676
59.5297648824412,0.889324244696668
60.0300150075037,0.896194198338429
60.5302651325663,0.901658797108786
61.0305152576288,0.899801074789503
61.5307653826913,0.893317141369931
62.0310155077539,0.884366297467934
62.5312656328164,0.882068270832718
63.0315157578789,0.893697130026147
63.5317658829415,0.905139010674454
64.032016008004,0.897153217327929
64.5322661330665,0.884088845433236
65.0325162581291,0.882026049870916
65.5327663831916,0.880415621756474
66.0330165082541,0.875306885378447
66.5332666333167,0.870276559358053
67.0335167583792,0.877834111520588
67.5337668834417,0.887321764794065
68.0340170085043,0.884673907332491
68.5342671335668,0.888847750984904
69.0345172586293,0.888455699196744
69.5347673836918,0.877399838770626
70.0350175087544,0.888491888592574
70.5352676338169,0.900874693532465
71.0355177588794,0.888799498457131
71.535767883942,0.881290198822369
72.0360180090045,0.877791890558786
72.536268134067,0.875029433343749
73.0365182591296,0.885970694016405
73.5367683841921,0.894734559373279
74.0370185092546,0.895639294269033
74.5372686343172,0.903136530771851
75.0375187593797,0.908830329049132
75.5377688844422,0.904964095261275
76.0380190095048,0.903353667146832
76.5382691345673,0.894933601050345
77.0385192596298,0.880572442471738
77.5387693846923,0.878545836305248
78.0390195097549,0.880361337662728
78.5392696348174,0.886941776137848
79.0395197598799,0.902853047171181
79.5397698849425,0.908595097976236
80.040020010005,0.903793971462766
80.5402701350675,0.89758145851192
81.0405202601301,0.897394479966797
81.5407703851926,0.905874861723001
82.0410205102551,0.910675988236471
82.5412706353177,0.906592618073633
83.0415207603802,0.891954007460327
83.5417708854427,0.884498991919312
84.0420210105053,0.902690194889946
84.5422711355678,0.915784724614497
85.0425212606303,0.909801411170575
85.5427713856928,0.905597409688303
86.0430215107554,0.899421086133287
86.5432716358179,0.891616239765912
87.0435217608804,0.887701753450282
87.543771885943,0.888244594387735
88.0440220110055,0.888630614609923
88.544272136068,0.889125203019602
89.0445222611306,0.903420014372521
89.5447723861931,0.908836360615104
90.0450225112556,0.898691266650711
90.5452726363182,0.896284671828005
91.0455227613807,0.900723904383173
91.5457728864432,0.898588730029193
92.0460230115058,0.886857334214245
92.5462731365683,0.889432812884159
93.0465232616308,0.896399271581467
93.5467733866933,0.888841719418932
94.0470235117559,0.887164944078801
94.5472736368184,0.889993748519526
95.0475237618809,0.894909474786458
95.5477738869435,0.901526102657408
96.048024012006,0.904903779601558
96.5482741370685,0.912177848163423
97.0485242621311,0.909529990701849
97.5487743871936,0.89658625012659
98.0490245122561,0.89139307182496
98.5492746373187,0.893305078237987
99.0495247623812,0.897611616341778
99.5497748874437,0.907382753215925
100.050025012506,0.91735896333311
100.550275137569,0.913631455562602
101.050525262631,0.904535854077285
101.550775387694,0.902448932251078
102.051025512756,0.905120915976539
102.551275637819,0.909439517212273
103.051525762881,0.897310038043193
103.551775887944,0.883654572683274
104.052026013006,0.896893859991146
104.552276138069,0.905705977875794
105.052526263132,0.896308798091892
105.552776388194,0.885844031131
106.053026513257,0.88595259931849
106.553276638319,0.897340195873052
107.053526763382,0.906212629417416
107.553776888444,0.910591546312867
108.054027013507,0.90736465851801
108.554277138569,0.897539237550118
109.054527263632,0.89982520105339
109.554777388694,0.90914397047966
110.055027513757,0.909228412403264
110.555277638819,0.909312854326868
111.055527763882,0.907069111785397
111.555777888944,0.901453723865748
112.056028014007,0.906912291070133
112.55627813907,0.911785796375263
113.056528264132,0.909831569000433
113.556778389195,0.911116292552405
114.057028514257,0.909156033611603
114.55727863932,0.900953103890097
115.057528764382,0.89495169574826
115.557778889445,0.900808346306777
116.058029014507,0.91045885186149
116.55827913957,0.911339460493357
117.058529264632,0.909367138420613
117.558779389695,0.905464715236926
118.059029514757,0.897515111286231
118.55927963982,0.891966070592271
119.059529764882,0.89975282226173
119.559779889945,0.90252734260871
120.060030015007,0.884312013374189
120.56028014007,0.88072323162103
121.060530265133,0.894517422998298
121.560780390195,0.902442900685106
122.061030515258,0.907105301181227
122.56128064032,0.911508344340565
123.061530765383,0.913752086882036
123.561780890445,0.916544701926931
124.062031015508,0.921774069624391
124.56228114057,0.924265106370701
125.062531265633,0.922117868884777
125.562781390695,0.916237092062374
126.063031515758,0.914512064194469
126.56328164082,0.913547013638998
127.063531765883,0.909336980590754
127.563781890945,0.910054736941386
128.064032016008,0.914174296500054
128.564282141071,0.911520407472508
129.064532266133,0.901839744087937
129.564782391196,0.896507839768958
130.065032516258,0.898021762827853
130.565282641321,0.901079766775503
131.065532766383,0.902358458761502
131.565782891446,0.907135459011085
132.066033016508,0.912268321652998
132.566283141571,0.902412742855248
133.066533266633,0.894885348522572
133.566783391696,0.896429429411326
134.067033516758,0.891718776387431
134.567283641821,0.893112068126893
135.067533766883,0.899692506602013
135.567783891946,0.899535685886749
136.068034017009,0.901483881695607
136.568284142071,0.910169336694848
137.068534267134,0.908920802538707
137.568784392196,0.894095213380279
138.069034517259,0.890627062946554
138.569284642321,0.902056880462918
139.069534767384,0.903552708823898
139.569784892446,0.902871141869097
140.070035017509,0.915042841999978
140.570285142571,0.917907835836534
141.070535267634,0.908975086632453
141.570785392696,0.900162968747805
142.071035517759,0.890838167755564
142.571285642821,0.884915169971359
143.071535767884,0.885638957887962
143.571785892946,0.895422157894052
144.072036018009,0.90867953989984
144.572286143072,0.915947576895733
145.072536268134,0.906936417334019
145.572786393197,0.890795946793762
146.073036518259,0.895826272814156
146.573286643322,0.915525367277714
147.073536768384,0.918263698228864
147.573786893447,0.911803891073178
148.074037018509,0.91568821955895
148.574287143572,0.918040530287911
149.074537268634,0.916864374923431
149.574787393697,0.921026155443901
150.075037518759,0.921442333495948
150.575287643822,0.90974712707683
151.075537768884,0.902473058514965
151.575787893947,0.899354738907598
152.07603801901,0.8932809519741
152.576288144072,0.897454795626514
153.076538269135,0.901121987737305
153.576788394197,0.899915674542966
154.07703851926,0.908390024733198
154.577288644322,0.914035570482705
155.077538769385,0.902062912028889
155.577788894447,0.894077118682364
156.07803901951,0.89705068070641
156.578289144572,0.901646733976842
157.078539269635,0.909234443969235
157.578789394697,0.907298311292321
158.07903951976,0.905681851611907
158.579289644822,0.911224860739895
159.079539769885,0.914614600815988
159.579789894947,0.928710370491841
160.08004002001,0.93930783190411
160.580290145073,0.929904620554237
161.080540270135,0.91977762128776
161.580790395198,0.914680948041677
162.08104052026,0.906073903400067
162.581290645323,0.897412574664712
163.081540770385,0.893160320654667
163.581790895448,0.891447355918705
164.08204102051,0.898088110053542
164.582291145573,0.911508344340565
165.082541270635,0.909759190208773
165.582791395698,0.89427616035943
166.08304152076,0.897400511532769
166.583291645823,0.925224125360201
167.083541770885,0.936846952987658
167.583791895948,0.921605185777183
168.084042021011,0.915223788979129
168.584292146073,0.911701354451659
169.084542271136,0.908601129542208
169.584792396198,0.91010298946916
170.085042521261,0.905422494275124
170.585292646323,0.910235683920537
171.085542771386,0.909958231885839
171.585792896448,0.904035234101634
172.086043021511,0.909903947792094
172.586293146573,0.912183879729395
173.086543271636,0.914071759878535
173.586793396698,0.916804059263714
174.087043521761,0.91056742004898
174.587293646823,0.907467195139529
175.087543771886,0.908655413635953
175.587793896948,0.908673508333868
176.088044022011,0.915091094527752
176.588294147074,0.921152818329306
177.088544272136,0.917913867402506
177.588794397199,0.912606089347413
178.089044522261,0.915320294034676
178.589294647324,0.919083991201014
179.089544772386,0.917624352235864
179.589794897449,0.908558908580406
180.090045022511,0.89986139044922
180.590295147574,0.901061672077588
181.090545272636,0.900995324851899
181.590795397699,0.904813306111983
182.091045522761,0.913818434107724
182.591295647824,0.909789348038631
183.091545772886,0.898739519178485
183.591795897949,0.895144705859354
184.092046023012,0.900826441004692
184.592296148074,0.910724240764244
185.092546273137,0.911677228187772
185.592796398199,0.908577003278321
186.093046523262,0.910320125844141
186.593296648324,0.919445885159316
187.093546773387,0.928155466422445
187.593796898449,0.9177872045171
188.094047023512,0.907406879479812
188.594297148574,0.915923450631846
189.094547273637,0.923710202301305
189.594797398699,0.919470011423203
190.095047523762,0.914711105871535
190.595297648824,0.912992109569602
191.095547773887,0.912461331764093
191.595797898949,0.915465051617997
192.096048024012,0.916056145083223
192.596298149075,0.912002932750244
193.096548274137,0.906254850379218
193.5967983992,0.908293519677651
194.097048524262,0.920863303162665
194.597298649325,0.922787372707636
195.097548774387,0.913456540149422
195.59779889945,0.914680948041677
196.098049024512,0.920959808218212
196.598299149575,0.918607497489251
197.098549274637,0.91494030537846
197.5987993997,0.911496281208621
198.099049524762,0.907123395879142
198.599299649825,0.90395079217803
199.099549774887,0.902328300931644
199.59979989995,0.909596337927537
200.100050025013,0.909674748285169
200.600300150075,0.902123227688606
201.100550275138,0.911743575413461
201.6008004002,0.927027563585738
202.101050525263,0.930157946325048
202.601300650325,0.922328973693787
203.101550775388,0.911435965548904
203.60180090045,0.913914939163271
204.102051025513,0.921002029180014
204.602301150575,0.916653270114421
205.102551275638,0.914813642493054
205.6028014007,0.91323337220847
206.103051525763,0.90629707134102
206.603301650825,0.90466251696269
207.103551775888,0.908377961601255
207.60380190095,0.90914397047966
208.104052026013,0.908450340392915
208.604302151076,0.906502144584057
209.104552276138,0.900229315973494
209.604802401201,0.902901299698955
210.105052526263,0.911405807719046
210.605302651326,0.914367306611149
211.105552776388,0.917328805503251
211.605802901451,0.915869166538101
212.106053026513,0.91398128638896
212.606303151576,0.92056172486408
213.106553276638,0.925103494040767
213.606803401701,0.919421758895429
214.107053526763,0.913462571715394
214.607303651826,0.912497521159923
215.107553776888,0.902189574914295
215.607803901951,0.890259137422281
216.108054027014,0.899758853827702
216.608304152076,0.916194871100572
217.108554277139,0.920362683187014
217.608804402201,0.918112909079572
218.109054527264,0.904795211414067
218.609304652326,0.898076046921598
219.109554777389,0.910633767274669
219.609804902451,0.910772493292018
220.110055027514,0.909704906115028
220.610305152576,0.922618488860428
221.110555277639,0.925646334978219
221.610805402701,0.927419615373898
222.111055527764,0.922986414384702
222.611305652826,0.902298143101785
223.111555777889,0.901164208699107
223.611805902951,0.917057385034525
224.112056028014,0.91572440895478
224.612306153077,0.910314094278169
225.112556278139,0.921394080968174
225.612806403202,0.928553549776577
226.113056528264,0.92290800402707
226.613306653327,0.916852311791487
227.113556778389,0.918517023999675
227.613806903452,0.921774069624391
228.114057028514,0.916568828190817
228.614307153577,0.907093238049284
229.114557278639,0.904379033362021
229.614807403702,0.918046561853883
230.115057528764,0.930079535967416
230.615307653827,0.914674916475705
231.115557778889,0.89726178551542
231.615807903952,0.912503552725895
232.116058029015,0.93240772043249
232.616308154077,0.926641543363549
233.11655827914,0.922220405506296
233.616808404202,0.922714993915975
234.117058529265,0.918360203284411
234.617308654327,0.929645263217454
235.11755877939,0.933746728078207
235.617808904452,0.922540078502796
236.118059029515,0.928221813648133
236.618309154577,0.936666006008507
237.11855927964,0.927672941144709
237.618809404702,0.916912627451204
238.119059529765,0.9119908696183
238.619309654827,0.915193631149271
239.11955977989,0.918649718451052
239.619809904952,0.91497649477429
240.120060030015,0.91608027134711
240.620310155078,0.924222885408899
241.12056028014,0.936485059029357
241.620810405203,0.939959241029053
242.121060530265,0.933101350519235
242.621310655328,0.92920495890152
243.12156078039,0.921430270364004
243.621810905453,0.912268321652998
244.122061030515,0.914602537684045
244.622311155578,0.92547141956504
245.12256128064,0.927395489110011
245.622811405703,0.919108117464901
246.123061530765,0.916659301680393
246.623311655828,0.912087374673848
247.12356178089,0.91053123065315
247.623811905953,0.927504057297502
248.124062031016,0.936684100706422
248.624312156078,0.921786132756334
249.124562281141,0.908317645941538
249.624812406203,0.909662685153226
250.125062531266,0.915139347055526
250.625312656328,0.922841656801381
251.125562781391,0.926816458776728
251.625812906453,0.91743134212477
252.126063031516,0.916249155194318
252.626313156578,0.925272377887974
253.126563281641,0.922431510315306
253.626813406703,0.921213133989023
254.127063531766,0.928873222773077
254.627313656828,0.925851408221257
255.127563781891,0.919391601065571
255.627813906953,0.916297407722091
256.128064032016,0.912352763576602
256.628314157079,0.91536854656245
257.128564282141,0.916659301680393
257.628814407204,0.920742671843231
258.129064532266,0.934174969262197
258.629314657329,0.935532071605829
259.129564782391,0.92603838676638
259.629814907454,0.921128692065419
260.130065032516,0.923541318454098
260.630315157579,0.923330213645088
261.130565282641,0.913649550260517
261.630815407704,0.916249155194317
262.131065532766,0.92895766469668
262.631315657829,0.925935850144861
263.131565782891,0.914306990951432
263.631815907954,0.912449268632149
264.132066033016,0.914222549027828
264.632316158079,0.917732920423355
265.132566283142,0.923474971228409
265.632816408204,0.918758286638543
266.133066533267,0.912992109569602
266.633316658329,0.914813642493054
267.133566783392,0.926388217592738
267.633816908454,0.930537934981265
268.134067033517,0.92048934607242
268.634317158579,0.918987486145467
269.134567283642,0.921303607478599
269.634817408704,0.934193063960112
270.135067533767,0.937190752248045
270.635317658829,0.91373399218412
271.135567783892,0.9087519186915
271.635817908954,0.921930890339655
272.136068034017,0.920374746318957
272.63631815908,0.9119908696183
273.136568284142,0.916538670360959
273.636818409205,0.91953032708292
274.137068534267,0.911972774920385
274.63731865933,0.905549157160529
275.137568784392,0.901749270598361
275.637818909455,0.905537094028586
276.138069034517,0.913124804020979
276.63831915958,0.912515615857838
277.138569284642,0.913848591937583
277.638819409705,0.917744983555298
278.139069534767,0.912298479482857
278.63931965983,0.905271705125831
279.139569784892,0.908522719184575
279.639819909955,0.914988557906233
280.140070035018,0.920833145332806
280.64032016008,0.930495714019463
281.140570285143,0.931020460259
281.640820410205,0.932739456560933
282.141070535268,0.942311551758015
282.64132066033,0.938421191706271
283.141570785393,0.929337653352897
283.641820910455,0.932872151012311
284.142071035518,0.937383762359139
284.64232116058,0.92365591820756
285.142571285643,0.906176440021586
285.642821410705,0.902225764310125
286.143071535768,0.89676719710574
286.64332166083,0.902274016837899
287.143571785893,0.916659301680393
287.643821910955,0.909686811417113
288.144072036018,0.903245098959342
288.644322161081,0.906532302413916
289.144572286143,0.911001692798942
289.644822411206,0.920730608711287
290.145072536268,0.920061104888429
290.645322661331,0.912974014871687
291.145572786393,0.926291712537191
291.645822911456,0.94439244201825
292.146073036518,0.945508281723013
292.646323161581,0.933620065192801
293.146573286643,0.912895604514055
293.646823411706,0.91088709304548
294.147073536768,0.927721193672483
294.647323661831,0.930115725363246
295.147573786893,0.922805467405551
295.647823911956,0.918167193173317
296.148074037018,0.916779932999827
296.648324162081,0.913818434107724
297.148574287144,0.911484218076678
297.648824412206,0.916357723381808
298.149074537269,0.921617248909127
298.649324662331,0.925724745335851
299.149574787394,0.913721929052177
299.649824912456,0.899318549511768
300.150075037519,0.905386304879294
300.650325162581,0.909053496990085
301.150575287644,0.915989797857535
301.650825412706,0.924856199835927
302.151075537769,0.911116292552405
302.651325662831,0.906876101674302
303.151575787894,0.928975759394595
303.651825912956,0.94343342302875
304.152076038019,0.940725249907459
304.652326163082,0.93333055002616
305.152576288144,0.926798364078813
305.652826413207,0.922642615124315
306.153076538269,0.92472350538455
306.653326663332,0.930037315005614
307.153576788394,0.927654846446794
307.653826913457,0.912509584291866
308.154077038519,0.904891716469615
308.654327163582,0.911345492059329
309.154577288644,0.915742503652695
309.654827413707,0.916991037808836
310.155077538769,0.910127115733046
310.655327663832,0.909867758396264
311.155577788894,0.926309807235106
311.655827913957,0.928451013155058
312.15607803902,0.91817925630526
312.656328164082,0.922208342374353
313.156578289145,0.933632128324744
313.656828414207,0.938620233383337
314.15707853927,0.938137708105601
314.657328664332,0.93692536334529
315.157578789395,0.92547141956504
315.657828914457,0.910308062712197
316.15807903952,0.908866518444962
316.658329164582,0.912992109569602
317.158579289645,0.922045490093117
317.658829414707,0.932136299963764
318.15907953977,0.933927675057358
318.659329664832,0.927256763092662
319.159579789895,0.9213458284404
319.659829914957,0.924639063460946
320.16008004002,0.927540246693332
320.660330165083,0.928607833870322
321.160580290145,0.931418543613132
321.660830415208,0.930387145831972
322.16108054027,0.92817356112036
322.661330665333,0.929976999345897
323.161580790395,0.931135060012462
323.661830915458,0.929687484179256
324.16208104052,0.931659806252
324.662331165583,0.930845544845821
325.162581290645,0.91735896333311
325.662831415708,0.91266640500713
326.16308154077,0.921490586023721
326.663331665833,0.928348476533539
327.163581790895,0.932829930050509
327.663831915958,0.935694923887064
328.16408204102,0.941358564334487
328.664332166083,0.942570909094797
329.164582291146,0.935731113282895
329.664832416208,0.924820010440097
330.165082541271,0.919584611176665
330.665332666333,0.931255691331896
331.165582791396,0.945653039306334
331.665832916458,0.946467300712513
332.166083041521,0.930779197620132
332.666333166583,0.913215277510555
333.166583291646,0.914699042739592
333.666833416708,0.927087879245455
334.167083541771,0.930151914759076
334.667333666833,0.925917755446946
335.167583791896,0.92337243460689
335.667833916959,0.922099774186862
336.168084042021,0.91839036111427
336.668334167084,0.909336980590754
337.168584292146,0.907581794892991
337.668834417209,0.915302199336761
338.169084542271,0.912220069125225
338.669334667334,0.905440588973039
339.169584792396,0.908709697729698
339.669834917459,0.91561584076729
340.170085042521,0.920097294284259
340.670335167584,0.923203550759683
341.170585292646,0.92483207357204
341.670835417709,0.918824633864232
342.171085542771,0.912413079236319
342.671335667834,0.919572548044722
343.171585792896,0.925628240280304
343.671835917959,0.913173056548753
344.172086043022,0.903082246678106
344.672336168084,0.902213701178182
345.172586293147,0.899975990202683
345.672836418209,0.905856767025086
346.173086543272,0.923523223756183
346.673336668334,0.93276358282482
347.173586793397,0.9274618363357
347.673836918459,0.929416063710529
348.174087043522,0.926701859023266
348.674337168584,0.9132695616043
349.174587293647,0.907087206483312
349.674837418709,0.907599889590906
350.175087543772,0.914421590704894
350.675337668834,0.922721025481947
351.175587793897,0.92721454213086
351.675837918959,0.926888837568389
352.176088044022,0.930314767040312
352.676338169085,0.930736976658331
353.176588294147,0.929958904647982
353.67683841921,0.938475475800016
354.177088544272,0.932401688866519
354.677338669335,0.918402424246213
355.177588794397,0.918848760128118
355.67783891946,0.927087879245455
356.178089044522,0.927546278259304
356.678339169585,0.924524463707484
357.178589294647,0.925236188492144
357.67883941971,0.921357891572344
358.179089544772,0.918667813148968
358.679339669835,0.920905524124467
359.179589794897,0.92429526420056
359.67983991996,0.92675011155104
360.180090045022,0.923867023016569
360.680340170085,0.924820010440097
361.180590295148,0.937377730793167
361.68084042021,0.943234381351684
362.181090545273,0.937745656317441
362.681340670335,0.932124236831821
363.181590795398,0.926647574929521
363.68184092046,0.927588499221105
364.182091045523,0.934337821543433
364.682341170585,0.933143571481037
365.182591295648,0.92515174656854
365.68284142071,0.926605353967719
366.183091545773,0.934868599348942
366.683341670835,0.930182072588934
367.183591795898,0.91568821955895
367.683841920961,0.905712009441765
368.184092046023,0.906978638295821
368.684342171086,0.923848928318654
369.184592296148,0.933638159890716
369.684842421211,0.920869334728636
370.185092546273,0.910283936448311
370.685342671336,0.915356483430507
371.185592796398,0.930477619321548
371.685842921461,0.939585283938808
372.186093046523,0.931774406005462
372.686343171586,0.921297575912627
373.186593296648,0.910573451614952
373.686843421711,0.907177679972887
374.187093546773,0.920507440770335
374.687343671836,0.917829425478902
375.187593796898,0.906423734226425
375.687843921961,0.914439685402809
376.188094047024,0.922992445950673
376.688344172086,0.924777789478295
377.188594297149,0.920139515246061
377.688844422211,0.918239571964977
378.189094547274,0.924518432141512
378.689344672336,0.925893629183059
379.189594797399,0.933843233133754
379.689844922461,0.947896781847805
380.190095047524,0.943252476049599
380.690345172586,0.929397969012614
381.190595297649,0.926159018085814
381.690845422711,0.927130100207257
382.191095547774,0.929922715252152
382.691345672836,0.9358577761683
383.191595797899,0.94251059343508
383.691845922961,0.942800108601722
384.192096048024,0.935290808966961
384.692346173087,0.929874462724378
385.192596298149,0.932287089113056
385.692846423212,0.94172648985876
386.193096548274,0.945870175681315
386.693346673337,0.943379138935005
387.193596798399,0.939826546577676
387.693846923462,0.935568261001659
388.194097048524,0.931400448915217
388.694347173587,0.926659638061464
389.194597298649,0.934193063960112
389.694847423712,0.942100446949005
390.195097548774,0.936720290102253
390.695347673837,0.933107382085207
391.195597798899,0.929102422280001
391.695847923962,0.929705578877171
392.196098049024,0.926231396877474
392.696348174087,0.921056313273759
393.19659829915,0.932534383317896
393.696848424212,0.939579252372836
394.197098549275,0.933221981838669
394.697348674337,0.924041938429748
395.1975987994,0.921472491325806
395.697848924462,0.929385905880671
396.198099049525,0.934603210446187
396.698349174587,0.927666909578737
397.19859929965,0.924174632881126
397.698849424712,0.920935681954325
398.199099549775,0.911236923871839
398.699349674837,0.913872718201469
399.1995997999,0.925097462474795
399.699849924963,0.935936186525932
400.200100050025,0.939090695529129
400.700350175088,0.933571812665028
401.20060030015,0.93930783190411
401.700850425213,0.944368315754363
402.201100550275,0.935369219324593
402.701350675338,0.92956082129385
403.2016008004,0.924536526839427
403.701850925463,0.928535455078662
404.202101050525,0.933728633380292
404.702351175588,0.919964599832882
405.20260130065,0.909710937680999
405.702851425713,0.914819674059026
406.203101550775,0.931708058779774
406.703351675838,0.947709803302682
407.2036018009,0.947160930799258
407.703851925963,0.937311383567479
408.204102051026,0.932896277276198
408.704352176088,0.933053097991462
409.204602301151,0.935121925119753
409.704852426213,0.939422431657572
410.205102551276,0.942516625001052
410.705352676338,0.940061777650572
411.205602801401,0.930049378137557
411.705852926463,0.920857271596693
412.206103051526,0.930369051134057
412.706353176588,0.945472092327183
413.206603301651,0.937088215626526
413.706853426713,0.923963528072116
414.207103551776,0.925573956186559
414.707353676838,0.929590979123708
415.207603801901,0.92344481339855
415.707853926963,0.916339628683893
416.208104052026,0.920477282940476
416.708354177089,0.923607665679786
417.208604302151,0.921882637811881
417.708854427214,0.919578579610694
418.209104552276,0.91572440895478
418.709354677339,0.909837600566405
419.209604802401,0.90782908909783
419.709854927464,0.921400112534146
420.210105052526,0.93308325582132
420.710355177589,0.93023635668268
421.210605302651,0.936189512296743
421.710855427714,0.947794245226286
422.211105552776,0.948433591219286
422.711355677839,0.944314031660618
423.211605802901,0.92429526420056
423.711855927964,0.91195468022247
424.212106053027,0.929180832637633
424.712356178089,0.931774406005462
425.212606303152,0.920959808218212
425.712856428214,0.926068544596238
426.213106553277,0.934947009706574
426.713356678339,0.932154394661679
427.213606803402,0.925598082450446
427.713856928464,0.921134723631391
428.214107053527,0.926852648172559
428.714357178589,0.942323614889958
429.214607303652,0.940689060511628
429.714857428714,0.929500505634133
430.215107553777,0.928221813648133
430.715357678839,0.934663526105904
431.215607803902,0.945562565816759
431.715857928965,0.941002701942157
432.216108054027,0.92899385409251
432.71635817909,0.935682860755121
433.216608304152,0.93724503634179
433.716858429215,0.933396897251848
434.217108554277,0.944519104903655
434.71735867934,0.947601235115192
435.217608804402,0.93887959072012
435.717858929465,0.930182072588935
436.218109054527,0.926707890589238
436.71835917959,0.927763414634285
437.218609304652,0.925712682203908
437.718859429715,0.932021700210302
438.219109554777,0.937679309091752
438.71935967984,0.932112173699877
439.219609804902,0.929301463957067
439.719859929965,0.926267586273304
440.220110055028,0.925766966297653
440.72036018009,0.936593627216847
441.220610305153,0.943741032893306
441.720860430215,0.93991098850128
442.221110555278,0.941346501202543
442.72136068034,0.938433254838214
443.221610805403,0.935610481963461
443.721860930465,0.947860592451975
444.222111055528,0.956883815145631
444.72236118059,0.958452022298272
445.222611305653,0.949290073587266
445.722861430715,0.948789453611616
446.223111555778,0.956690805034537
446.72336168084,0.950068145597615
447.223611805903,0.947076488875654
447.723861930965,0.946189848677815
448.224112056028,0.937534551508432
448.724362181091,0.931937258286698
449.224612306153,0.936466964331441
449.724862431216,0.944398473584221
450.225112556278,0.940471924136647
450.725362681341,0.927666909578738
451.225612806403,0.922968319686787
451.725862931466,0.927039626717681
452.226113056528,0.930423335227802
452.726363181591,0.945357492573721
453.226613306653,0.966998751280165
453.726863431716,0.963048075568704
454.227113556778,0.939368147563827
454.727363681841,0.929223053599435
455.227613806903,0.935200335477385
455.727863931966,0.931816626967264
456.228114057029,0.926876774436445
456.728364182091,0.93546572438014
457.228614307154,0.942136636344835
457.728864432216,0.942202983570524
458.229114557279,0.941479195653921
458.729364682341,0.932606762109556
459.229614807404,0.928149434856473
459.729864932466,0.939283705640223
460.230115057529,0.93571301858498
460.730365182591,0.926412343856625
461.230615307654,0.935833649904413
461.730865432716,0.942028068157345
462.231115557779,0.943481675556524
462.731365682841,0.949899261750408
463.231615807904,0.946774910577069
463.731865932966,0.938210086897261
464.232116058029,0.940803660265091
464.732366183092,0.941249996146996
465.232616308154,0.933288329064358
465.732866433217,0.931334101689528
466.233116558279,0.929735736707029
466.733366683342,0.928680212661982
467.233616808404,0.939253547810365
467.733866933467,0.950852249173936
468.234117058529,0.95207665706619
468.734367183592,0.945417808233438
469.234617308654,0.928595770738379
469.734867433717,0.912793067892536
470.235117558779,0.913221309076526
470.735367683842,0.918510992433703
471.235617808904,0.922877846197211
471.735867933967,0.935194303911414
472.23611805903,0.942866455827411
472.736368184092,0.934693683935763
473.236618309155,0.926400280724681
473.736868434217,0.924862231401899
474.23711855928,0.936491090595328
474.737368684342,0.953186465204982
475.237618809405,0.949350389246983
475.737868934467,0.93763708812995
476.23811905953,0.933288329064358
476.738369184592,0.931563301196453
477.238619309655,0.934446389730923
477.738869434717,0.940116061744317
478.23911955978,0.93311944521715
478.739369684842,0.918824633864232
479.239619809905,0.924265106370701
479.739869934967,0.936026660015508
480.24012006003,0.942130604778864
480.740370185093,0.951557942392624
481.240620310155,0.951582068656511
481.740870435218,0.940610650153996
482.24112056028,0.936231733258545
482.741370685343,0.94215473104275
483.241620810405,0.939337989733969
483.741870935468,0.926629480231606
484.24212106053,0.925604114016418
484.742371185593,0.934560989484386
485.242621310655,0.935912060262045
485.742871435718,0.926756143117011
486.24312156078,0.92579109256154
486.743371685843,0.934355916241348
487.243621810905,0.937009805268894
487.743871935968,0.934012116980961
488.244122061031,0.927268826224606
488.744372186093,0.930055409703529
489.244622311156,0.938360876046554
489.744872436218,0.937558677772318
490.245122561281,0.938873559154148
490.745372686343,0.939941146331138
491.245622811406,0.931816626967264
491.745872936468,0.926448533252455
492.246123061531,0.932341373206802
492.746373186593,0.942450277775363
493.246623311656,0.947136804535371
493.746873436718,0.937649151261894
494.247123561781,0.928631960134209
494.747373686843,0.933728633380292
495.247623811906,0.942968992448929
495.747873936968,0.950828122910049
496.248124062031,0.95040591329203
496.748374187094,0.946111438320183
497.248624312156,0.941581732275439
497.748874437219,0.936551406255045
498.249124562281,0.944766399108495
498.749374687344,0.947148867667314
499.249624812406,0.930869671109708
499.749874937469,0.92465112659289
500.250125062531,0.932413751998462
500.750375187594,0.939935114765166
501.250625312656,0.940182408970006
501.750875437719,0.933728633380292
502.251125562781,0.934579084182301
502.751375687844,0.943554054348184
503.251625812906,0.941961720931656
503.751875937969,0.931708058779774
504.252126063032,0.931635679988113
504.752376188094,0.937094247192498
505.252626313157,0.934597178880216
505.752876438219,0.934446389730923
506.253126563282,0.93539334558848
506.753376688344,0.929210990467492
507.253626813407,0.932769614390792
507.753876938469,0.940616681719968
508.254127063532,0.944850841032098
508.754377188594,0.946473332278485
509.254627313657,0.938740864702771
509.754877438719,0.936684100706422
510.255127563782,0.937860256070903
510.755377688844,0.934892725612829
511.255627813907,0.932709298731075
511.755877938969,0.921991205999372
512.256128064032,0.923058793176362
512.756378189095,0.942227109834411
513.256628314157,0.951618258052341
513.75687843922,0.949790693562917
514.257128564282,0.941847121178194
514.757378689345,0.933203887140754
515.257628814407,0.929645263217454
515.75787893947,0.932214710321396
516.258129064532,0.940779534001204
516.758379189595,0.945043851143193
517.258629314657,0.952197288385624
517.75887943972,0.959073273593357
518.259129564782,0.953331222788303
518.759379689845,0.950888438569766
519.259629814907,0.95449531502084
519.75987993997,0.954266115513915
520.260130065033,0.947764087396427
520.760380190095,0.947812339924201
521.260630315158,0.947384098740211
521.76088044022,0.932311215376943
522.261130565283,0.92290800402707
522.761380690345,0.931569332762425
523.261630815408,0.937510425244545
523.76188094047,0.935936186525932
524.262131065533,0.941521416615722
524.762381190595,0.941376659032402
525.262631315658,0.927576436089162
525.76288144072,0.924566684669286
526.263131565783,0.937064089362639
526.763381690845,0.941063017601873
527.263631815908,0.940483987268591
527.76388194097,0.941201743619223
528.264132066033,0.945634944608419
528.764382191096,0.950779870382275
529.264632316158,0.949109126608116
529.764882441221,0.948264707372078
530.265132566283,0.944591483695316
530.765382691346,0.933601970494886
531.265632816408,0.925097462474795
531.765882941471,0.930055409703529
532.266133066533,0.940351292817214
532.766383191596,0.943439454594722
533.266633316658,0.938662454345139
533.766883441721,0.935194303911414
534.267133566783,0.930827450147906
534.767383691846,0.928692275793926
535.267633816908,0.929747799838972
535.767883941971,0.92301657221456
536.268134067034,0.925579987752531
536.768384192096,0.930574124377095
537.268634317159,0.924717473818578
537.768884442221,0.926605353967719
538.269134567284,0.933173729310896
538.769384692346,0.932425815130405
539.269634817409,0.926563133005917
539.769884942471,0.932063921172104
540.270135067534,0.948765327347729
540.770385192596,0.955580996895745
541.270635317659,0.95527941859716
541.770885442721,0.951817299729407
542.271135567784,0.947341877778409
542.771385692846,0.93383117000181
543.271635817909,0.91892717048575
543.771885942971,0.925815218825427
544.272136068034,0.935417471852366
544.772386193097,0.936292048918262
545.272636318159,0.93098427086317
545.772886443222,0.92717835273503
546.273136568284,0.939929083199195
546.773386693347,0.957137140916442
547.273636818409,0.963180770020082
547.773886943472,0.958180601829546
548.274137068534,0.945791765323683
548.774387193597,0.932431846696377
549.274637318659,0.923034666912475
549.774887443722,0.926906932266304
550.275137568784,0.933843233133754
550.775387693847,0.932341373206802
551.275637818909,0.932118205265849
551.775887943972,0.926406312290653
552.276138069035,0.918860823260062
552.776388194097,0.923330213645088
553.27663831916,0.932667077769273
553.776888444222,0.933143571481037
554.277138569285,0.932449941394292
554.777388694347,0.939229421546478
555.27763881941,0.942160762608722
555.777888944472,0.936919331779319
556.278139069535,0.927516120429445
556.778389194597,0.918396392680241
557.27863931966,0.922111837318806
557.778889444722,0.93471781019965
558.279139569785,0.935375250890565
558.779389694847,0.933095318953264
559.27963981991,0.943650559403731
559.779889944973,0.949199600097691
560.280140070035,0.93407846420665
560.780390195098,0.925531735224757
561.28064032016,0.938590075553478
561.780890445223,0.941099206997704
562.281140570285,0.927992614141209
562.781390695348,0.926376154460795
563.28164082041,0.939537031411035
563.781890945473,0.94898246372271
564.282141070535,0.946714594917352
564.782391195598,0.947552982587418
565.28264132066,0.950321471368426
565.782891445723,0.941744584556675
566.283141570785,0.937052026230696
566.783391695848,0.94275788763992
567.28364182091,0.941418879994204
567.783891945973,0.944669894052948
568.284142071035,0.95115382747252
568.784392196098,0.945653039306334
569.284642321161,0.944555294299485
569.784892446223,0.946654279257635
570.285142571286,0.950074177163587
570.785392696348,0.960249428957837
571.285642821411,0.954887366809
571.785892946473,0.933620065192801
572.286143071536,0.928644023266152
572.786393196598,0.940966512546326
573.286643321661,0.949452925868502
573.786893446723,0.947926939677663
574.287143571786,0.943270570747514
574.787393696848,0.943674685667618
575.287643821911,0.951280490357926
575.787893946973,0.95072558628853
576.288144072036,0.937818035109101
576.788394197099,0.935809523640527
577.288644322161,0.942890582091297
577.788894447224,0.94410895841758
578.289144572286,0.94346961242458
578.789394697349,0.942317583323986
579.289644822411,0.941485227219892
579.789894947474,0.945092103670966
580.290145072536,0.947148867667315
580.790395197599,0.947589171983248
581.290645322661,0.946111438320183
581.790895447724,0.943107718466278
582.291145572786,0.944911156691815
582.791395697849,0.951226206264181
583.291645822912,0.959193904912791
583.791895947974,0.952323951271029
584.292146073037,0.941183648921307
584.792396198099,0.940085903914459
585.292646323162,0.935483819078055
585.792896448224,0.93418703239414
586.293146573287,0.942420119945505
586.793396698349,0.948264707372078
587.293646823412,0.951980152010643
587.793896948474,0.954941650902745
588.294147073537,0.946033027962551
588.794397198599,0.937733593185498
589.294647323662,0.932835961616481
589.794897448724,0.928897349036963
590.295147573787,0.941394753730317
590.795397698849,0.954296273343774
591.295647823912,0.951461437337077
591.795897948974,0.945441934497325
592.296148074037,0.943336917973203
592.7963981991,0.942353772719816
593.296648324162,0.942836297997552
593.796898449225,0.944223558171042
594.297148574287,0.946750784313183
594.79739869935,0.951196048434322
595.297648824412,0.953584548559114
595.797898949475,0.951907773218982
596.298149074537,0.947649487642965
596.7983991996,0.94731171994855
597.298649324662,0.952987423527916
597.798899449725,0.95136493228153
598.299149574787,0.946105406754211
598.79939969985,0.945755575927853
599.299649824912,0.946648247691664
599.799899949975,0.945677165570221
600.300150075038,0.940477955702619
600.8004002001,0.939886862237393
601.300650325163,0.935616513529432
601.800900450225,0.931925195154755
602.301150575288,0.941696332028902
602.80140070035,0.94176267925459
603.301650825413,0.93752851994246
603.801900950475,0.939705915258242
604.302151075538,0.93336673942199
604.8024012006,0.934747968029508
605.302651325663,0.945110198368881
605.802901450725,0.949501178396276
606.303151575788,0.946485395410428
606.80340170085,0.936659974442536
607.303651825913,0.936147291334942
607.803901950976,0.946020964830607
608.304152076038,0.949736409469172
608.804402201101,0.941201743619223
609.304652326163,0.934904788744772
609.804902451226,0.941020796640072
610.305152576288,0.94346961242458
610.805402701351,0.936666006008507
611.305652826413,0.932190584057509
611.805902951476,0.929289400825124
612.306153076538,0.929289400825124
612.806403201601,0.935188272345442
613.306653326663,0.947281562118692
613.806903451726,0.960382123409215
614.307153576788,0.953771527104236
614.807403701851,0.940640807983855
615.307653826913,0.936436806501583
615.807903951976,0.930682692564585
616.308154077038,0.933614033626829
616.808404202101,0.939488778883261
617.308654327164,0.931472827706877
617.808904452226,0.928517360380747
618.309154577289,0.94631651156322
618.809404702351,0.948071697260984
619.309654827414,0.931249659765925
619.809904952476,0.937787877279243
620.310155077539,0.947685677038795
620.810405202601,0.948475812181088
621.310655327664,0.949235789493521
621.810905452726,0.940315103421383
622.311155577789,0.938964032643723
622.811405702851,0.949832914524719
623.311655827914,0.954742609225679
623.811905952977,0.949048810948399
624.312156078039,0.940441766306789
624.812406203102,0.94720315176106
625.312656328164,0.959501514777347
625.812906453227,0.951171922170436
626.313156578289,0.938403097008356
626.813406703352,0.938149771237545
627.313656828414,0.936840921421687
627.813906953477,0.943626433139844
628.314157078539,0.955587028461717
628.814407203602,0.950393850160087
629.314657328664,0.951998246708558
629.814907453727,0.958078065208027
630.315157578789,0.955568933763802
630.815407703852,0.960701796405715
631.315657828914,0.957281898499763
631.815907953977,0.943198191955854
632.316158079039,0.9400557460846
632.816408204102,0.950273218840653
633.316658329165,0.94667237395555
633.816908454227,0.927395489110011
634.31715857929,0.936931394911262
634.817408704352,0.955719722913094
635.317658829415,0.951606194920398
635.817908954477,0.944048642757863
636.31815907954,0.936828858289743
636.818409204602,0.931225533502038
637.318659329665,0.931406480481189
637.818909454727,0.937148531286243
638.31915957979,0.941599826973355
638.819409704852,0.934940978140602
639.319659829915,0.927516120429445
639.819909954977,0.939187200584676
640.32016008004,0.948596443500521
640.820410205103,0.942673445716316
641.320660330165,0.956184153492915
641.820910455228,0.97071419591873
642.32116058029,0.961473836850092
642.821410705353,0.944205463473127
643.321660830415,0.935477787512083
643.821910955478,0.942221078268439
644.32216108054,0.951726826239832
644.822411205603,0.951678573712058
645.322661330665,0.944959409219589
645.822911455728,0.944694020316834
646.32316158079,0.944760367542523
646.823411705853,0.936659974442536
647.323661830916,0.932486130790122
647.823911955978,0.9419737840636
648.324162081041,0.954326431173632
648.824412206103,0.952812508114737
649.324662331166,0.943168034125995
649.824912456228,0.943680717233589
650.325162581291,0.952173162121737
650.825412706353,0.950990975191285
651.325662831416,0.93696155274112
651.825912956478,0.934199095526084
652.326163081541,0.951527784562766
652.826413206603,0.95481498801734
653.326663331666,0.945236861254287
653.826913456728,0.946744752747211
654.327163581791,0.948029476299182
654.827413706853,0.94830692833388
655.327663831916,0.953946442517416
655.827913956978,0.955617186291575
656.328164082041,0.952408393194633
656.828414207104,0.944923219823759
657.328664332166,0.938119613407686
657.828914457229,0.941961720931656
658.329164582291,0.946195880243787
658.829414707354,0.94759520354922
659.329664832416,0.951479532034992
659.829914957479,0.949983703674011
660.330165082541,0.93866848591111
660.830415207604,0.935188272345442
661.330665332666,0.93855991772362
661.830915457729,0.935176209213499
662.331165582791,0.939048474567327
662.831415707854,0.949929419580266
663.331665832916,0.951570005524567
663.831915957979,0.936279985786319
664.332166083042,0.924838105138012
664.832416208104,0.931038554956915
665.332666333167,0.930242388248651
665.832916458229,0.926225365311502
666.333166583292,0.938849432890261
666.833416708354,0.951931899482869
667.333666833417,0.946986015386079
667.833916958479,0.932522320185952
668.334167083542,0.92966938948134
668.834417208604,0.93827643412295
669.334667333667,0.941877279008053
669.834917458729,0.939844641275591
670.335167583792,0.945900333511174
670.835417708854,0.951732857805803
671.335667833917,0.948499938444974
671.83591795898,0.952565213909897
672.336168084042,0.966208616137873
672.836418209105,0.974315040803832
673.336668334167,0.964260420329015
673.83691845923,0.951570005524567
674.337168584292,0.944706083448778
674.837418709355,0.93717265755013
675.337668834417,0.936810763591828
675.83791895948,0.937703435355639
676.338169084542,0.934989230668376
676.838419209605,0.937118373456385
677.338669334667,0.947842497754059
677.83891945973,0.958898358180178
678.339169584792,0.96008054511063
678.839419709855,0.959996103187026
679.339669834917,0.964513746099826
679.83991995998,0.965870848443458
680.340170085042,0.964296609724845
680.840420210105,0.958880263482263
681.340670335168,0.949121189740059
681.84092046023,0.949742441035144
682.341170585293,0.958313296280923
682.841420710355,0.960731954235573
683.341670835418,0.959187873346819
683.84192096048,0.953017581357774
684.342171085543,0.947643456076994
684.842421210605,0.950098303427474
685.342671335668,0.951455405771105
685.84292146073,0.942510593435081
686.343171585793,0.936840921421687
686.843421710855,0.944422599848108
687.343671835918,0.948119949788757
687.843921960981,0.942359804285788
688.344172086043,0.940676997379685
688.844422211106,0.937926603296592
689.344672336168,0.931484890838821
689.844922461231,0.937064089362639
690.345172586293,0.946045091094494
690.845422711356,0.947257435854805
691.345672836418,0.947552982587418
691.845922961481,0.947335846212437
692.346173086543,0.940845881226892
692.846423211606,0.933240076536584
693.346673336668,0.93507367259198
693.846923461731,0.939524968279091
694.347173586793,0.938638328081252
694.847423711856,0.937220910077903
695.347673836918,0.943119781598222
695.847923961981,0.947136804535371
696.348174087044,0.93087570267568
696.848424212106,0.921930890339655
697.348674337169,0.938813243494431
697.848924462231,0.955792101704754
698.349174587294,0.958180601829546
698.849424712356,0.945538439552872
699.349674837419,0.941533479747666
699.849924962481,0.948994526854653
700.350175087544,0.942444246209392
700.850425212606,0.937546614640375
701.350675337669,0.94275788763992
701.850925462731,0.945749544361881
702.351175587794,0.955580996895745
702.851425712856,0.967137477297514
703.351675837919,0.964194073103326
703.851925962981,0.945610818344532
704.352176088044,0.926888837568389
704.852426213107,0.920983934482099
705.352676338169,0.927160258037115
705.852926463232,0.944030548059948
706.353176588294,0.957113014652556
706.853426713357,0.954235957684057
707.353676838419,0.953162338941095
707.853926963482,0.962583644988884
708.354177088544,0.962131277541006
708.854427213607,0.944446726111995
709.354677338669,0.932365499470688
709.854927463732,0.9368167951578
710.355177588794,0.943023276542675
710.855427713857,0.944730209712665
711.355677838919,0.939615441768667
711.855927963982,0.933427055081707
712.356178089045,0.939567189240893
712.856428214107,0.95702254116298
713.35667833917,0.968494579641145
713.856928464232,0.958651063975338
714.357178589295,0.939549094542978
714.857428714357,0.943427391462778
715.35767883942,0.963808052881138
715.857928964482,0.961250668909139
716.358179089545,0.950538607743407
716.858429214607,0.962728402572204
717.35867933967,0.967065098505854
717.858929464732,0.959863408735649
718.359179589795,0.965545143880986
718.859429714857,0.959784998378017
719.35967983992,0.944416568282136
719.859929964982,0.942245204532326
720.360180090045,0.950677333760756
720.860430215107,0.95218522525368
721.36068034017,0.947136804535371
721.860930465233,0.951570005524567
722.361180590295,0.951226206264181
722.861430715358,0.940948417848411
723.36168084042,0.945743512795909
723.861930965483,0.957474908610857
724.362181090545,0.950411944858002
724.862431215608,0.942878518959354
725.36268134067,0.939223389980506
725.862931465733,0.930182072588935
726.363181590795,0.9319794792485
726.863431715858,0.943264539181542
727.36368184092,0.952691876795303
727.863931965983,0.961317016134828
728.364182091046,0.970563406769437
728.864432216108,0.969351062009126
729.364682341171,0.956178121926943
729.864932466233,0.954055010704906
730.365182591296,0.964755008738694
730.865432716358,0.973627442283058
731.365682841421,0.971679246474201
731.865932966483,0.960985280006384
732.366183091546,0.949440862736559
732.866433216608,0.94126205927894
733.366683341671,0.940049714518629
733.866933466733,0.939217358414535
734.367183591796,0.949145316003946
734.867433716858,0.964212167801242
735.367683841921,0.961594468169526
735.867933966984,0.957432687649056
736.368184092046,0.960490691596705
736.868434217109,0.950731617854502
737.368684342171,0.939325926602025
737.868934467234,0.947661550774909
738.369184592296,0.96182366767645
738.869434717359,0.966383531551052
739.369684842421,0.965460701957383
739.869934967484,0.958723442766998
740.370185092546,0.946467300712513
740.870435217609,0.946961889122192
741.370685342671,0.960912901214724
741.870935467734,0.969236462255664
742.371185592796,0.967197792957231
742.871435717859,0.95929644153431
743.371685842921,0.954326431173632
743.871935967984,0.956624457808848
744.372186093046,0.952529024514067
744.872436218109,0.950598923403124
745.372686343172,0.958916452878093
745.872936468234,0.957752360645555
746.373186593297,0.954471188756953
746.873436718359,0.95254108764601
747.373686843422,0.943952137702316
747.873936968484,0.944066737455778
748.374187093547,0.94588827037923
748.874437218609,0.937938666428535
749.374687343672,0.930145883193104
749.874937468734,0.92817356112036
750.375187593797,0.933240076536584
750.875437718859,0.929011948790426
751.375687843922,0.921689627700787
751.875937968985,0.929699547311199
752.376188094047,0.942619161622571
752.87643821911,0.950532576177436
753.376688344172,0.953952474083387
753.876938469235,0.951190016868351
754.377188594297,0.94144300625809
754.87743871936,0.946744752747211
755.377688844422,0.960737985801545
755.877938969485,0.957571413666405
756.378189094547,0.950882407003794
756.87843921961,0.951304616621813
757.378689344672,0.943529928084297
757.878939469735,0.937974855824365
758.379189594797,0.948807548309531
758.87943971986,0.956527952753301
759.379689844922,0.956365100472065
759.879939969985,0.959169778648904
760.380190095048,0.963717579391562
760.88044022011,0.961835730808393
761.380690345173,0.94770377173671
761.880940470235,0.937824066675073
762.381190595298,0.942166794174694
762.88144072036,0.943662622535674
763.381690845423,0.947142836101343
763.881940970485,0.955092440052038
764.382191095548,0.954018821309076
764.88244122061,0.947317751514522
765.382691345673,0.945876207247287
765.882941470735,0.953222654600812
766.383191595798,0.957897118228876
766.88344172086,0.957649824024037
767.383691845923,0.952438551024492
767.883941970985,0.946684437087494
768.384192096048,0.94898246372271
768.884442221111,0.945502250157042
769.384692346173,0.936334269880064
769.884942471236,0.938475475800016
770.385192596298,0.943180097257939
770.885442721361,0.930724913526387
771.385692846423,0.926514880478144
771.885942971486,0.9410147650741
772.386193096548,0.944899093559872
772.886443221611,0.941286185542826
773.386693346673,0.937842161372988
773.886943471736,0.93578539737664
774.387193596798,0.943011213410731
774.887443721861,0.948445654351229
775.387693846923,0.944790525372382
775.887943971986,0.942353772719816
776.388194097049,0.946780942143041
776.888444222111,0.956998414899094
777.388694347174,0.960786238329318
777.888944472236,0.955979080249877
778.389194597299,0.944874967295985
778.889444722361,0.937655182827866
779.389694847424,0.943071529070448
779.889944972486,0.947727898000597
780.390195097549,0.949983703674012
780.890445222611,0.942818203299637
781.390695347674,0.93062840847084
781.890945472736,0.931599490592283
782.391195597799,0.936810763591828
782.891445722861,0.937709466921611
783.391695847924,0.940061777650572
783.891945972986,0.943204223521826
784.392196098049,0.950803996646162
784.892446223112,0.952722034625161
785.392696348174,0.947577108851305
785.892946473237,0.959978008489111
786.393196598299,0.961781446714648
786.893446723362,0.953596611691057
787.393696848424,0.96623274240176
787.893946973487,0.965490859787241
788.394197098549,0.95769807655181
788.894447223612,0.956063522173481
789.394697348674,0.931322038557585
789.894947473737,0.916671364812336
790.395197598799,0.935604450397489
790.895447723862,0.95567147038532
791.395697848924,0.967644128839136
791.895947973987,0.970659911824984
792.39619809905,0.965496891353213
792.896448224112,0.955538775933943
793.396698349175,0.944947346087646
793.896948474237,0.938620233383337
794.3971985993,0.936370459275894
794.897448724362,0.952414424760605
795.397698849425,0.971878288151267
795.897948974487,0.962541424027082
796.39819909955,0.948385338691512
796.898449224612,0.948367243993597
797.398699349675,0.949555462490021
797.898949474737,0.948264707372078
798.3991995998,0.940972544112298
798.899449724862,0.938994190473582
799.399699849925,0.946630152993749
799.899949974988,0.944476883941853
800.40020010005,0.942166794174694
800.900450225113,0.950170682219134
801.400700350175,0.953325191222331
801.900950475238,0.952516961382124
802.4012006003,0.955038155958292
802.901450725363,0.959929755961338
803.401700850425,0.95172079467386
803.901950975488,0.937305352001507
804.40220110055,0.935001293800319
804.902451225613,0.932878182578282
805.402701350675,0.934699715501735
805.902951475738,0.941141427959506
806.4032016008,0.939012285171497
806.903451725863,0.942456309341335
807.403701850925,0.948481843747059
807.903951975988,0.942462340907307
808.40420210105,0.943638496271788
808.904452226113,0.949109126608116
809.404702351176,0.947770118962399
809.904952476238,0.944096895285636
810.405202601301,0.928818938679331
810.905452726363,0.924168601315154
811.405702851426,0.93653331155713
811.905952976488,0.934597178880216
812.406203101551,0.933716570248348
812.906453226613,0.948481843747059
813.406703351676,0.953620737954944
813.906953476738,0.951340806017643
814.407203601801,0.947607266681163
814.907453726863,0.941026828206043
815.407703851926,0.946823163104843
815.907953976988,0.954953714034689
816.408204102051,0.957336182593509
816.908454227114,0.961528120943837
817.408704352176,0.95897676853781
817.908954477239,0.949066905646314
818.409204602301,0.946388890354881
818.909454727364,0.946973952254135
819.409704852426,0.943873727344684
819.909954977489,0.939428463223544
820.410205102551,0.94179886865042
820.910455227614,0.955780038572811
821.410705352676,0.959984040055083
821.910955477739,0.950592891837153
822.411205602801,0.948252644240135
822.911455727864,0.950218934746908
823.411705852927,0.947245372722862
823.911955977989,0.948783422045644
824.412206103052,0.961130037589705
824.912456228114,0.973392211210162
825.412706353177,0.969821524154919
825.912956478239,0.95901295793364
826.413206603302,0.956521921187329
826.913456728364,0.961214479513309
827.413706853427,0.970593564599296
827.913956978489,0.972873496536596
828.414207103552,0.964821355964383
828.914457228614,0.954398809965293
829.414707353677,0.952933139434171
829.914957478739,0.960985280006384
830.415207603802,0.959109462989187
830.915457728864,0.954911493072887
831.415707853927,0.958663127107282
831.915957978989,0.958675190239225
832.416208104052,0.951232237830152
832.916458229115,0.941328406504628
833.416708354177,0.940351292817214
833.91695847924,0.948825643007446
834.417208604302,0.948077728826956
834.917458729365,0.938807211928459
835.417708854427,0.941533479747666
835.91795897949,0.949199600097691
836.418209104552,0.952649655833501
836.918459229615,0.956527952753301
837.418709354677,0.960888774950837
837.91895947974,0.966986688148222
838.419209604802,0.967909517741891
838.919459729865,0.949483083698361
839.419709854927,0.93439813720315
839.91995997999,0.948294865201937
840.420210105053,0.956479700225528
840.920460230115,0.951962057312728
841.420710355178,0.949682125375427
841.92096048024,0.940839849660921
842.421210605303,0.934205127092055
842.921460730365,0.938324686650724
843.421710855428,0.945007661747363
843.92196098049,0.945200671858457
844.422211105553,0.947402193438126
844.922461230615,0.946292385299334
845.422711355678,0.942251236098298
845.92296148074,0.957034604294924
846.423211605803,0.971196721196465
846.923461730865,0.966902246224618
847.423711855928,0.953041707621661
847.92396198099,0.939470684185346
848.424212106053,0.945882238813258
848.924462231116,0.956708899732452
849.424712356178,0.951208111566266
849.924962481241,0.947154899233286
850.425212606303,0.940713186775515
850.925462731366,0.940912228452581
851.425712856428,0.958464085430216
851.925962981491,0.964393114780392
852.426213106553,0.959151683950989
852.926463231616,0.946509521674315
853.426713356678,0.937305352001507
853.926963481741,0.952703939927246
854.427213606803,0.967077161637797
854.927463731866,0.966359405287165
855.427713856928,0.959260252138479
855.927963981991,0.949006589986597
856.428214107054,0.944663862486976
856.928464232116,0.943083592202392
857.428714357179,0.947583140417277
857.928964482241,0.954724514527764
858.429214607304,0.94894627432688
858.929464732366,0.942558845962854
859.429714857429,0.947540919455475
859.929964982491,0.955303544861047
860.430215107554,0.950918596399624
860.930465232616,0.942408056813562
861.430715357679,0.950375755462172
861.930965482741,0.96040021810713
862.431215607804,0.949380547076842
862.931465732866,0.929681452613284
863.431715857929,0.922328973693787
863.931965982992,0.925664429676134
864.432216108054,0.934766062727423
864.932466233117,0.952770287152935
865.432716358179,0.968410137717542
865.932966483242,0.965527049183071
866.433216608304,0.946774910577069
866.933466733367,0.934343853109405
867.433716858429,0.943011213410731
867.933966983492,0.9490910319102
868.434217108554,0.944012453362033
868.934467233617,0.950206871614964
869.434717358679,0.957227614406018
869.934967483742,0.951147795906549
870.435217608804,0.945671134004249
870.935467733867,0.947902813413776
871.435717858929,0.951485563600964
871.935967983992,0.955158787277726
872.436218109054,0.95862090614548
872.936468234117,0.950791933514219
873.43671835918,0.941521416615722
873.936968484242,0.943137876296137
874.437218609305,0.943312791709316
874.937468734367,0.941195712053251
875.43771885943,0.941069049167845
875.937968984492,0.939470684185346
876.438219109555,0.940079872348487
876.938469234617,0.943710875063448
877.43871935968,0.94791487654572
877.938969484742,0.941430943126147
878.439219609805,0.929054169752227
878.939469734867,0.940242724629723
879.43971985993,0.958204728093433
879.939969984992,0.946762847445126
880.440220110055,0.927938330047464
880.940470235118,0.933270234366443
881.44072036018,0.948789453611616
881.940970485243,0.957119046218527
882.441220610305,0.958096159905942
882.941470735368,0.953482011937595
883.44172086043,0.942944866185043
883.941970985493,0.93269120403316
884.442221110555,0.934446389730923
884.942471235618,0.944706083448778
885.44272136068,0.948481843747059
885.942971485743,0.948873895535219
886.443221610805,0.94439244201825
886.943471735868,0.932341373206802
887.443721860931,0.931991542380443
887.943971985993,0.94474830441058
888.444222111056,0.952927107868199
888.944472236118,0.944344189490476
889.444722361181,0.932546446449839
889.944972486243,0.941436974692119
890.445222611306,0.956769215392169
890.945472736368,0.951069385548917
891.445722861431,0.939416400091601
891.945972986493,0.94112333326159
892.446223111556,0.951570005524567
892.946473236618,0.96107575349596
893.446723361681,0.958838042520461
893.946973486743,0.952010309840501
894.447223611806,0.955381955218679
894.947473736868,0.962366508613903
895.447723861931,0.958946610707951
895.947973986993,0.95026115570871
896.448224112056,0.947625361379078
896.948474237119,0.949784661996945
897.448724362181,0.955032124392321
897.948974487244,0.952685845229331
898.449224612306,0.938385002310441
898.949474737369,0.93169599564783
899.449724862431,0.933849264699726
899.949974987494,0.938638328081252
900.450225112556,0.951238269396124
900.950475237619,0.964441367308166
901.450725362681,0.960569101954337
901.950975487744,0.953650895784802
902.451225612806,0.959815156207875
902.951475737869,0.960882743384865
903.451725862931,0.958277106885093
903.951975987994,0.95453150441667
904.452226113057,0.946213974941702
904.952476238119,0.947733929566569
905.452726363182,0.952854729076539
905.952976488244,0.937070120928611
906.453226613307,0.918565276527449
906.953476738369,0.937842161372988
907.453726863432,0.962004614655601
907.953976988494,0.955822259534613
908.454227113557,0.948891990233135
908.954477238619,0.958458053864244
909.454727363682,0.966721299245467
909.954977488744,0.961570341905639
910.455227613807,0.95769807655181
910.955477738869,0.949181505399776
911.455727863932,0.934741936463537
911.955977988995,0.934766062727423
912.456228114057,0.944874967295985
912.95647823912,0.952372203798803
913.456728364182,0.954778798621509
913.956978489245,0.953620737954944
914.457228614307,0.951069385548917
914.95747873937,0.952486803552265
915.457728864432,0.956473668659556
915.957978989495,0.949471020566417
916.458229114557,0.936503153727272
916.95847923962,0.941310311806713
917.458729364682,0.948300896767908
917.958979489745,0.948403433389427
918.459229614807,0.965919100971231
918.95947973987,0.978338095306953
919.459729864932,0.963590916506157
919.959979989995,0.955026092826349
920.460230115058,0.952529024514067
920.96048024012,0.938041203050054
921.460730365183,0.938626264949309
921.960980490245,0.944398473584221
922.461230615308,0.937775814147299
922.96148074037,0.944965440785561
923.461730865433,0.963042044002733
923.961980990495,0.969230430689692
924.462231115558,0.959784998378017
924.96248124062,0.95691397297549
925.462731365683,0.968096496287014
925.962981490745,0.964399146346364
926.463231615808,0.95897676853781
926.96348174087,0.96281887606178
927.463731865933,0.95563528098949
927.963981990996,0.955611154725604
928.464232116058,0.961154163853592
928.964482241121,0.964387083214421
929.464732366183,0.970623722429154
929.964982491246,0.962758560402063
930.465232616308,0.948813579875503
930.965482741371,0.948879927101191
931.465732866433,0.948469780615116
931.965982991496,0.947540919455475
932.466233116558,0.952498866684208
932.966483241621,0.950387818594115
933.466733366683,0.950514481479521
933.966983491746,0.950170682219134
934.467233616808,0.945134324632768
934.967483741871,0.946726658049296
935.467733866933,0.954386746833349
935.967983991996,0.9645619986276
936.468234117059,0.966359405287165
936.968484242121,0.954501346586812
937.468734367184,0.945520344854957
937.968984492246,0.947179025497173
938.469234617309,0.951907773218982
938.969484742371,0.955345765822849
939.469734867434,0.949350389246983
939.969984992496,0.940707155209544
940.470235117559,0.945146387764711
940.970485242621,0.954555630680557
941.470735367684,0.960406249673102
941.970985492746,0.958868200350319
942.471235617809,0.947848529320031
942.971485742871,0.942860424261439
943.471735867934,0.949241821059493
943.971985992996,0.956690805034537
944.472236118059,0.953970568781302
944.972486243122,0.947420288136041
945.472736368184,0.955659407253377
945.972986493247,0.966075921686495
946.473236618309,0.958626937711451
946.973486743372,0.946220006507673
947.473736868434,0.948367243993597
947.973986993497,0.955798133270726
948.474237118559,0.954682293565962
948.974487243622,0.953976600347274
949.474737368684,0.956111774701254
949.974987493747,0.952884886906397
950.475237618809,0.947372035608267
950.975487743872,0.942715666678118
951.475737868935,0.942166794174694
951.975987993997,0.947384098740211
952.47623811906,0.949078968778257
952.976488244122,0.944157210945353
953.476738369185,0.944525136469627
953.976988494247,0.954073105402821
954.47723861931,0.962058898749346
954.977488744372,0.958946610707951
955.477738869435,0.94759520354922
955.977988994497,0.946250164337532
956.47823911956,0.950237029444823
956.978489244622,0.946998078518022
957.478739369685,0.948138044486673
957.978989494747,0.950152587521219
958.47923961981,0.948397401823456
958.979489744872,0.943674685667618
959.479739869935,0.936292048918262
959.979989994997,0.935061609460036
960.48024012006,0.938837369758318
960.980490245123,0.945544471118843
961.480740370185,0.949229757927549
961.980990495248,0.946165722413928
962.48124062031,0.945423839799409
962.981490745373,0.940689060511628
963.481740870435,0.934928915008659
963.981990995498,0.940797628699119
964.48224112056,0.949881167052493
964.982491245623,0.952354109100888
965.482741370685,0.950556702441323
965.982991495748,0.949362452378927
966.48324162081,0.94300518184476
966.983491745873,0.93855991772362
967.483741870935,0.942570909094797
967.983991995998,0.945719386532023
968.484242121061,0.942106478514977
968.984492246123,0.935779365810668
969.484742371186,0.939506873581176
969.984992496248,0.953282970260529
970.485242621311,0.961853825506308
970.985492746373,0.957462845478914
971.485742871436,0.956618426242877
971.985992996498,0.958783758426715
972.486243121561,0.950411944858002
972.986493246623,0.948668822292182
973.486743371686,0.957607603062235
973.986993496748,0.96634131058925
974.487243621811,0.966413689380911
974.987493746873,0.958367580374669
975.487743871936,0.958542495787848
975.987993996999,0.957987591718452
976.488244122061,0.944639736223089
976.988494247124,0.939868767539478
977.488744372186,0.951075417114888
977.988994497249,0.970177386547249
978.489244622311,0.986788319233298
978.989494747374,0.977427328845227
979.489744872436,0.961576373471611
979.989994997499,0.965213407752543
980.490245122561,0.957806644739301
980.990495247624,0.938620233383337
981.490745372686,0.936400617105753
981.990995497749,0.942202983570524
982.491245622811,0.950279250406625
982.991495747874,0.960339902447413
983.491745872936,0.96008054511063
983.991995997999,0.95410326323268
984.492246123061,0.951859520691209
984.992496248124,0.950526544611464
985.492746373187,0.955761943874896
985.992996498249,0.961051627232073
986.493246623312,0.949278010455323
986.993496748374,0.942420119945505
987.493746873437,0.950460197385775
987.993996998499,0.948656759160238
988.494247123562,0.941292217108798
988.994497248624,0.939633536466582
989.494747373687,0.940194472101949
989.994997498749,0.945689228702164
990.495247623812,0.951316679753756
990.995497748874,0.946340637827107
991.495747873937,0.938945937945808
991.995997999,0.943131844730165
992.496248124062,0.948499938444974
992.996498249125,0.940912228452581
993.496748374187,0.942872487393382
993.99699849925,0.954061042270878
994.497248624312,0.946334606261136
994.997498749375,0.93799295052228
995.497748874437,0.938590075553478
995.9979989995,0.943264539181543
996.498249124562,0.952227446215482
996.998499249625,0.95381977963201
997.498749374687,0.951479532034992
997.99899949975,0.95236014066686
998.499249624812,0.950629081232983
998.999499749875,0.948632632896352
999.499749874937,0.954857208979142
1000,0.959573893569008
