0,0.888578341038168
0.500250125062531,0.900693746553314
1.00050025012506,0.890409926571573
1.50075037518759,0.863213595605198
2.00100050025013,0.854896066130229
2.50125062531266,0.868328363549195
3.00150075037519,0.886489408689971
3.50175087543772,0.895138674293383
4.00200100050025,0.893238731012299
4.50225112556278,0.888329036311338
5.00250125062531,0.874191045673684
5.50275137568784,0.868231858493648
6.00300150075037,0.88872711966547
6.50325162581291,0.89658625012659
7.00350175087544,0.881344482916115
7.50375187593797,0.875343074774278
8.0040020010005,0.882544764544482
8.50425212606303,0.883998371943661
9.00450225112556,0.875017370211806
9.50475237618809,0.873841214847325
10.0050025012506,0.87798490066988
10.5052526263132,0.88029499043704
11.0055027513757,0.889511223241791
11.5057528764382,0.893196510050497
12.0060030015007,0.890464210665319
12.5062531265633,0.892762237300535
13.0065032516258,0.883823456530482
13.5067533766883,0.87755665948589
14.0070035017509,0.889149329283489
14.5072536268134,0.887321764794065
15.0075037518759,0.876320188461692
15.5077538769385,0.873654236302203
16.008004002001,0.871410493760732
16.5082541270635,0.868219795361705
17.0085042521261,0.868430900170714
17.5087543771886,0.875144033097212
18.0090045022511,0.876543356402645
18.5092546273137,0.875897978843674
19.0095047523762,0.884927233103302
19.5097548774387,0.889891211898007
20.0100050025013,0.890180727064649
20.5102551275638,0.892997468373431
21.0105052526263,0.899975990202683
21.5107553776888,0.901978470105286
22.0110055027514,0.886175767259443
22.5112556278139,0.87659764049639
23.0115057528764,0.881579713989011
23.511755877939,0.879275655787823
24.0120060030015,0.867972501156865
24.512256128064,0.865825263670942
25.0125062531266,0.877267144319248
25.5127563781891,0.88072323162103
26.0130065032516,0.879987380572483
26.5132566283142,0.887961110787065
27.0135067533767,0.892098765043648
27.5137568784392,0.888642677741866
28.0140070035017,0.883877740624227
28.5142571285643,0.882641269600029
29.0145072536268,0.885850062696971
29.5147573786893,0.888437604498829
30.0150075037519,0.89210479660962
30.5152576288144,0.897497016588316
31.0155077538769,0.894975822012147
31.5157578789395,0.882333659735473
32.016008004002,0.881241946294596
32.5162581290645,0.886845271082301
33.0165082541271,0.885391663683122
33.5167583791896,0.886941776137848
34.0170085042521,0.884734222992208
34.5172586293147,0.884595496974859
35.0175087543772,0.888437604498829
35.5177588794397,0.887653500922508
36.0180090045023,0.886217988221245
36.5182591295648,0.885693241981707
37.0185092546273,0.887309701662122
37.5187593796898,0.887894763561376
38.0190095047524,0.88765953248848
38.5192596298149,0.887122723116999
39.0195097548774,0.88933027626264
39.51975987994,0.892297806720714
40.0200100050025,0.889420749752215
40.520260130065,0.891284503637469
41.0205102551276,0.894644085883704
41.5207603801901,0.880488000548134
42.0210105052526,0.870541948260808
42.5212606303152,0.884788507085953
43.0215107553777,0.89285271079011
43.5217608804402,0.876163367746428
44.0220110055028,0.863279942830886
44.5222611305653,0.8800476962322
45.0225112556278,0.900844535702607
45.5227613806903,0.902328300931644
46.0230115057529,0.891356882429129
46.5232616308154,0.887743974412084
47.0235117558779,0.894071087116393
47.5237618809405,0.892400343342233
48.024012006003,0.885198653572028
48.5242621310655,0.874788170704881
49.0245122561281,0.868479152698488
49.5247623811906,0.878702657020512
50.0250125062531,0.88979470684246
50.5252626313157,0.885970694016405
51.0255127563782,0.881272104124454
51.5257628814407,0.884637717936661
52.0260130065032,0.886031009676122
52.5262631315658,0.887026218061452
53.0265132566283,0.89324476257827
53.5267633816908,0.891730839519375
54.0270135067534,0.88559673692616
54.5272636318159,0.892985405241487
55.0275137568784,0.900814377872748
55.527763881941,0.903003836320474
56.0280140070035,0.901188334962993
56.528264132066,0.88357013075967
57.0285142571286,0.876223683406145
57.5287643821911,0.893184446918553
58.0290145072536,0.901749270598361
58.5292646323162,0.899240139154136
59.0295147573787,0.895850399078043
59.5297648824412,0.89206860721379
60.0300150075037,0.893051752467176
60.5302651325663,0.892768268866506
61.0305152576288,0.893642845932402
61.5307653826913,0.897273848647363
62.0310155077539,0.897032586008495
62.5312656328164,0.903980950007889
63.0315157578789,0.91017536826082
63.5317658829415,0.895790083418326
64.032016008004,0.889613759863309
64.5322661330665,0.900193126577664
65.0325162581291,0.900585178365824
65.5327663831916,0.908987149764396
66.0330165082541,0.916623112284563
66.5332666333167,0.901278808452569
67.0335167583792,0.889076950491829
67.5337668834417,0.889462970714017
68.0340170085043,0.893968550494874
68.5342671335668,0.899312517945796
69.0345172586293,0.909065560122028
69.5347673836918,0.918969391447552
70.0350175087544,0.921394080968174
70.5352676338169,0.915573619805488
71.0355177588794,0.903052088848247
71.535767883942,0.900506768008192
72.0360180090045,0.908390024733198
72.536268134067,0.913179088114724
73.0365182591296,0.918933202051722
73.5367683841921,0.924210822276956
74.0370185092546,0.92202136382923
74.5372686343172,0.909059528556056
75.0375187593797,0.900711841251229
75.5377688844422,0.912407047670347
76.0380190095048,0.923227677023569
76.5382691345673,0.9216655014369
77.0385192596298,0.917986246194166
77.5387693846923,0.917196111051874
78.0390195097549,0.910072831639301
78.5392696348174,0.898817929536117
79.0395197598799,0.904300623004388
79.5397698849425,0.906616744337519
80.040020010005,0.8993969598694
80.5402701350675,0.906960543597906
81.0405202601301,0.914126043972281
81.5407703851926,0.918595434357307
82.0410205102551,0.922117868884777
82.5412706353177,0.910724240764244
83.0415207603802,0.907991941379066
83.5417708854427,0.918776381336458
84.0420210105053,0.92024205186758
84.5422711355678,0.919005580843382
85.0425212606303,0.919747463457901
85.5427713856928,0.91394509699313
86.0430215107554,0.902400679723304
86.5432716358179,0.897237659251533
87.0435217608804,0.901501976393522
87.543771885943,0.899288391681909
88.0440220110055,0.894674243713562
88.544272136068,0.902358458761502
89.0445222611306,0.911200734476008
89.5447723861931,0.912678468139074
90.0450225112556,0.915941545329761
90.5452726363182,0.92063410365574
91.0455227613807,0.918884949523949
91.5457728864432,0.915700282690893
92.0460230115058,0.917497689350459
92.5462731365683,0.923782581092965
93.0465232616308,0.930893797373595
93.5467733866933,0.928203718950218
94.0470235117559,0.912105469371763
94.5472736368184,0.901375313508116
95.0475237618809,0.904204117948841
95.5477738869435,0.909988389715698
96.048024012006,0.910181399826792
96.5482741370685,0.903516519428068
97.0485242621311,0.908830329049132
97.5487743871936,0.918028467155968
98.0490245122561,0.908046225472811
98.5492746373187,0.910549325351065
99.0495247623812,0.935417471852366
99.5497748874437,0.941678237330987
100.050025012506,0.940290977157497
100.550275137569,0.942178857306637
101.050525262631,0.92333624521106
101.550775387694,0.912455300198121
102.051025512756,0.917208174183817
102.551275637819,0.906839912278472
103.051525762881,0.894366633849006
103.551775887944,0.898480161841702
104.052026013006,0.916562796624846
104.552276138069,0.933197855574782
105.052526263132,0.934705747067706
105.552776388194,0.93059221907501
106.053026513257,0.92152074385358
106.553276638319,0.917793236083072
107.053526763382,0.922576267898626
107.553776888444,0.919264938180165
108.054027013507,0.920296335961325
108.554277138569,0.917190079485902
109.054527263632,0.914632695513903
109.554777388694,0.925037146815078
110.055027513757,0.928740528321699
110.555277638819,0.920893460992523
111.055527763882,0.920362683187014
111.555777888944,0.932389625734575
112.056028014007,0.930682692564585
112.55627813907,0.924198759145012
113.056528264132,0.931291880727727
113.556778389195,0.935441598116253
114.057028514257,0.933692443984461
114.55727863932,0.932793740654679
115.057528764382,0.926104733992068
115.557778889445,0.91956651647875
116.058029014507,0.919940473568995
116.55827913957,0.923107045704135
117.058529264632,0.928589739172407
117.558779389695,0.930055409703529
118.059029514757,0.927944361613435
118.55927963982,0.933734664946263
119.059529764882,0.94695585755622
119.559779889945,0.952058562368275
120.060030015007,0.944434662980051
120.56028014007,0.938023108352139
121.060530265133,0.937389793925111
121.560780390195,0.932841993182452
122.061030515258,0.92899385409251
122.56128064032,0.931599490592283
123.061530765383,0.926532975176059
123.561780890445,0.921810259020221
124.062031015508,0.929699547311199
124.56228114057,0.929687484179256
125.062531265633,0.919699210930127
125.562781390695,0.923064824742334
126.063031515758,0.932920403540084
126.56328164082,0.931104902182604
127.063531765883,0.924343516728333
127.563781890945,0.924524463707484
128.064032016008,0.930839513279849
128.564282141071,0.933221981838669
129.064532266133,0.935851744602328
129.564782391196,0.934808283689225
130.065032516258,0.929434158408444
130.565282641321,0.932045826474189
131.065532766383,0.935176209213499
131.565782891446,0.937184720682073
132.066033016508,0.935713018584979
132.566283141571,0.937287257303592
133.066533266633,0.944796556938353
133.566783391696,0.942914708355184
134.067033516758,0.938113581841714
134.567283641821,0.933143571481037
135.067533766883,0.93333055002616
135.567783891946,0.942359804285788
136.068034017009,0.947172993931201
136.568284142071,0.952052530802303
137.068534267134,0.952311888139086
137.568784392196,0.937980887390337
138.069034517259,0.928372602797426
138.569284642321,0.938849432890261
139.069534767384,0.951063353982945
139.569784892446,0.949700220073342
140.070035017509,0.947492666927701
140.570285142571,0.951069385548917
141.070535267634,0.946370795656966
141.570785392696,0.932172489359594
142.071035517759,0.927455804769728
142.571285642821,0.929301463957067
143.071535767884,0.927805635596086
143.571785892946,0.931810595401292
144.072036018009,0.946153659281985
144.572286143072,0.946744752747211
145.072536268134,0.926985342623936
145.572786393197,0.922262626468098
146.073036518259,0.92920495890152
146.573286643322,0.928674181096011
147.073536768384,0.934711778633678
147.573786893447,0.939241484678421
148.074037018509,0.928818938679331
148.574287143572,0.929862399592435
149.074537268634,0.945025756445278
149.574787393697,0.954314368041689
150.075037518759,0.957010478031037
150.575287643822,0.95730602476365
151.075537768884,0.959447230683602
151.575787893947,0.954525472850698
152.07603801901,0.944012453362033
152.576288144072,0.944102926851608
153.076538269135,0.953650895784802
153.576788394197,0.95944119911763
154.07703851926,0.951196048434322
154.577288644322,0.941883310574024
155.077538769385,0.951226206264181
155.577788894447,0.959103431423215
156.07803901951,0.946702531785409
156.578289144572,0.934265442751772
157.078539269635,0.933288329064358
157.578789394697,0.939874799105449
158.07903951976,0.948101855090842
158.579289644822,0.950291313538568
159.079539769885,0.948717074819955
159.579789894947,0.940508113532478
160.08004002001,0.930489682453491
160.580290145073,0.936346333012008
161.080540270135,0.948499938444974
161.580790395198,0.943439454594722
162.08104052026,0.93443432659898
162.581290645323,0.94041160847693
163.081540770385,0.944048642757863
163.581790895448,0.949676093809455
164.08204102051,0.960653543877941
164.582291145573,0.952933139434171
165.082541270635,0.936738384800168
165.582791395698,0.933161666178952
166.08304152076,0.940441766306789
166.583291645823,0.950176713785106
167.083541770885,0.958198696527461
167.583791895948,0.953735337708406
168.084042021011,0.939301800338138
168.584292146073,0.931599490592283
169.084542271136,0.930212230418793
169.584792396198,0.935061609460036
170.085042521261,0.935622545095404
170.585292646323,0.928897349036963
171.085542771386,0.935441598116253
171.585792896448,0.945387650403579
172.086043021511,0.944531168035599
172.586293146573,0.94528511378206
173.086543271636,0.94620794337573
173.586793396698,0.945858112549372
174.087043521761,0.948312959899852
174.587293646823,0.942064257553175
175.087543771886,0.938318655084752
175.587793896948,0.947764087396427
176.088044022011,0.951497626732907
176.588294147074,0.953759463972293
177.088544272136,0.957993623284423
177.588794397199,0.957975528586508
178.089044522261,0.959827219339819
178.589294647324,0.954012789743104
179.089544772386,0.944096895285636
179.589794897449,0.942341709587873
180.090045022511,0.942172825740666
180.590295147574,0.946871415632616
181.090545272636,0.954115326364623
181.590795397699,0.952697908361274
182.091045522761,0.939163074320789
182.591295647824,0.932468036092207
183.091545772886,0.942872487393382
183.591795897949,0.945146387764711
184.092046023012,0.943783253855108
184.592296148074,0.955448302444368
185.092546273137,0.962475076801393
185.592796398199,0.951937931048841
186.093046523262,0.941491258785864
186.593296648324,0.948053602563069
187.093546773387,0.960261492089781
187.593796898449,0.963687421561704
188.094047023512,0.970117070887532
188.594297148574,0.980292322681782
189.094547273637,0.973892831185813
189.594797398699,0.962263971992384
190.095047523762,0.969519945856334
190.595297648824,0.972547791974125
191.095547773887,0.964586124891487
191.595797898949,0.962553487159025
192.096048024012,0.956401289867896
192.596298149075,0.9506893968927
193.096548274137,0.950972880493369
193.5967983992,0.956105743135283
194.097048524262,0.969393282970928
194.597298649325,0.978350158438896
195.097548774387,0.969966281738239
195.59779889945,0.958663127107281
196.098049024512,0.957619666194178
196.598299149575,0.959031052631555
197.098549274637,0.954121357930595
197.5987993997,0.94628032216739
198.099049524762,0.948493906879003
198.599299649825,0.954241989250029
199.099549774887,0.957227614406018
199.59979989995,0.961347173964686
200.100050025013,0.956160027229028
200.600300150075,0.943843569514825
201.100550275138,0.940369387515129
201.6008004002,0.943572149046099
202.101050525263,0.943909916740514
202.601300650325,0.947957097507522
203.101550775388,0.954561662246528
203.60180090045,0.956389226735952
204.102051025513,0.960750048933488
204.602301150575,0.964182009971383
205.102551275638,0.960291649919639
205.6028014007,0.958403769770499
206.103051525763,0.961455742152177
206.603301650825,0.962649992214572
207.103551775888,0.962432855839591
207.60380190095,0.960357997145328
208.104052026013,0.953717243010491
208.604302151076,0.943511833386382
209.104552276138,0.937124405022356
209.604802401201,0.947661550774909
210.105052526263,0.957450782346971
210.605302651326,0.962625865950686
211.105552776388,0.975997847709935
211.605802901451,0.974809629213511
212.106053026513,0.964212167801242
212.606303151576,0.959971976923139
213.106553276638,0.953355349052189
213.606803401701,0.951316679753756
214.107053526763,0.953138212677208
214.607303651826,0.948686916990097
215.107553776888,0.948469780615116
215.607803901951,0.957016509597009
216.108054027014,0.957287930065735
216.608304152076,0.949778630430974
217.108554277139,0.954326431173632
217.608804402201,0.961805572978535
218.109054527264,0.963090296530506
218.609304652326,0.972789054612993
219.109554777389,0.984309345618931
219.609804902451,0.974875976439199
220.110055027514,0.958156475565659
220.610305152576,0.955912733024188
221.110555277639,0.96146780528412
221.610805402701,0.965478796655298
222.111055527764,0.965442607259467
222.611305652826,0.97050309110972
223.111555777889,0.983483021080809
223.611805902951,0.981727835383046
224.112056028014,0.962812844495808
224.612306153077,0.955448302444368
225.112556278139,0.960442439068932
225.612806403202,0.965750217124024
226.113056528264,0.965955290367062
226.613306653327,0.959851345603706
227.113556778389,0.960858617120979
227.613806903452,0.971932572245012
228.114057028514,0.976649256834878
228.614307153577,0.965575301710845
229.114557278639,0.958295201583008
229.614807403702,0.961154163853592
230.115057528764,0.95809012833997
230.615307653827,0.953542327597312
231.115557778889,0.95275219245502
231.615807903952,0.956093680003339
232.116058029015,0.958723442766998
232.616308154077,0.953023612923746
233.11655827914,0.947540919455475
233.616808404202,0.952516961382124
234.117058529265,0.962493171499308
234.617308654327,0.963506474582553
235.11755877939,0.951949994180784
235.617808904452,0.941720458292788
236.118059029515,0.950140524389276
236.618309154577,0.962662055346516
237.11855927964,0.973410305908077
237.618809404702,0.98711402379577
238.119059529765,0.987481949320043
238.619309654827,0.978663799869424
239.11955977989,0.975292154491246
239.619809904952,0.976643225268906
240.120060030015,0.964405177912336
240.620310155078,0.948988495288682
241.12056028014,0.95495974560066
241.620810405203,0.965894974707345
242.121060530265,0.968621242526551
242.621310655328,0.970418649186116
243.12156078039,0.966383531551052
243.621810905453,0.956491763357471
244.122061030515,0.959272315270423
244.622311155578,0.969085673106372
245.12256128064,0.970726259050673
245.622811405703,0.968217127606447
246.123061530765,0.96808443315507
246.623311655828,0.963645200599902
247.12356178089,0.958759632162829
247.623811905953,0.9681206225509
248.124062031016,0.973380148078219
248.624312156078,0.966576541662146
249.124562281141,0.962662055346516
249.624812406203,0.96530991280809
250.125062531266,0.97157067828671
250.625312656328,0.971124342404805
251.125562781391,0.964224230933185
251.625812906453,0.960520849426564
252.126063031516,0.964151852141525
252.626313156578,0.971793846227663
253.126563281641,0.970092944623645
253.626813406703,0.962306192954186
254.127063531766,0.961594468169526
254.627313656828,0.962668086912488
255.127563781891,0.961660815395214
255.627813906953,0.962064930315318
256.128064032016,0.968410137717542
256.628314157079,0.971703372738087
257.128564282141,0.972065266696389
257.628814407204,0.971860193453352
258.129064532266,0.962016677787544
258.629314657329,0.965937195669146
259.129564782391,0.98394745166063
259.629814907454,0.977608275824378
260.130065032516,0.958500274826046
260.630315157579,0.960273555221724
261.130565282641,0.972228118977625
261.630815407704,0.97989423932765
262.131065532766,0.9839112622648
262.631315657829,0.98298843267113
263.131565782891,0.97021960750905
263.631815907954,0.967390803068325
264.132066033016,0.981438320216404
264.632316158079,0.979369493088113
265.132566283142,0.972366844994974
265.632816408204,0.978597452643736
266.133066533267,0.985859458073657
266.633316658329,0.988169547840817
267.133566783392,0.979315208994368
267.633816908454,0.962957602079129
268.134067033517,0.960158955468262
268.634317158579,0.967246045485004
269.134567283642,0.967837138950231
269.634817408704,0.969314872613296
270.135067533767,0.97530421762319
270.635317658829,0.971311320949927
271.135567783892,0.967246045485004
271.635817908954,0.972059235130418
272.136068034017,0.978145085195859
272.63631815908,0.97946599814366
273.136568284142,0.971118310838833
273.636818409205,0.970442775450003
274.137068534267,0.969978344870183
274.63731865933,0.960201176430064
275.137568784392,0.959344694062083
275.637818909455,0.96530991280809
276.138069034517,0.968572989998778
276.63831915958,0.967426992464155
277.138569284642,0.96484548222827
277.638819409705,0.972439223786634
278.139069534767,0.981371972990716
278.63931965983,0.975847058560642
279.139569784892,0.97680004598417
279.639819909955,0.985099480761224
280.140070035018,0.974851850175313
280.64032016008,0.957788550041386
281.140570285143,0.959772935246074
281.640820410205,0.967095256335712
282.141070535268,0.966081953252467
282.64132066033,0.966190521439958
283.141570785393,0.976830203814029
283.641820910455,0.985949931563233
284.142071035518,0.983706189021762
284.64232116058,0.978223495553491
285.142571285643,0.964399146346364
285.642821410705,0.960816396159177
286.143071535768,0.974658840064218
286.64332166083,0.973711884206662
287.143571785893,0.96555720701293
287.643821910955,0.971751625265861
288.144072036018,0.960140860770347
288.644322161081,0.943741032893306
289.144572286143,0.962577613422912
289.644822411206,0.980268196417895
290.145072536268,0.984550608257799
290.645322661331,0.990292659062854
291.145572786393,0.978941251904122
291.645822911456,0.965816564349713
292.146073036518,0.971232910592295
292.646323161581,0.970527217373607
293.146573286643,0.970231670640994
293.646823411706,0.979622818858924
294.147073536768,0.987120055361742
294.647323661831,0.987988600861666
295.147573786893,0.976836235380001
295.647823911956,0.971474173231163
296.148074037018,0.972119550790135
296.648324162081,0.966932404054476
297.148574287144,0.96285506545761
297.648824412206,0.962993791474959
298.149074537269,0.966902246224618
298.649324662331,0.964013126124176
299.149574787394,0.960478628464762
299.649824912456,0.964628345853288
300.150075037519,0.961383363360516
300.650325162581,0.961479868416063
301.150575287644,0.974851850175313
301.650825412706,0.97850697915416
302.151075537769,0.968934883957079
302.651325662831,0.962529360895138
303.151575787894,0.960171018600205
303.651825912956,0.965527049183071
304.152076038019,0.972065266696389
304.652326163082,0.968699652884183
305.152576288144,0.967909517741891
305.652826413207,0.969393282970928
306.153076538269,0.968066338457155
306.653326663332,0.971100216140918
307.153576788394,0.978832683716632
307.653826913457,0.985002975705677
308.154077038519,0.982463686431593
308.654327163582,0.983760473115507
309.154577288644,0.985497564115355
309.654827413707,0.979978681251254
310.155077538769,0.98085325831715
310.655327663832,0.979936460289452
311.155577788894,0.975599764355803
311.655827913957,0.975328343887077
312.15607803902,0.977342886921623
312.656328164082,0.97783144376533
313.156578289145,0.97395314684553
313.656828414207,0.972107487658191
314.15707853927,0.974634713800332
314.657328664332,0.971003711085371
315.157578789395,0.966365436853137
315.657828914457,0.974990576192662
316.15807903952,0.989050156472684
316.658329164582,0.992530370038353
317.158579289645,0.986185162636129
317.658829414707,0.982391307639932
318.15907953977,0.984086177677979
318.659329664832,0.988151453142902
319.159579789895,0.975865153258558
319.659829914957,0.963759800353364
320.16008004002,0.977608275824378
320.660330165083,0.985117575459139
321.160580290145,0.982903990747526
321.660830415208,0.977614307390349
322.16108054027,0.97142592070339
322.661330665333,0.976842266945972
323.161580790395,0.984532513559884
323.661830915458,0.983633810230102
324.16208104052,0.975774679768982
324.662331165583,0.973820452394153
325.162581290645,0.972499539446351
325.662831415708,0.973820452394153
326.16308154077,0.986631498518034
326.663331665833,0.990165996177448
327.163581790895,0.977324792223708
327.663831915958,0.967433024030127
328.16408204102,0.970062786793786
328.664332166083,0.981329752028914
329.164582291146,0.985521690379242
329.664832416208,0.980437080265103
330.165082541271,0.988833020097703
330.665332666333,1.00308561048882
331.165582791396,0.998561936010048
331.665832916458,0.987174339455487
332.166083041521,0.98366396805996
332.666333166583,0.982011318983716
333.166583291646,0.98512360702511
333.666833416708,0.987487980886015
334.167083541771,0.980400890869273
334.667333666833,0.979767576442245
335.167583791896,0.983519210476639
335.667833916959,0.980117407268603
336.168084042021,0.9790739463555
336.668334167084,0.980340575209556
337.168584292146,0.97644418359184
337.668834417209,0.979888207761679
338.169084542271,0.988036853389439
338.669334667334,0.988416842045656
339.169584792396,0.979671071386698
339.669834917459,0.965514986051128
340.170085042521,0.961618594433412
340.670335167584,0.966383531551052
341.170585292646,0.974508050914926
341.670835417709,0.979067914789528
342.171085542771,0.975841026994671
342.671335667834,0.975913405786331
343.171585792896,0.984526481993913
343.671835917959,0.988356526385939
344.172086043022,0.984188714299498
344.672336168084,0.986161036372242
345.172586293147,0.981142773483791
345.672836418209,0.968844410467504
346.173086543272,0.969815492588947
346.673336668334,0.976836235380001
347.173586793397,0.982795422560036
347.673836918459,0.984604892351545
348.174087043522,0.984429976938365
348.674337168584,0.990395195684372
349.174587293647,0.992065939458532
349.674837418709,0.983585557702328
350.175087543772,0.976281331310605
350.675337668834,0.979363461522141
351.175587793897,0.987674959431138
351.675837918959,0.99337478927439
352.176088044022,0.988193674104703
352.676338169085,0.986462614670827
353.176588294147,0.994611260298588
353.67683841921,0.99750038039903
354.177088544272,0.999478734037746
354.677338669335,0.98921300875392
355.177588794397,0.970877048199965
355.67783891946,0.972330655599144
356.178089044522,0.977771128105613
356.678339169585,0.969972313304211
357.178589294647,0.974140125390653
357.67883941971,0.991764361159947
358.179089544772,0.999985385579369
358.679339669835,0.995027438350635
359.179589794897,0.982723043768375
359.67983991996,0.974224567314256
360.180090045022,0.974936292098916
360.680340170085,0.979562503199207
361.180590295148,0.985750889886167
361.68084042021,0.987313065472836
362.181090545273,0.980973889636584
362.681340670335,0.977294634393849
363.181590795398,0.977958106650736
363.68184092046,0.985871521205601
364.182091045523,0.9926268750939
364.682341170585,0.989942828236495
365.182591295648,0.988941588285194
365.68284142071,0.99031678532674
366.183091545773,0.988549536497034
366.683341670835,0.986541025028459
367.183591795898,0.992427833416834
367.683841920961,0.994128735020852
368.184092046023,0.993085274107749
368.684342171086,0.995986457340134
369.184592296148,0.994635386562475
369.684842421211,0.997952747846907
370.185092546273,1.00283228471801
370.685342671336,0.997651169548322
371.185592796398,0.990479637607976
371.685842921461,0.992174507646023
372.186093046523,0.990781215906561
372.686343171586,0.984134430205752
373.186593296648,0.986824508629129
373.686843421711,0.992964642788315
374.187093546773,0.990449479778118
374.687343671836,0.982216392226753
375.187593796898,0.979761544876273
375.687843921961,0.981932908626083
376.188094047024,0.982445591733678
376.688344172086,0.980388827737329
377.188594297149,0.977445423543142
377.688844422211,0.983633810230102
378.189094547274,0.99550996362837
378.689344672336,0.989375861035156
379.189594797399,0.971220847460352
379.689844922461,0.977306697525793
380.190095047524,0.998368925898954
380.690345172586,1.00336306252352
381.190595297649,1.00081171011749
381.690845422711,0.995262669423531
382.191095547774,0.985955963129204
382.691345672836,0.982210360660781
383.191595797899,0.979803765838075
383.691845922961,0.985437248455639
384.192096048024,0.998984145628067
384.692346173087,0.999454607773859
385.192596298149,0.997934653148992
385.692846423212,1.00789880013423
386.193096548274,1.00685533922113
386.693346673337,1.00307354735688
387.193596798399,1.0090568608008
387.693846923462,1.00579981517608
388.194097048524,0.991143109864863
388.694347173587,0.975581669657888
389.194597298649,0.974182346352454
389.694847423712,0.989985049198297
390.195097548774,1.00614964600244
390.695347673837,1.00695787584265
391.195597798899,1.00070917349597
391.695847923962,0.995672815909606
392.196098049024,0.991498972257193
392.696348174087,0.996493108881757
393.19659829915,1.00467191233938
393.696848424212,0.99227101270157
394.197098549275,0.979363461522141
394.697348674337,0.99237958088906
395.1975987994,1.00025680604809
395.697848924462,0.991408498767617
396.198099049525,0.984544576691828
396.698349174587,0.984641081747375
397.19859929965,0.989713628729571
397.698849424712,0.999943164617567
398.199099549775,1.00061266844042
398.699349674837,0.984834091858469
399.1995997999,0.981408162386546
399.699849924963,0.991287867448183
400.200100050025,0.987910190504034
400.700350175088,0.984514418861969
401.20060030015,0.993959851173645
401.700850425213,1.00067901566611
402.201100550275,0.998652409499624
402.701350675338,0.996842939708115
403.2016008004,0.996686118992851
403.701850925463,0.993230031691069
404.202101050525,0.992741474847362
404.702351175588,0.990304722194797
405.20260130065,0.987053708136053
405.702851425713,0.992711317017504
406.203101550775,0.995678847475578
406.703351675838,0.999140966343331
407.2036018009,0.996082962395682
407.703851925963,0.991498972257193
408.204102051026,0.997922590017049
408.704352176088,0.992457991246692
409.204602301151,0.986106752278497
409.704852426213,0.9929465480904
410.205102551276,1.00333893625963
410.705352676338,1.00735595919678
411.205602801401,1.00244626449582
411.705852926463,0.997542601360832
412.206103051526,0.998610188537822
412.706353176588,0.997717516774011
413.206603301651,0.994394123923607
413.706853426713,0.99511791184021
414.207103551776,0.992264981135598
414.707353676838,0.999074619117643
415.207603801901,1.0097384277556
415.707853926963,1.00532332146432
416.208104052026,0.993519546857711
416.708354177089,0.98398364105646
417.208604302151,0.991655792972457
417.708854427214,1.00617377226633
418.209104552276,1.00990128003684
418.709354677339,1.00124598286745
419.209604802401,0.984707428973064
419.709854927464,0.976420057327954
420.210105052526,0.983042716764875
420.710355177589,0.99269925388556
421.210605302651,0.990576142663523
421.710855427714,0.987680990997109
422.211105552776,0.995310921951304
422.711355677839,1.00315195771451
423.211605802901,1.00076948915569
423.711855927964,0.996450887919955
424.212106053027,1.00312179988465
424.712356178089,1.00081171011749
425.212606303152,0.984110303941866
425.712856428214,0.972035108866531
426.213106553277,0.970973553255512
426.713356678339,0.987017518740223
427.213606803402,0.984773776198752
427.713856928464,0.96356679024227
428.214107053527,0.972004951036672
428.714357178589,0.990998352281542
429.214607303652,0.993121463503579
429.714857428714,0.988664136250496
430.215107553777,0.991161204562778
430.715357678839,0.992638938225843
431.215607803902,0.988513347101203
431.715857928965,0.989074282736571
432.216108054027,0.992102128854362
432.71635817909,0.997801958697615
433.216608304152,1.00244023292985
433.716858429215,0.998266389277435
434.217108554277,0.99444237645138
434.71735867934,0.991981497534928
435.217608804402,0.990944068187797
435.717858929465,0.991511035389136
436.218109054527,0.982433528601734
436.71835917959,0.973114759175464
437.218609304652,0.976818140682086
437.718859429715,0.989737754993458
438.219109554777,0.994774112579824
438.71935967984,0.989586965844165
439.219609804902,0.983772536247451
439.719859929965,0.979291082730481
440.220110055028,0.989985049198297
440.72036018009,1.00983493281115
441.220610305153,1.01172884452626
441.720860430215,1.00135455105494
442.221110555278,0.9913481831079
442.72136068034,0.984906470650129
443.221610805403,0.986251509861818
443.721860930465,0.980575806282452
444.222111055528,0.977186066206359
444.72236118059,0.988060979653326
445.222611305653,1.00044378459322
445.722861430715,0.999659681016897
446.223111555778,0.987849874844317
446.72336168084,0.993236063257041
447.223611805903,1.00359226203044
447.723861930965,0.996167404319285
448.224112056028,0.995564247722116
448.724362181091,1.0023437278743
449.224612306153,0.996993728857408
449.724862431216,0.996661992728964
450.225112556278,0.994804270409682
450.725362681341,0.983470957948866
451.225612806403,0.983452863250951
451.725862931466,0.990678679285042
452.226113056528,0.998875577440577
452.726363181591,0.999683807280784
453.226613306653,0.993555736253541
453.726863431716,0.995003312086748
454.227113556778,0.998845419610718
454.727363681841,0.998833356478775
455.227613806903,0.994587134034701
455.727863931966,0.990913910357938
456.228114057029,0.990407258816316
456.728364182091,0.991450719729419
457.228614307154,0.994973154256889
457.728864432216,0.995528058326285
458.229114557279,0.996487077315785
458.729364682341,1.00812799964116
459.229614807404,1.01508842677249
459.729864932466,1.004539217888
460.230115057529,0.990823436868363
460.730365182591,0.986553088160402
461.230615307654,0.987994632427638
461.730865432716,0.986848634893015
462.231115557779,0.991909118743268
462.731365682841,0.995781384097097
463.231615807904,0.990871689396136
463.731865932966,0.99330241048273
464.232116058029,0.993983977437531
464.732366183092,0.985413122191752
465.232616308154,0.986631498518034
465.732866433217,1.00098662553067
466.233116558279,1.00660201345032
466.733366683342,0.991637698274542
467.233616808404,0.9832719162718
467.733866933467,0.989779975955259
468.234117058529,0.992126255118249
468.734367183592,0.988640009986609
469.234617308654,0.986275636125704
469.734867433717,0.992337359927258
470.235117558779,0.994309682000003
470.735367683842,0.99468967065622
471.235617808904,0.997699422076096
471.735867933967,0.991939276573127
472.23611805903,0.985949931563233
472.736368184092,0.987457823056157
473.236618309155,0.992741474847362
473.736868434217,0.99931588175651
474.23711855928,1.00258499051317
474.737368684342,0.994955059558974
475.237618809405,0.982415433903819
475.737868934467,0.986106752278497
476.23811905953,1.00357416733253
476.738369184592,1.00288656881175
477.238619309655,0.995226480027701
477.738869434717,1.00185517103059
478.23911955978,1.00502777473171
478.739369684842,1.0004256898953
479.239619809905,0.993308442048701
479.739869934967,0.986130878542384
480.24012006003,0.983410642289149
480.740370185093,0.993543673121598
481.240620310155,1.00559474193305
481.740870435218,1.0033449678256
482.24112056028,0.999159061041246
482.741370685343,0.993495420593824
483.241620810405,0.987904158938062
483.741870935468,0.987982569295694
484.24212106053,0.997349591249738
484.742371185593,1.01549857325857
485.242621310655,1.02010065809497
485.742871435718,1.00493126967616
486.24312156078,0.988555568063005
486.743371685843,0.982288771018413
487.243621810905,0.980895479278952
487.743871935968,0.985630258566733
488.244122061031,0.997391812211539
488.744372186093,1.00294688447147
489.244622311156,1.0022170649889
489.744872436218,1.00192151825628
490.245122561281,1.00271768496455
490.745372686343,1.00385161936723
491.245622811406,0.999213345134991
491.745872936468,0.991360246239844
492.246123061531,0.980732626997716
492.746373186593,0.977095592716783
493.246623311656,0.98643848840694
493.746873436718,0.996903255367832
494.247123561781,1.00814609433907
494.747373686843,1.00803752615158
495.247623811906,1.00044378459322
495.747873936968,0.996095025527625
496.248124062031,0.985075354497337
496.748374187094,0.988989840812967
497.248624312156,1.00802546301964
497.748874437219,1.00823053626268
498.249124562281,1.00657185562046
498.749374687344,1.01130663490824
499.249624812406,0.995974394208191
499.749874937469,0.979441871879773
500.250125062531,0.983760473115507
500.750375187594,0.991722140198146
501.250625312656,0.993579862517428
501.750875437719,0.991064699507231
502.251125562781,0.990226311837165
502.751375687844,0.991679919236344
503.251625812906,0.992638938225843
503.751875937969,0.997373717513624
504.252126063032,1.00016633255852
504.752376188094,0.994388092357635
505.252626313157,0.987421633660327
505.752876438219,0.998127663260086
506.253126563282,1.00676486573155
506.753376688344,0.996680087426879
507.253626813407,0.990298690628825
507.753876938469,0.994345871395833
508.254127063532,1.00028696387795
508.754377188594,0.994828396673569
509.254627313657,0.989369829469184
509.754877438719,0.995751226267238
510.255127563782,1.0032183049402
510.755377688844,1.00298910543327
511.255627813907,1.00148724550632
511.755877938969,1.00444874439842
512.256128064032,1.00308561048882
512.756378189095,1.00599885685315
513.256628314157,1.01428622849826
513.75687843922,1.01960003811932
514.257128564282,1.02039620482759
514.757378689345,1.02011875279289
515.257628814407,1.02671728596592
515.75787893947,1.02536018362229
516.258129064532,1.01588459348076
516.758379189595,1.0080133998877
517.258629314657,0.999291755492624
517.75887943972,0.998929861534322
518.259129564782,1.00099265709664
518.759379689845,1.00104694119039
519.259629814907,1.0129351577206
519.75987993997,1.01505223737666
520.260130065033,1.01072760457496
520.760380190095,1.0225675685774
521.260630315158,1.0278934413304
521.76088044022,1.02180155969899
522.261130565283,1.01319451505738
522.761380690345,0.997633074850407
523.261630815408,0.978736178661085
523.76188094047,0.984984881007761
524.262131065533,1.00980477498129
524.762381190595,1.01418369187674
525.262631315658,1.00127010913134
525.76288144072,0.990895815660023
526.263131565783,0.993700493836862
526.763381690845,1.00250658015554
527.263631815908,0.999732059808557
527.76388194097,0.988923493587279
528.264132066033,0.983965546358545
528.764382191096,0.983217632178055
529.264632316158,0.992349423059202
529.764882441221,1.00923177621398
530.265132566283,1.01355640901568
530.765382691346,1.00986509064101
531.265632816408,1.00678296042947
531.765882941471,0.996698182124794
532.266133066533,0.986106752278497
532.766383191596,0.986914982118704
533.266633316658,0.988326368556081
533.766883441721,0.988459063007458
534.267133566783,0.993935724909758
534.767383691846,0.993097337239692
535.267633816908,0.988048916521383
535.767883941971,0.996336288166493
536.268134067034,1.00248848545762
536.768384192096,0.989116503698373
537.268634317159,0.985364869663978
537.768884442221,1.00069711036403
538.269134567284,1.00871909310638
538.769384692346,1.00861052491889
539.269634817409,1.00397828225263
539.769884942471,0.999822533298133
540.270135067534,1.00099868866261
540.770385192596,1.00563696289485
541.270635317659,1.01315229409558
541.770885442721,1.00958160704034
542.271135567784,0.99725308619419
542.771385692846,0.989828228483033
543.271635817909,0.986770224535383
543.771885942971,0.996161372753313
544.272136068034,1.0151306477343
544.772386193097,1.01083014119648
545.272636318159,1.00043775302725
545.772886443222,1.00269355870066
546.273136568284,1.00165612935353
546.773386693347,1.01287484206088
547.273636818409,1.01598109853631
547.773886943472,1.00237388570416
548.274137068534,1.009653985832
548.774387193597,1.01961813281724
549.274637318659,1.0103777737486
549.774887443722,1.00260911677706
550.275137568784,1.00089615204109
550.775387693847,0.997988937242737
551.275637818909,0.993362726142447
551.775887943972,0.996661992728964
552.276138069035,1.00278403219024
552.776388194097,0.991299930580127
553.27663831916,0.979043788525641
553.776888444222,0.980503427490792
554.277138569285,0.992705285451532
554.777388694347,1.00559474193305
555.27763881941,0.998941924666265
555.777888944472,0.992210697041853
556.278139069535,1.00311576831868
556.778389194597,0.999900943655765
557.27863931966,0.98736131800061
557.778889444722,0.996529298277587
558.279139569785,1.0099736588285
558.779389694847,1.01126441394644
559.27963981991,1.0049433328081
559.779889944973,1.00031109014184
560.280140070035,0.998393052162841
560.780390195098,0.9887485781741
561.28064032016,0.989363797903212
561.780890445223,1.00584203613789
562.281140570285,1.00281419002009
562.781390695348,0.991921181875211
563.28164082041,0.997560696058747
563.781890945473,1.00195770765211
564.282141070535,1.0091413027244
564.782391195598,1.01046824723818
565.28264132066,1.00242816979791
565.782891445723,1.00345353601309
566.283141570785,1.00635471924548
566.783391695848,1.00651757152671
567.28364182091,1.01235009582134
567.783891945973,1.01656616043556
568.284142071035,1.00978668028337
568.784392196098,1.0073740538947
569.284642321161,1.00092027830498
569.784892446223,0.99362208347923
570.285142571286,0.998332736503124
570.785392696348,0.992729411715419
571.285642821411,0.986728003573581
571.785892946473,0.995142038104097
572.286143071536,0.995853762888757
572.786393196598,0.9977838639997
573.286643321661,1.00757309557176
573.786893446723,1.00316402084645
574.287143571786,1.00695184427668
574.787393696848,1.0217774334351
575.287643821911,1.01568555180369
575.787893946973,1.00198786548197
576.288144072036,0.996275972506776
576.788394197099,0.994912838597172
577.288644322161,1.00123995130148
577.788894447224,1.01224755919983
578.289144572286,1.01034158435277
578.789394697349,0.996595645503276
579.289644822411,0.996547392975502
579.789894947474,0.999973322447425
580.290145072536,0.985684542660478
580.790395197599,0.978193337723632
581.290645322661,0.994315713565975
581.790895447724,1.00237388570416
582.291145572786,0.988235895066505
582.791395697849,0.982493844261451
583.291645822912,0.984158556469639
583.791895947974,0.986860698024959
584.292146073037,0.996927381631719
584.792396198099,0.99999141714534
585.292646323162,0.999424449944001
585.792896448224,0.996131214923455
586.293146573287,0.993380820840362
586.793396698349,0.99511791184021
587.293646823412,0.989080314302543
587.793896948474,0.983531273608583
588.294147073537,0.984436008504337
588.794397198599,0.982451623299649
589.294647323662,0.979478061275603
589.794897448724,0.982530033657281
590.295147573787,0.990437416646174
590.795397698849,0.993742714798663
591.295647823912,1.0016199399577
591.795897948974,1.01262754785604
592.296148074037,1.00753690617593
592.7963981991,0.999804438600218
593.296648324162,0.986354046483336
593.796898449225,0.975424848942624
594.297148574287,0.978374284702783
594.79739869935,0.983549368306498
595.297648824412,1.0038154299714
595.797898949475,1.01603538263005
596.298149074537,1.00836926228003
596.7983991996,1.00146311924243
597.298649324662,0.998013063506624
597.798899449725,0.994961091124946
598.299149574787,0.989062219604628
598.79939969985,0.98601024722295
599.299649824912,0.983724283719677
599.799899949975,0.981166899747678
600.300150075038,0.9865108671986
600.8004002001,0.993760809496579
601.300650325163,0.996095025527625
601.800900450225,1.00096249926678
602.301150575288,1.007735947853
602.80140070035,1.0113367927381
603.301650825413,1.00780832664466
603.801900950475,1.00085996264526
604.302151075538,0.99821210518369
604.8024012006,0.999346039586369
605.302651325663,1.00420748175956
605.802901450725,1.01019079520348
606.303151575788,1.01298944181434
606.80340170085,1.00893019791539
607.303651825913,1.00286847411384
607.803901950976,1.00407478730818
608.304152076038,1.00370083021793
608.804402201101,1.00777213724883
609.304652326163,1.01365291407123
609.804902451226,1.0033449678256
610.305152576288,1.00081774168346
610.805402701351,1.00259705364511
611.305652826413,0.997434033173341
611.805902951476,1.00662613971421
612.306153076538,1.01343577769625
612.806403201601,0.999183187305133
613.306653326663,0.99031678532674
613.806903451726,1.00142089828063
614.307153576788,1.01039586844652
614.807403701851,1.00985302750906
615.307653826913,1.00637884550937
615.807903951976,0.999665712582869
616.308154077038,0.999303818624567
616.808404202101,1.00485285931853
617.308654327164,1.00563093132888
617.808904452226,1.00282625315204
618.309154577289,0.991390404069702
618.809404702351,0.982150045001065
619.309654827414,0.994774112579824
619.809904952476,1.00793498953006
620.310155077539,1.00838132541197
620.810405202601,1.01178312862001
621.310655327664,1.01639727658835
621.810905452726,1.01144536092559
622.311155577789,0.999695870412727
622.811405702851,1.00070917349597
623.311655827914,1.01691599126192
623.811905952977,1.02243487412602
624.312156078039,1.00747659051621
624.812406203102,0.994828396673569
625.312656328164,1.00678899199544
625.812906453227,1.01514271086624
626.313156578289,0.99611312022554
626.813406703352,0.987234655115204
627.313656828414,0.999436513075944
627.813906953477,0.997132454874757
628.314157078539,0.986806413931214
628.814407203602,0.99052789013575
629.314657328664,0.993742714798663
629.814907453727,0.992301170531428
630.315157578789,1.0004679108571
630.815407703852,1.010932677818
631.315657828914,1.00616774070036
631.815907953977,1.00499761690185
632.316158079039,1.01199423342901
632.816408204102,1.01035364748471
633.316658329165,1.01344784082819
633.816908454227,1.01859276660205
634.31715857929,1.0141716287448
634.817408704352,1.00555855253722
635.317658829415,0.996209625281087
635.817908954477,0.997373717513624
636.31815907954,1.0155347626544
636.818409204602,1.02400308127866
637.318659329665,1.00726548570721
637.818909454727,1.00023871135018
638.31915957979,1.00946700728687
638.819409704852,1.00421351332553
639.319659829915,0.992385612455032
639.819909954977,0.993784935760465
640.32016008004,0.998127663260086
640.820410205103,0.990256469667023
641.320660330165,0.990123775215646
641.820910455228,1.00351988323878
642.32116058029,1.01308594686989
642.821410705353,1.01706074884524
643.321660830415,1.01006413231807
643.821910955478,1.01388814514413
644.32216108054,1.01795342060905
644.822411205603,0.992240854871711
645.322661330665,0.989454271392788
645.822911455728,1.0148954166614
646.32316158079,1.01578808842521
646.823411705853,1.00372495648182
647.323661830916,1.0004256898953
647.823911955978,1.00308561048882
648.324162081041,1.00951525981465
648.824412206103,1.00565505759276
649.324662331166,1.00075742602375
649.824912456228,1.00695787584265
650.325162581291,1.00031109014184
650.825412706353,0.988030821823468
651.325662831416,0.994846491371484
651.825912956478,1.00744643268636
652.326163081541,1.00395415598874
652.826413206603,0.980310417379697
653.326663331666,0.964767071870638
653.826913456728,0.984490292598082
654.327163581791,1.00465984920743
654.827413706853,0.999382228982199
655.327663831916,0.984297282486988
655.827913956978,0.977632402088264
656.328164082041,0.990648521455184
656.828414207104,1.00462969137757
657.328664332166,1.00672264476975
657.828914457229,1.00695184427668
658.329164582291,1.01187360210958
658.829414707354,1.00830291505434
659.329664832416,0.994665544392333
659.829914957479,0.995787415663068
660.330165082541,1.00379130370751
660.830415207604,0.999291755492624
661.330665332666,0.993754777930607
661.830915457729,0.997162612704615
662.331165582791,1.0006609209682
662.831415707854,0.999346039586369
663.331665832916,0.995021406784663
663.831915957979,0.996734371520625
664.332166083042,1.00382749310334
664.832416208104,1.0013002669612
665.332666333167,0.988621915288694
665.832916458229,0.985141701723026
666.333166583292,0.993169716031352
666.833416708354,0.996203593715115
667.333666833417,1.00207833897155
667.833916958479,1.00171041344727
668.334167083542,0.990738994944759
668.834417208604,0.991468814427334
669.334667333667,0.997440064739313
669.834917458729,0.996746434652568
670.335167583792,0.99273544328139
670.835417708854,1.00310973675271
671.335667833917,1.01906322874784
671.83591795898,1.009653985832
672.336168084042,0.996607708635219
672.836418209105,0.999376197416227
673.336668334167,0.998055284468426
673.83691845923,0.990503763871863
674.337168584292,0.985744858320195
674.837418709355,0.982602412448942
675.337668834417,0.988296210726222
675.83791895948,0.996462951051898
676.338169084542,0.99444237645138
676.838419209605,0.993971914305588
677.338669334667,0.991112952035004
677.83891945973,0.985268364608431
678.339169584792,0.995027438350635
678.839419709855,1.00681311825933
679.339669834917,1.00537760555806
679.83991995998,1.00263927460691
680.340170085042,1.00143899297855
680.840420210105,1.00338115722143
681.340670335168,1.01096886721383
681.84092046023,1.01303166277615
682.341170585293,1.00479857522478
682.841420710355,1.00032918483976
683.341670835418,1.00608329877675
683.84192096048,1.00888797695359
684.342171085543,1.00821847313073
684.842421210605,1.01072157300899
685.342671335668,1.01473256438016
685.84292146073,1.01681948620637
686.343171585793,1.01391830297399
686.843421710855,1.00464778607549
687.343671835918,0.999774280770359
687.843921960981,1.00686740235307
688.344172086043,1.00800736832172
688.844422211106,1.00251261172151
689.344672336168,1.00141486671466
689.844922461231,1.00995556413058
690.345172586293,1.01505826894264
690.845422711356,1.00288053724578
691.345672836418,0.998773040819058
691.845922961481,1.00482873305464
692.346173086543,1.00127010913134
692.846423211606,0.991909118743268
693.346673336668,0.990757089642674
693.846923461731,0.997801958697615
694.347173586793,0.997952747846907
694.847423711856,1.00217484402709
695.347673836918,1.01388211357816
695.847923961981,1.01182534958181
696.348174087044,1.00313989458257
696.848424212106,1.00127010913134
697.348674337169,1.00075742602375
697.848924462231,0.999665712582869
698.349174587294,1.00207833897155
698.849424712356,1.00037140580156
699.349674837419,0.994822365107597
699.849924962481,0.996028678301936
700.350175087544,1.00275387436038
700.850425212606,1.01014857424168
701.350675337669,1.00478651209284
701.850925462731,0.992168476080051
702.351175587794,0.997717516774011
702.851425712856,1.003260525902
703.351675837919,0.998537809746161
703.851925962981,1.00830894662031
704.352176088044,1.01258532689424
704.852426213107,0.99579344722904
705.352676338169,0.992470054378636
705.852926463232,1.00556458410319
706.353176588294,1.01669282332097
706.853426713357,1.02054699397688
707.353676838419,1.02020319471649
707.853926963482,1.01464209089059
708.354177088544,0.998748914555171
708.854427213607,0.988115263747071
709.354677338669,0.994756017881908
709.854927463732,1.01178312862001
710.355177588794,1.01376148225872
710.855427713857,0.998941924666265
711.355677838919,0.994587134034701
711.855927963982,1.00200596017989
712.356178089045,1.00470207016923
712.856428214107,1.00434017621093
713.35667833917,1.00666836067601
713.856928464232,1.00415922923178
714.357178589295,1.00028093231198
714.857428714357,1.00190342355837
715.35767883942,1.00508205882545
715.857928964482,1.00420748175956
716.358179089545,0.999255566096793
716.858429214607,1.00666836067601
717.35867933967,1.01503414267875
717.858929464732,1.00914733429037
718.359179589795,1.01487732196349
718.859429714857,1.02759186303182
719.35967983992,1.02114411900808
719.859929964982,1.01070950987704
720.360180090045,1.01681948620637
720.860430215107,1.01953369089363
721.36068034017,1.01326689384904
721.860930465233,1.01320657818933
722.361180590295,1.01382179791844
722.861430715358,1.01446114391144
723.36168084042,1.01064919421733
723.861930965483,0.996933413197691
724.362181090545,0.988597789024807
724.862431215608,0.994569039336786
725.36268134067,1.00569124698859
725.862931465733,1.00816418903699
726.363181590795,0.998091473864256
726.863431715858,0.988440968309543
727.36368184092,0.990196154007306
727.863931965983,0.992228791739768
728.364182091046,0.995136006538125
728.864432216108,1.00149327707229
729.364682341171,1.00223515968681
729.864932466233,1.00427986055122
730.365182591296,1.00663820284615
730.865432716358,1.00821244156476
731.365682841421,1.00215674932918
731.865932966483,0.991903087177296
732.366183091546,1.00009998533283
732.866433216608,1.00874925093624
733.366683341671,1.00719913848152
733.866933466733,1.00983493281115
734.367183591796,1.00909305019663
734.867433716858,1.00852005142932
735.367683841921,1.00860449335292
735.867933966984,1.00285037941592
736.368184092046,1.00241007509999
736.868434217109,0.997283244024049
737.368684342171,0.983187474348196
737.868934467234,0.981558951535838
738.369184592296,0.989574902712222
738.869434717359,0.998031158204539
739.369684842421,1.01117997202284
739.869934967484,1.01583634095298
740.370185092546,0.996770560916455
740.870435217609,0.980400890869273
741.370685342671,0.990232343403137
741.870935467734,1.00859243022098
742.371185592796,1.018815934543
742.871435717859,1.01291103145671
743.371685842921,0.99675246621854
743.871935967984,0.988676199382439
744.372186093046,0.991758329593976
744.872436218109,0.999539049697463
745.372686343172,1.00515443761711
745.872936468234,1.00523284797474
746.373186593297,1.01140917152976
746.873436718359,1.00795308422798
747.373686843422,0.985328680268148
747.873936968484,0.982198297528838
748.374187093547,1.00204818114169
748.874437218609,1.01575793059535
749.374687343672,1.01664457079319
749.874937468734,1.0094609757209
750.375187593797,1.00747659051621
750.875437718859,1.01777850519587
751.375687843922,1.01495573232112
751.875937968985,1.00283831628398
752.376188094047,1.00221103342292
752.87643821911,0.995280764121446
753.376688344172,0.992807822073051
753.876938469235,1.00777213724883
754.377188594297,1.01387005044621
754.87743871936,1.01204851752276
755.377688844422,1.00634868767951
755.877938969485,0.987946379899864
756.378189094547,0.979001567563839
756.87843921961,0.985708668924365
757.378689344672,0.987029581872166
757.878939469735,0.987210528851317
758.379189594797,0.996095025527625
758.87943971986,1.00329671529783
759.379689844922,0.996933413197691
759.879939969985,0.994394123923607
760.380190095048,1.00835719914808
760.88044022011,1.01809817819237
761.380690345173,1.0152150896579
761.880940470235,1.0117409076582
762.381190595298,1.01487129039751
762.88144072036,1.0097806487174
763.381690845423,0.994412218621522
763.881940970485,0.992222760173796
764.382191095548,1.00122185660357
764.88244122061,1.00077552072166
765.382691345673,0.992904327128598
765.882941470735,0.993712556968805
766.383191595798,0.998067347600369
766.88344172086,0.999840627996048
767.383691845923,1.00685533922113
767.883941970985,1.01355640901568
768.384192096048,0.998157821089945
768.884442221111,0.975521353998171
769.384692346173,0.985642321698676
769.884942471236,1.00309164205479
770.385192596298,0.999092713815558
770.885442721361,0.992711317017504
771.385692846423,0.988356526385939
771.885942971486,0.986408330577082
772.386193096548,0.998013063506624
772.886443221611,1.00747659051621
773.386693346673,0.996842939708115
773.886943471736,0.991299930580127
774.387193596798,0.999774280770359
774.887443721861,1.00067298410014
775.387693846923,1.00128820382925
775.887943971986,1.00589632023163
776.388194097049,1.00966001739797
776.888444222111,1.01552269952246
777.388694347174,1.01365291407123
777.888944472236,1.00903876610288
778.389194597299,1.01245866400884
778.889444722361,1.01319451505738
779.389694847424,1.00209643366946
779.889944972486,0.991993560666872
780.390195097549,0.990111712083703
780.890445222611,0.981251341671282
781.390695347674,0.978048580140311
781.890945472736,0.993953819607673
782.391195597799,1.0037068617839
782.891445722861,0.997976874110794
783.391695847924,0.988169547840817
783.891945972986,0.979870113063763
784.392196098049,0.986317857087506
784.892446223112,1.00630043515173
785.392696348174,1.01599316166825
785.892946473237,1.0152995315815
786.393196598299,1.01119203515478
786.893446723362,1.0006609209682
787.393696848424,0.989068251170599
787.893946973487,0.991571351048853
788.394197098549,1.00368273552002
788.894447223612,0.990558047965608
789.394697348674,0.975684206279407
789.894947473737,0.992138318250193
790.395197598799,1.00172247657922
790.895447723862,1.00063679470431
791.395697848924,1.00049203712099
791.895947973987,0.998399083728813
792.39619809905,1.00813403120713
792.896448224112,1.01239231678315
793.396698349175,0.995956299510276
793.896948474237,0.980762784827574
794.3971985993,0.989629186805967
794.897448724362,1.00394812442277
795.397698849425,1.00187326572851
795.897948974487,0.994388092357635
796.39819909955,0.988977777681024
796.898449224612,0.997494348833058
797.398699349675,1.00409288200609
797.898949474737,0.997295307155992
798.3991995998,0.996565487673417
798.899449724862,0.999068587551671
799.399699849925,1.00642106647117
799.899949974988,1.01145139249156
800.40020010005,1.0026634008708
800.900450225113,0.99511791184021
801.400700350175,0.997970842544822
801.900950475238,1.00500364846782
802.4012006003,1.00861052491889
802.901450725363,1.00525697423863
803.401700850425,1.00344147288115
803.901950975488,1.00776007411688
804.40220110055,0.999008271891954
804.902451225613,0.989629186805967
805.402701350675,1.00203611800975
805.902951475738,1.01053459446386
806.4032016008,1.00774197941897
806.903451725863,1.00339925191935
807.403701850925,1.00000348027728
807.903951975988,1.00241610666596
808.40420210105,1.00339925191935
808.904452226113,0.997210865232389
809.404702351176,0.99952698656552
809.904952476238,1.01248279027272
810.405202601301,1.01707281197718
810.905452726363,1.01420178657466
811.405702851426,1.00567315229068
811.905952976488,0.995232511593672
812.406203101551,0.997723548339983
812.906453226613,0.999864754259935
813.406703351676,0.988012727125553
813.906953476738,0.98409220924395
814.407203601801,0.989448239826816
814.907453726863,0.993923661777814
815.407703851926,1.00095043613484
815.907953976988,1.010293331825
816.408204102051,1.01491954292529
816.908454227114,1.01019079520348
817.408704352176,0.997844179659417
817.908954477239,0.98921300875392
818.409204602301,0.997512443530973
818.909454727364,0.996583582371332
819.409704852426,0.992572591000154
819.909954977489,1.00295894760341
820.410205102551,1.00409288200609
820.910455227614,1.00329068373186
821.410705352676,1.0104622156722
821.910955477739,1.01157805537697
822.411205602801,1.00192151825628
822.911455727864,0.996257877808861
823.411705852927,1.00546807904764
823.911955977989,1.00975652245352
824.412206103052,1.00294688447147
824.912456228114,1.00244023292985
825.412706353177,1.00915939742232
825.912956478239,1.02081238287963
826.413206603302,1.01445511234547
826.913456728364,0.996016615169993
827.413706853427,0.994852522937456
827.913956978489,0.997687358944153
828.414207103552,1.00523887954072
828.914457228614,1.01742867436951
829.414707353677,1.01805595723057
829.914957478739,1.00727151727318
830.415207603802,0.996637866465077
830.915457728864,1.00044981615919
831.415707853927,1.01127647707838
831.915957978989,1.00770579002314
832.416208104052,0.997524506662917
832.916458229115,0.993712556968805
833.416708354177,0.990310753760769
833.91695847924,0.991287867448183
834.417208604302,0.998803198648916
834.917458729365,1.00531728989835
835.417708854427,1.01520302652596
835.91795897949,1.02706711679228
836.418209104552,1.02691632764299
836.918459229615,1.01707281197718
837.418709354677,1.00487698558241
837.91895947974,0.993718588534777
838.419209604802,0.993139558201494
838.919459729865,1.00344147288115
839.419709854927,1.00998572196044
839.91995997999,1.00751881147802
840.420210105053,1.00938256536327
840.920460230115,1.0177724736299
841.420710355178,1.01313419939767
841.92096048024,0.998362894332982
842.421210605303,0.992252918003655
842.921460730365,0.994183019114597
843.421710855428,1.00046187929113
843.92196098049,1.00656582405449
844.422211105553,1.01462399619267
844.922461230615,1.01704265414732
845.422711355678,1.00555252097124
845.92296148074,0.999080650683614
846.423211605803,0.992675127621673
846.923461730865,0.990648521455184
847.423711855928,1.00166819248547
847.92396198099,1.00178882380491
848.424212106053,0.995497900496427
848.924462231116,0.993067179409834
849.424712356178,0.990684710851014
849.924962481241,0.995449647968653
850.425212606303,1.01043808940832
850.925462731366,1.01652393947376
851.425712856428,1.01282055796714
851.925962981491,1.0106130048215
852.426213106553,1.00652963465866
852.926463231616,1.00625218262396
853.426713356678,1.00541379495389
853.926963481741,1.00297101073536
854.427213606803,0.999701901978699
854.927463731866,0.999014303457926
855.427713856928,1.00972636462366
855.927963981991,1.01514874243221
856.428214107054,1.00604107781495
856.928464232116,0.999713965110642
857.428714357179,0.999906975221736
857.928964482241,0.996758497784511
858.429214607304,1.00211452836738
858.929464732366,1.01645759224807
859.429714857429,1.01794135747711
859.929964982491,1.00706041246417
860.430215107554,1.0041351029679
860.930465232616,1.01231993799149
861.430715357679,1.0186892716576
861.930965482741,1.01560110988009
862.431215607804,0.999677775714812
862.931465732866,0.990720900246844
863.431715857929,0.995992488906106
863.931965982992,0.997011823555323
864.432216108054,1.00003363810714
864.932466233117,1.00069711036403
865.432716358179,0.991854834649523
865.932966483242,0.987095929097855
866.433216608304,0.991740234896061
866.933466733367,1.00313989458257
867.433716858429,1.00921971308203
867.933966983492,1.00012411159672
868.434217108554,0.994472534281239
868.934467233617,1.00783245290854
869.434717358679,1.01559507831412
869.934967483742,1.00549220531153
870.435217608804,0.99365827287506
870.935467733867,0.996583582371332
871.435717858929,1.00011808003075
871.935967983992,0.994912838597172
872.436218109054,1.00265736930483
872.936468234117,1.00903876610288
873.43671835918,1.00340528348532
873.936968484242,0.995304890385333
874.437218609305,0.989979017632325
874.937468734367,0.992071971024504
875.43771885943,0.992156412948108
875.937968984492,0.98878476756993
876.438219109555,0.996052804565823
876.938469234617,1.01208470691859
877.43871935968,1.01114981419298
877.938969484742,0.992542433170296
878.439219609805,0.987976537729722
878.939469734867,1.00171041344727
879.43971985993,1.00596869902329
879.939969984992,0.995528058326285
880.440220110055,0.984261093091158
880.940470235118,0.978941251904122
881.44072036018,0.984815997160554
881.940970485243,0.994207145378484
882.441220610305,0.999551112829406
882.941470735368,1.01155996067905
883.44172086043,1.0206073096366
883.941970985493,1.01583634095298
884.442221110555,1.01098696191174
884.942471235618,0.994942996427031
885.44272136068,0.981751961646933
885.942971485743,0.999382228982199
886.443221610805,1.00963589113408
886.943471735868,0.989013967076854
887.443721860931,0.97629942600852
887.943971985993,0.990769152774618
888.444222111056,1.00506396412754
888.944472236118,1.01076982553676
889.444722361181,1.00961779643617
889.944972486243,1.00386971406514
890.445222611306,1.00606520407884
890.945472736368,1.00665629754406
891.445722861431,1.00120376190565
891.945972986493,1.00137867731883
892.446223111556,1.00267546400274
892.946473236618,1.00143899297855
893.446723361681,1.00391193502694
893.946973486743,1.01052856289789
894.447223611806,1.01711503293898
894.947473736868,1.01794135747711
895.447723861931,1.01763977917852
895.947973986993,1.02119840310182
896.448224112056,1.01732010618202
896.948474237119,1.00780832664466
897.448724362181,1.00152343490215
897.948974487244,1.00069711036403
898.449224612306,1.00435827090885
898.949474737369,1.00346559914504
899.449724862431,1.00781435821063
899.949974987494,1.01853245094233
900.450225112556,1.02470877449735
900.950475237619,1.02519733134106
901.450725362681,1.0190933865777
901.950975487744,1.01342974613028
902.451225612806,1.00841148324183
902.951475737869,1.00776610568286
903.451725862931,1.0067769288635
903.951975987994,0.996269940940804
904.452226113057,0.988863177927562
904.952476238119,0.99515410123604
905.452726363182,1.00851401986335
905.952976488244,1.00572743638442
906.453226613307,0.996288035638719
906.953476738369,1.00171644501325
907.453726863432,1.008375293846
907.953976988494,1.00279006375621
908.454227113557,0.994985217388833
908.954477238619,1.0000215749752
909.454727363682,1.00376717744362
909.954977488744,0.996517235145643
910.455227613807,0.993965882739616
910.955477738869,0.996613740201191
911.455727863932,0.997566727624719
911.955977988995,1.00186120259657
912.456228114057,1.00753087460996
912.95647823912,1.00575156264831
913.456728364182,1.00608329877675
913.956978489245,1.00820640999879
914.457228614307,1.00329068373186
914.95747873937,1.0007875838536
915.457728864432,1.00168025561742
915.957978989495,1.00266943243677
916.458229114557,1.0068613707871
916.95847923962,1.00899051357511
917.458729364682,1.00423763958941
917.958979489745,1.00311576831868
918.459229614807,1.00552236314139
918.95947973987,1.00296497916939
919.459729864932,1.00172850814519
919.959979989995,1.00710263342597
920.460230115058,1.0142138497066
920.96048024012,1.01130060334227
921.460730365183,1.00415319766581
921.960980490245,1.00560680506499
922.461230615308,1.00692771801279
922.96148074037,1.00380939840542
923.461730865433,1.00016633255852
923.961980990495,1.00503380629768
924.462231115558,1.00731373823498
924.96248124062,0.998664472631567
925.462731365683,0.992693222319588
925.962981490745,0.984255061525186
926.463231615808,0.979291082730481
926.96348174087,0.987693054129053
927.463731865933,1.00683121295724
927.963981990996,1.02274248399058
928.464232116058,1.01783278928962
928.964482241121,1.00755500087385
929.464732366183,1.01319451505738
929.964982491246,1.01891243959855
930.465232616308,1.01359259841151
930.965482741371,1.01100505660966
931.465732866433,1.00812196807519
931.965982991496,0.999364134284284
932.466233116558,0.995715036871408
932.966483241621,0.997814021829558
933.466733366683,0.999726028242586
933.966983491746,1.00839942010988
934.467233616808,1.01168059199849
934.967483741871,1.00218690715904
935.467733866933,1.00340528348532
935.967983991996,1.01031142652291
936.468234117059,1.00503983786365
936.968484242121,0.999894912089793
937.468734367184,1.00139677201675
937.968984492246,1.00538966869001
938.469234617309,1.00860449335292
938.969484742371,1.00561886819693
939.469734867434,1.00217484402709
939.969984992496,0.999062555985699
940.470235117559,0.999997448711312
940.970485242621,0.99920731356902
941.470735367684,0.992536401604324
941.970985492746,0.997096265478926
942.471235617809,1.00005776437103
942.971485742871,0.996993728857408
943.471735867934,1.00155962429798
943.971985992996,1.00119773033968
944.472236118059,0.997868305923303
944.972486243122,1.00803752615158
945.472736368184,1.01067935204719
945.972986493247,1.00013617472866
946.473236618309,1.00091424673901
946.973486743372,1.00335099939157
947.473736868434,0.99860415697185
947.973986993497,0.99536520604505
948.474237118559,0.993362726142447
948.974487243622,0.991728171764117
949.474737368684,0.993453199632022
949.974987493747,0.997011823555323
950.475237618809,0.99789243218719
950.975487743872,0.99860415697185
951.475737868935,1.00584806770386
951.975987993997,1.01200026499499
952.47623811906,1.00663820284615
952.976488244122,0.995588373986002
953.476738369185,0.996535329843559
953.976988494247,1.00762737966551
954.47723861931,1.00377320900959
954.977488744372,0.991088825771117
955.477738869435,0.988416842045656
955.977988994497,0.992065939458532
956.47823911956,0.99543758483671
956.978489244622,0.990576142663523
957.478739369685,0.989798070653175
957.978989494747,1.00152946646812
958.47923961981,1.00977461715143
958.979489744872,1.01448527017532
959.479739869935,1.02218154835521
959.979989994997,1.03222410569808
960.48024012006,1.03018543639965
960.980490245123,1.01484113256765
961.480740370185,1.01040793157846
961.980990495248,1.01507636364055
962.48124062031,1.01023904773125
962.981490745373,1.00557061566916
963.481740870435,1.01184344427972
963.981990995498,1.01089648842217
964.48224112056,0.998549872878105
964.982491245623,0.998049252902454
965.482741370685,1.01171678139432
965.982991495748,1.01000381665836
966.48324162081,0.996318193468578
966.983491745873,1.00092630987095
967.483741870935,1.01222343293594
967.983991995998,1.01092061468605
968.484242121061,1.00254276955137
968.984492246123,0.997759737735813
969.484742371186,0.997066107649068
969.984992496248,0.993682399138947
970.485242621311,0.9916678561044
970.985492746373,0.991903087177296
971.485742871436,0.98889333575742
971.985992996498,0.988489220837317
972.486243121561,0.999870785825906
972.986493246623,1.00902670297094
973.486743371686,0.998435273124643
973.986993496748,0.992114191986306
974.487243621811,0.996927381631719
974.987493746873,0.997198802100445
975.487743871936,1.00070314193
975.987993996999,1.00120979347162
976.488244122061,0.992439896548777
976.988494247124,0.989810133785118
977.488744372186,0.991649761406485
977.988994497249,0.989870449444835
978.489244622311,0.999937133051595
978.989494747374,1.01333324107473
979.489744872436,1.01146948718948
979.989994997499,1.00620996166216
980.490245122561,1.0042195448915
980.990495247624,0.995859794454729
981.490745372686,0.987693054129053
981.990995497749,0.998151789523973
982.491245622811,1.00677089729753
982.991495747874,0.998917798402378
983.491745872936,0.990684710851014
983.991995997999,0.997210865232389
984.492246123061,1.01178312862001
984.992496248124,1.01168662356446
985.492746373187,1.00636075081145
985.992996498249,0.999502860301633
986.493246623312,0.993217968559126
986.993496748374,0.997946716280935
987.493746873437,1.00273577966246
987.993996998499,1.00467191233938
988.494247123562,1.00863465118278
988.994497248624,1.01238628521717
989.494747373687,1.00736802232872
989.994997498749,0.996830876576172
990.495247623812,0.992777664243192
990.995497748874,0.991957371271042
991.495747873937,0.998441304690614
991.995997999,1.01202439125887
992.496248124062,1.01286881049491
992.996498249125,1.00459953354772
993.496748374187,0.988290179160251
993.99699849925,0.975853090126614
994.497248624312,0.989599028976109
994.997498749375,1.00939462849521
995.497748874437,1.01993780581374
995.9979989995,1.02567382505282
996.498249124562,1.02262788423711
996.998499249625,1.00488301714839
997.498749374687,0.991824676819664
997.99899949975,0.990757089642674
998.499249624812,0.98501503883762
998.999499749875,0.978977441299953
999.499749874937,0.983615715532187
1000,0.992063928936542
