0,0.895172853167222
0.500250125062531,0.888075710540527
1.00050025012506,0.889951527557724
1.50075037518759,0.884161224224897
2.00100050025013,0.879872780819021
2.50125062531266,0.889993748519526
3.00150075037519,0.890735631134045
3.50175087543772,0.891194030147894
4.00200100050025,0.900313757897098
4.50225112556278,0.900253442237381
5.00250125062531,0.90352255099404
5.50275137568784,0.914035570482705
6.00300150075037,0.907991941379066
6.50325162581291,0.89221336479711
7.00350175087544,0.882671427429888
7.50375187593797,0.881447019537634
8.0040020010005,0.882701585259746
8.50425212606303,0.878226163308748
9.00450225112556,0.884589465408887
9.50475237618809,0.896332924355778
10.0050025012506,0.8951989899531
10.5052526263132,0.894625991185789
11.0055027513757,0.897822721150787
11.5057528764382,0.905832640761199
12.0060030015007,0.907551637063132
12.5062531265633,0.889861054068149
13.0065032516258,0.881416861707775
13.5067533766883,0.888123963068301
14.0070035017509,0.895482473553769
14.5072536268134,0.905223452598058
15.0075037518759,0.900741999081088
15.5077538769385,0.896580218560618
16.008004002001,0.904686643226577
16.5082541270635,0.896091661716911
17.0085042521261,0.886133546297641
17.5087543771886,0.892527006227638
18.0090045022511,0.89598309352942
18.5092546273137,0.890446115967404
19.0095047523762,0.882985068860416
19.5097548774387,0.882574922374341
20.0100050025013,0.886772892290641
20.5102551275638,0.887707785016254
21.0105052526263,0.894179655303883
21.5107553776888,0.905404399577209
22.0110055027514,0.901640702410871
22.5112556278139,0.885994820280292
23.0115057528764,0.880349274530785
23.511755877939,0.8894026550543
24.0120060030015,0.904777116716152
24.512256128064,0.909125875781745
25.0125062531266,0.903359698712804
25.5127563781891,0.907527510799246
26.0130065032516,0.916804059263714
26.5132566283142,0.915091094527752
27.0135067533767,0.899885516713107
27.5137568784392,0.884891043707472
28.0140070035017,0.888256657519678
28.5142571285643,0.902732415851748
29.0145072536268,0.909916010924037
29.5147573786893,0.909282696497009
30.0150075037519,0.902816857775351
30.5152576288144,0.889951527557724
31.0155077538769,0.883129826443737
31.5157578789395,0.88904679266197
32.016008004002,0.897117027932099
32.5162581290645,0.897527174418174
33.0165082541271,0.892846679224138
33.5167583791896,0.887858574165546
34.0170085042521,0.882285407207699
34.5172586293147,0.888033489578725
35.0175087543772,0.897852878980646
35.5177588794397,0.895886588473873
36.0180090045023,0.895404063196137
36.5182591295648,0.899511559622862
37.0185092546273,0.898311277994495
37.5187593796898,0.894004739890704
38.0190095047524,0.893926329533072
38.5192596298149,0.890940704377083
39.0195097548774,0.887611279960707
39.51975987994,0.899969958636711
40.0200100050025,0.904668548528662
40.520260130065,0.898142394147287
41.0205102551276,0.904294591438417
41.5207603801901,0.908546845448462
42.0210105052526,0.911158513514206
42.5212606303152,0.908486529788745
43.0215107553777,0.899547749018692
43.5217608804402,0.899988053334626
44.0220110055028,0.893389520161591
44.5222611305653,0.889070918925857
45.0225112556278,0.901731175900446
45.5227613806903,0.911610880962084
46.0230115057529,0.910253778618452
46.5232616308154,0.906936417334019
47.0235117558779,0.902400679723304
47.5237618809405,0.890560715720866
48.024012006003,0.895392000064194
48.5242621310655,0.912141658767593
49.0245122561281,0.90818495149016
49.5247623811906,0.903154625469766
50.0250125062531,0.911701354451659
50.5252626313157,0.919874126343307
51.0255127563782,0.930103662231302
51.5257628814407,0.929753831404944
52.0260130065032,0.909928074055981
52.5262631315658,0.899596001546466
53.0265132566283,0.898980781817353
53.5267633816908,0.901954343841399
54.0270135067534,0.908981118198424
54.5272636318159,0.911291207965584
55.0275137568784,0.916357723381808
55.527763881941,0.919910315739137
56.0280140070035,0.917268489843534
56.528264132066,0.909089686385915
57.0285142571286,0.900989293285928
57.5287643821911,0.904354907098134
58.0290145072536,0.912744815364762
58.5292646323162,0.918052593419855
59.0295147573787,0.913776213145922
59.5297648824412,0.90565772534802
60.0300150075037,0.906206597851444
60.5302651325663,0.905543125594558
61.0305152576288,0.900627399327626
61.5307653826913,0.894185686869855
62.0310155077539,0.888889971946706
62.5312656328164,0.89737035370291
63.0315157578789,0.908812234351217
63.5317658829415,0.906942448899991
64.032016008004,0.902539405740653
64.5322661330665,0.909982358149726
65.0325162581291,0.913154961850838
65.5327663831916,0.908625255806094
66.0330165082541,0.91220197442731
66.5332666333167,0.905060600316822
67.0335167583792,0.892352090814459
67.5337668834417,0.896429429411326
68.0340170085043,0.907533542365217
68.5342671335668,0.909421422514358
69.0345172586293,0.903902539650256
69.5347673836918,0.909270633365066
70.0350175087544,0.91529616777079
70.5352676338169,0.906206597851444
71.0355177588794,0.897490985022344
71.535767883942,0.893461898953251
72.0360180090045,0.893727287856006
72.536268134067,0.904475538417568
73.0365182591296,0.908154793660302
73.5367683841921,0.906882133240274
74.0370185092546,0.913655581826488
74.5372686343172,0.912636247177272
75.0375187593797,0.903281288355172
75.5377688844422,0.915513304145771
76.0380190095048,0.935357156192649
76.5382691345673,0.928040866668983
77.0385192596298,0.916948816847034
77.5387693846923,0.919656989968326
78.0390195097549,0.923481002794381
78.5392696348174,0.918734160374656
79.0395197598799,0.92187660624591
79.5397698849425,0.93887959072012
80.040020010005,0.931316006991613
80.5402701350675,0.903208909563512
81.0405202601301,0.903305414619059
81.5407703851926,0.919759526589844
82.0410205102551,0.913565108336913
82.5412706353177,0.903100341376021
83.0415207603802,0.909349043722698
83.5417708854427,0.909807442736547
84.0420210105053,0.903504456296125
84.5422711355678,0.910579483180924
85.0425212606303,0.919439853593345
85.5427713856928,0.924283201068616
86.0430215107554,0.927896109085662
86.5432716358179,0.92098996604807
87.0435217608804,0.905428525841096
87.543771885943,0.906134219059784
88.0440220110055,0.9216655014369
88.544272136068,0.924639063460946
89.0445222611306,0.919554453346807
89.5447723861931,0.912479426462008
90.0450225112556,0.907581794892991
90.5452726363182,0.909909979358065
91.0455227613807,0.916182807968629
91.5457728864432,0.923402592436749
92.0460230115058,0.924518432141512
92.5462731365683,0.914355243479205
93.0465232616308,0.904481569983539
93.5467733866933,0.907587826458963
94.0470235117559,0.910663925104527
94.5472736368184,0.904433317455766
95.0475237618809,0.905368210181379
95.5477738869435,0.911906427694697
96.048024012006,0.913335908829989
96.5482741370685,0.925537766790729
97.0485242621311,0.932890245710226
97.5487743871936,0.92031443065924
98.0490245122561,0.912624184045329
98.5492746373187,0.91889098108992
99.0495247623812,0.933807043737924
99.5497748874437,0.938650391213195
100.050025012506,0.9235835394159
100.550275137569,0.917171984787987
101.050525262631,0.929114485411944
101.550775387694,0.935562229435687
102.051025512756,0.931195375672179
102.551275637819,0.922286752731985
103.051525762881,0.918595434357307
103.551775887944,0.925441261735182
104.052026013006,0.929615105387595
104.552276138069,0.921532806985523
105.052526263132,0.914964431642346
105.552776388194,0.924180664447097
106.053026513257,0.927389457544039
106.553276638319,0.912195942861338
107.053526763382,0.908516687618604
107.553776888444,0.924035906863777
108.054027013507,0.924247011672786
108.554277138569,0.906966575163878
109.054527263632,0.904771085150181
109.554777388694,0.915905355933931
110.055027513757,0.917455468388657
110.555277638819,0.912708625968932
111.055527763882,0.915217757413158
111.555777888944,0.922286752731985
112.056028014007,0.922389289353504
112.55627813907,0.923028635346503
113.056528264132,0.928149434856473
113.556778389195,0.928366571231454
114.057028514257,0.930519840283349
114.55727863932,0.933234044970613
115.057528764382,0.927841824991917
115.557778889445,0.922129932016721
116.058029014507,0.92091758725641
116.55827913957,0.918131003777487
117.058529264632,0.922117868884777
117.558779389695,0.926925026964219
118.059029514757,0.921297575912627
118.55927963982,0.919144306860731
119.059529764882,0.912352763576602
119.559779889945,0.898745550744457
120.060030015007,0.902605752966342
120.56028014007,0.924240980106814
121.060530265133,0.939410368525629
121.560780390195,0.928402760627284
122.061030515258,0.913999381086875
122.56128064032,0.921695659266759
123.061530765383,0.937088215626526
123.561780890445,0.937474235848715
124.062031015508,0.925543798356701
124.56228114057,0.92607457616221
125.062531265633,0.935441598116253
125.562781390695,0.939042443001356
126.063031515758,0.934301632147603
126.56328164082,0.929578915991765
127.063531765883,0.933408960383792
127.563781890945,0.929361779616784
128.064032016008,0.916550733492902
128.564282141071,0.918607497489251
129.064532266133,0.92603838676638
129.564782391196,0.920350620055071
130.065032516258,0.927522151995417
130.565282641321,0.941919499969854
131.065532766383,0.929741768273001
131.565782891446,0.926171081217757
132.066033016508,0.945194640292485
132.566283141571,0.948312959899852
133.066533266633,0.932516288619981
133.566783391696,0.919463979857231
134.067033516758,0.92273308861389
134.567283641821,0.934711778633678
135.067533766883,0.946690468653466
135.567783891946,0.953976600347274
136.068034017009,0.94339723363292
136.568284142071,0.924663189724833
137.068534267134,0.918444645208015
137.568784392196,0.923378466172862
138.069034517259,0.926707890589238
138.569284642321,0.921176944593193
139.069534767384,0.911441997114876
139.569784892446,0.902913362830898
140.070035017509,0.90501837935502
140.570285142571,0.922962288120815
141.070535267634,0.932558509581783
141.570785392696,0.926026323634436
142.071035517759,0.924247011672786
142.571285642821,0.922684836086117
143.071535767884,0.918969391447552
143.571785892946,0.913872718201469
144.072036018009,0.910048705375414
144.572286143072,0.921762006492447
145.072536268134,0.932166457793623
145.572786393197,0.928179592686332
146.073036518259,0.92369210760339
146.573286643322,0.919415727329458
147.073536768384,0.91608027134711
147.573786893447,0.922226437072268
148.074037018509,0.931129028446491
148.574287143572,0.933372770987962
149.074537268634,0.930375082700029
149.574787393697,0.922968319686786
150.075037518759,0.912714657534904
150.575287643822,0.905898987986888
151.075537768884,0.902020691067087
151.575787893947,0.914596506118073
152.07603801901,0.932455972960264
152.576288144072,0.93066459786667
153.076538269135,0.92621933374553
153.576788394197,0.931225533502038
154.07703851926,0.9358577761683
154.577288644322,0.93130394385967
155.077538769385,0.930061441269501
155.577788894447,0.935284777400989
156.07803901951,0.927280889356549
156.578289144572,0.912220069125225
157.078539269635,0.920109357416203
157.578789394697,0.928414823759228
158.07903951976,0.914759358399309
158.579289644822,0.921128692065419
159.079539769885,0.942148699476779
159.579789894947,0.951618258052341
160.08004002001,0.951769047201633
160.580290145073,0.940966512546326
161.080540270135,0.934633368276046
161.580790395198,0.93542953498431
162.08104052026,0.933077224255348
162.581290645323,0.935133988251697
163.081540770385,0.943710875063448
163.581790895448,0.937685340657724
164.08204102051,0.925519672092814
164.582291145573,0.929856368026463
165.082541270635,0.945345429441777
165.582791395698,0.950683365326728
166.08304152076,0.93824024472712
166.583291645823,0.932980719199801
167.083541770885,0.937787877279243
167.583791895948,0.935700955453036
168.084042021011,0.931876942626981
168.584292146073,0.932172489359594
169.084542271136,0.922708962350004
169.584792396198,0.917045321902581
170.085042521261,0.926418375422597
170.585292646323,0.930477619321548
171.085542771386,0.91647232313527
171.585792896448,0.90039216825473
172.086043021511,0.912189911295366
172.586293146573,0.932063921172104
173.086543271636,0.934524800088555
173.586793396698,0.931382354217302
174.087043521761,0.934947009706574
174.587293646823,0.940785565567176
175.087543771886,0.930821418581934
175.587793896948,0.920223957169665
176.088044022011,0.928619897002265
176.588294147074,0.938867527588176
177.088544272136,0.933427055081707
177.588794397199,0.923450844964522
178.089044522261,0.931750279741575
178.589294647324,0.945526376420928
179.089544772386,0.945936522907004
179.589794897449,0.945435902931353
180.090045022511,0.950707491590615
180.590295147574,0.942812171733665
181.090545272636,0.924029875297805
181.590795397699,0.923342276777032
182.091045522761,0.934729873331593
182.591295647824,0.924578747801229
183.091545772886,0.907810994399915
183.591795897949,0.911188671344065
184.092046023012,0.916285344590148
184.592296148074,0.915036810434007
185.092546273137,0.917919898968477
185.592796398199,0.919421758895429
186.093046523262,0.9216655014369
186.593296648324,0.939253547810365
187.093546773387,0.950381787028143
187.593796898449,0.941069049167845
188.094047023512,0.943083592202392
188.594297148574,0.959984040055083
189.094547273637,0.959435167551659
189.594797398699,0.935616513529432
190.095047523762,0.915163473319412
190.595297648824,0.922461668145164
191.095547773887,0.943011213410731
191.595797898949,0.947378067174239
192.096048024012,0.944651799355032
192.596298149075,0.938487538931959
193.096548274137,0.932178520925566
193.5967983992,0.939784325615874
194.097048524262,0.949537367792106
194.597298649325,0.955026092826349
195.097548774387,0.94770377173671
195.59779889945,0.936617753480734
196.098049024512,0.935483819078055
196.598299149575,0.925640303412248
197.098549274637,0.920254114999523
197.5987993997,0.927081847679483
198.099049524762,0.930049378137557
198.599299649825,0.926557101439945
199.099549774887,0.920483314506448
199.59979989995,0.929765894536888
200.100050025013,0.939126884924959
200.600300150075,0.93510986198781
201.100550275138,0.932835961616481
201.6008004002,0.930278577644482
202.101050525263,0.934760031161452
202.601300650325,0.943089623768363
203.101550775388,0.937926603296592
203.60180090045,0.930459524623633
204.102051025513,0.935387314022508
204.602301150575,0.93959131550478
205.102551275638,0.939392273827714
205.6028014007,0.942625193188543
206.103051525763,0.939615441768667
206.603301650825,0.930549998113208
207.103551775888,0.925145715002569
207.60380190095,0.93130394385967
208.104052026013,0.937003773702922
208.604302151076,0.937872319202847
209.104552276138,0.938433254838214
209.604802401201,0.930972207731227
210.105052526263,0.930580155943066
210.605302651326,0.929042106620284
211.105552776388,0.922425478749334
211.605802901451,0.929271306127209
212.106053026513,0.937516456810517
212.606303151576,0.938517696761818
213.106553276638,0.9368167951578
213.606803401701,0.931919163588783
214.107053526763,0.930580155943066
214.607303651826,0.934524800088555
215.107553776888,0.926237428443446
215.607803901951,0.910621704142726
216.108054027014,0.911448028680848
216.608304152076,0.91426476998963
217.108554277139,0.911496281208621
217.608804402201,0.922727057047919
218.109054527264,0.937818035109101
218.609304652326,0.935266682703074
219.109554777389,0.923354339908975
219.609804902451,0.930230325116708
220.110055027514,0.942112510080949
220.610305152576,0.936641879744621
221.110555277639,0.931689964081858
221.610805402701,0.932082015870019
222.111055527764,0.923348308343003
222.611305652826,0.913914939163271
223.111555777889,0.918752255072571
223.611805902951,0.926683764325351
224.112056028014,0.931895037324896
224.612306153077,0.928764654585586
225.112556278139,0.920766798107118
225.612806403202,0.922799435839579
226.113056528264,0.9213458284404
226.613306653327,0.916164713270714
227.113556778389,0.918921138919779
227.613806903452,0.920821082200863
228.114057028514,0.923064824742334
228.614307153577,0.935025420064206
229.114557278639,0.9364971221613
229.614807403702,0.927654846446794
230.115057528764,0.928396729061313
230.615307653827,0.928559581342548
231.115557778889,0.928650054832124
231.615807903952,0.929753831404944
232.116058029015,0.929253211429294
232.616308154077,0.930501745585434
233.11655827914,0.929410032144558
233.616808404202,0.93343911821365
234.117058529265,0.938258339425035
234.617308654327,0.933764822776122
235.11755877939,0.936436806501583
235.617808904452,0.939500842015204
236.118059029515,0.927099942377398
236.618309154577,0.919258906614194
237.11855927964,0.926526943610087
237.618809404702,0.930085567533387
238.119059529765,0.926086639294153
238.619309654827,0.92931352708901
239.11955977989,0.932075984304047
239.619809904952,0.927968487877322
240.120060030015,0.932612793675528
240.620310155078,0.943548022782212
241.12056028014,0.951298585055841
241.620810405203,0.950665270628813
242.121060530265,0.936340301446036
242.621310655328,0.92330005581523
243.12156078039,0.925935850144861
243.621810905453,0.935417471852366
244.122061030515,0.945369555705664
244.622311155578,0.951292553489869
245.12256128064,0.952275698743256
245.622811405703,0.947106646705513
246.123061530765,0.92757040452319
246.623311655828,0.926840585040615
247.12356178089,0.950834154476021
247.623811905953,0.954145484194481
248.124062031016,0.943475643990552
248.624312156078,0.946165722413928
249.124562281141,0.94926594732338
249.624812406203,0.93955512610895
250.125062531266,0.928752591453643
250.625312656328,0.927298984054464
251.125562781391,0.922793404273607
251.625812906453,0.917214205749789
252.126063031516,0.91956651647875
252.626313156578,0.926955184794077
253.126563281641,0.940477955702619
253.626813406703,0.940290977157497
254.127063531766,0.934072432640678
254.627313656828,0.934090527338593
255.127563781891,0.934488610692725
255.627813906953,0.942420119945505
256.128064032016,0.944024516493976
256.628314157079,0.934747968029508
257.128564282141,0.939482747317289
257.628814407204,0.949965608976096
258.129064532266,0.937142499720271
258.629314657329,0.926961216360049
259.129564782391,0.929771926102859
259.629814907454,0.923553381586041
260.130065032516,0.919898252607193
260.630315157579,0.920121420548146
261.130565282641,0.913613360864687
261.630815407704,0.910042673809443
262.131065532766,0.912600057781442
262.631315657829,0.918022435589996
263.131565782891,0.923306087381201
263.631815907954,0.917805299215015
264.132066033016,0.91024774705248
264.632316158079,0.910302031146226
265.132566283142,0.912431173934234
265.632816408204,0.911900396128725
266.133066533267,0.908926834104679
266.633316658329,0.911978806486357
267.133566783392,0.915989797857535
267.633816908454,0.917226268881732
268.134067033517,0.925845376655285
268.634317158579,0.93799295052228
269.134567283642,0.937830098241045
269.634817408704,0.93304706642549
270.135067533767,0.930954113033312
270.635317658829,0.929391937446642
271.135567783892,0.936364427709923
271.635817908954,0.935091767289895
272.136068034017,0.924596842499144
272.63631815908,0.921810259020221
273.136568284142,0.927389457544039
273.636818409205,0.931563301196453
274.137068534267,0.931840753231151
274.63731865933,0.928420855325199
275.137568784392,0.921575027947325
275.637818909455,0.931870911061009
276.138069034517,0.946744752747211
276.63831915958,0.948843737705361
277.138569284642,0.952498866684209
277.638819409705,0.954543567548613
278.139069534767,0.948276770504022
278.63931965983,0.941467132521977
279.139569784892,0.93624982795646
279.639819909955,0.941684268896958
280.140070035018,0.960967185308469
280.64032016008,0.960002134752998
281.140570285143,0.939458621053402
281.640820410205,0.928776717717529
282.141070535268,0.926683764325351
282.64132066033,0.93343911821365
283.141570785393,0.939886862237393
283.641820910455,0.941310311806713
284.142071035518,0.94314993942808
284.64232116058,0.944344189490476
285.142571285643,0.937998982088252
285.642821410705,0.930857607977765
286.143071535768,0.933595938928914
286.64332166083,0.938734833136799
287.143571785893,0.938463412668073
287.643821910955,0.934162906130254
288.144072036018,0.933728633380292
288.644322161081,0.931889005758924
289.144572286143,0.932202647189453
289.644822411206,0.937697403789667
290.145072536268,0.943059465938505
290.645322661331,0.94510416680291
291.145572786393,0.938873559154148
291.645822911456,0.930990302429142
292.146073036518,0.934374010939263
292.646323161581,0.940960480980355
293.146573286643,0.941189680487279
293.646823411706,0.944060705889806
294.147073536768,0.95168460527803
294.647323661831,0.958747569030885
295.147573786893,0.962004614655601
295.647823911956,0.96082845929112
296.148074037018,0.951895710087039
296.648324162081,0.944410536716165
297.148574287144,0.944247684434929
297.648824412206,0.938795148796516
298.149074537269,0.930176041022963
298.649324662331,0.930658566300699
299.149574787394,0.940405576910959
299.649824912456,0.94898246372271
300.150075037519,0.949386578642814
300.650325162581,0.94311375003225
301.150575287644,0.930634440036812
301.650825412706,0.921900732509796
302.151075537769,0.929482410936218
302.651325662831,0.950116398125389
303.151575787894,0.965098807999081
303.651825912956,0.957818707871244
304.152076038019,0.949452925868502
304.652326163082,0.954302304909746
305.152576288144,0.952130941159935
305.652826413207,0.938505633629875
306.153076538269,0.9258634713532
306.653326663332,0.925193967530342
307.153576788394,0.933246108102556
307.653826913457,0.933927675057358
308.154077038519,0.927841824991917
308.654327163582,0.934989230668376
309.154577288644,0.938958001077752
309.654827413707,0.92372829699922
310.155077538769,0.925356819811578
310.655327663832,0.944344189490476
311.155577788894,0.948891990233135
311.655827913957,0.943047402806561
312.15607803902,0.937377730793167
312.656328164082,0.935001293800319
313.156578289145,0.938933874813865
313.656828414207,0.935248588005159
314.15707853927,0.930206198852821
314.657328664332,0.941901405271939
315.157578789395,0.953445822541765
315.657828914457,0.950074177163587
316.15807903952,0.946364764090994
316.658329164582,0.952734097757105
317.158579289645,0.962119214409063
317.658829414707,0.965050555471307
318.15907953977,0.953711211444519
318.659329664832,0.946304448431277
319.159579789895,0.948825643007446
319.659829914957,0.94478449380641
320.16008004002,0.939748136220044
320.660330165083,0.944519104903655
321.160580290145,0.957155235614358
321.660830415208,0.949887198618464
322.16108054027,0.926171081217757
322.661330665333,0.915814882444355
323.161580790395,0.918824633864232
323.661830915458,0.930230325116708
324.16208104052,0.934301632147603
324.662331165583,0.926569164571889
325.162581290645,0.922877846197211
325.662831415708,0.930863639543736
326.16308154077,0.949362452378927
326.663331665833,0.957438719215027
327.163581790895,0.956292721680405
327.663831915958,0.963476316752695
328.16408204102,0.969411377668843
328.664332166083,0.958735505898942
329.164582291146,0.939072600831214
329.664832416208,0.933300392196301
330.165082541271,0.94300518184476
330.665332666333,0.947384098740211
331.165582791396,0.93546572438014
331.665832916458,0.930755071356246
332.166083041521,0.938921811681922
332.666333166583,0.935381282456536
333.166583291646,0.929385905880671
333.666833416708,0.941153491091449
334.167083541771,0.954410873097236
334.667333666833,0.964356925384562
335.167583791896,0.964356925384562
335.667833916959,0.951678573712058
336.168084042021,0.955834322666556
336.668334167084,0.960376091843243
337.168584292146,0.953391538448019
337.668834417209,0.948475812181088
338.169084542271,0.937341541397337
338.669334667334,0.933523560137254
339.169584792396,0.929868431158406
339.669834917459,0.917497689350459
340.170085042521,0.922612457294457
340.670335167584,0.945520344854957
341.170585292646,0.96225190886044
341.670835417709,0.953825811197982
342.171085542771,0.94041160847693
342.671335667834,0.944525136469627
343.171585792896,0.949664030677511
343.671835917959,0.944953377653617
344.172086043022,0.941883310574024
344.672336168084,0.938795148796516
345.172586293147,0.937944697994507
345.672836418209,0.934229253355942
346.173086543272,0.922503889106966
346.673336668334,0.924844136703984
347.173586793397,0.937709466921611
347.673836918459,0.93998336729294
348.174087043522,0.93514605138364
348.674337168584,0.943053434372533
349.174587293647,0.951895710087039
349.674837418709,0.947130772969399
350.175087543772,0.934814315255197
350.675337668834,0.930730945092359
351.175587793897,0.944597515261287
351.675837918959,0.953644864218831
352.176088044022,0.947939002809607
352.676338169085,0.938849432890261
353.176588294147,0.939374179129799
353.67683841921,0.946835226236786
354.177088544272,0.951956025746756
354.677338669335,0.952872823774454
355.177588794397,0.946075248924353
355.67783891946,0.935658734491234
356.178089044522,0.928831001811275
356.678339169585,0.929476379370246
357.178589294647,0.936973615873064
357.67883941971,0.944832746334183
358.179089544772,0.944615609959202
358.679339669835,0.939742104654072
359.179589794897,0.936159354466885
359.67983991996,0.938686580609025
360.180090045022,0.950816059778105
360.680340170085,0.956576205281075
361.180590295148,0.94577970219174
361.68084042021,0.935984439053706
362.181090545273,0.937305352001507
362.681340670335,0.935725081716923
363.181590795398,0.933843233133754
363.68184092046,0.942245204532326
364.182091045523,0.945339397875806
364.682341170585,0.935936186525932
365.182591295648,0.92472350538455
365.68284142071,0.921122660499448
366.183091545773,0.928028803537039
366.683341670835,0.938378970744469
367.183591795898,0.945978743868806
367.683841920961,0.947673613906852
368.184092046023,0.948385338691512
368.684342171086,0.946630152993749
369.184592296148,0.93443432659898
369.684842421211,0.931605522158255
370.185092546273,0.943017244976703
370.685342671336,0.945984775434777
371.185592796398,0.943674685667618
371.685842921461,0.941732521424732
372.186093046523,0.933933706623329
372.686343171586,0.927968487877322
373.186593296648,0.926207270613587
373.686843421711,0.927769446200256
374.187093546773,0.943560085914156
374.687343671836,0.959380883457913
375.187593796898,0.954537535982642
375.687843921961,0.947293625250635
376.188094047024,0.940110030178346
376.688344172086,0.92635805976288
377.188594297149,0.927799604030115
377.688844422211,0.936466964331441
378.189094547274,0.931846784797123
378.689344672336,0.930634440036812
379.189594797399,0.942902645223241
379.689844922461,0.949676093809455
380.190095047524,0.946020964830607
380.690345172586,0.943747064459278
381.190595297649,0.940140188008204
381.690845422711,0.930604282206953
382.191095547774,0.92084520846475
382.691345672836,0.923360371474947
383.191595797899,0.939446557921459
383.691845922961,0.950345597632313
384.192096048024,0.952782350284878
384.692346173087,0.947794245226286
385.192596298149,0.933632128324745
385.692846423212,0.928438950023114
386.193096548274,0.9364971221613
386.693346673337,0.937052026230696
387.193596798399,0.928553549776577
387.693846923462,0.930182072588935
388.194097048524,0.942148699476779
388.694347173587,0.942691540414231
389.194597298649,0.93336673942199
389.694847423712,0.931249659765925
390.195097548774,0.939470684185346
390.695347673837,0.945134324632768
391.195597798899,0.941913468403883
391.695847923962,0.949422768038644
392.196098049024,0.959978008489111
392.696348174087,0.94734790934438
393.19659829915,0.931840753231151
393.696848424212,0.931575364328396
394.197098549275,0.937558677772318
394.697348674337,0.939959241029053
395.1975987994,0.934404168769122
395.697848924462,0.935200335477385
396.198099049525,0.939072600831214
396.698349174587,0.936472995897413
397.19859929965,0.939724009956157
397.698849424712,0.956847625749801
398.199099549775,0.960140860770347
398.699349674837,0.93959131550478
399.1995997999,0.940882070622723
399.699849924963,0.953258843996642
400.200100050025,0.944187368775212
400.700350175088,0.940122093310289
401.20060030015,0.94346961242458
401.700850425213,0.945840017851457
402.201100550275,0.948282802069993
402.701350675338,0.940737313039402
403.2016008004,0.940248756195695
403.701850925463,0.95150968986485
404.202101050525,0.95445912562501
404.702351175588,0.954863240545113
405.20260130065,0.953837874329925
405.702851425713,0.939862735973506
406.203101550775,0.929325590220954
406.703351675838,0.941256027712968
407.2036018009,0.952957265698057
407.703851925963,0.94755901415339
408.204102051026,0.938626264949308
408.704352176088,0.932329310074858
409.204602301151,0.924464148047767
409.704852426213,0.924856199835927
410.205102551276,0.94247440403925
410.705352676338,0.953138212677208
411.205602801401,0.943988327098146
411.705852926463,0.935586355699574
412.206103051526,0.928897349036963
412.706353176588,0.91921065408642
413.206603301651,0.921351860006372
413.706853426713,0.929934778384095
414.207103551776,0.934645431407989
414.707353676838,0.931291880727727
415.207603801901,0.935815555206498
415.707853926963,0.951883646955096
416.208104052026,0.953047739187633
416.708354177089,0.947697740170739
417.208604302151,0.944301968528674
417.708854427214,0.939868767539478
418.209104552276,0.945671134004249
418.709354677339,0.953168370507067
419.209604802401,0.944018484928004
419.709854927464,0.931665837817972
420.210105052526,0.933179760876867
420.710355177589,0.940610650153996
421.210605302651,0.945260987518174
421.710855427714,0.94144300625809
422.211105552776,0.932063921172104
422.711355677839,0.934102590470537
423.211605802901,0.939923051633223
423.711855927964,0.938191992199346
424.212106053027,0.937118373456385
424.712356178089,0.937540583074403
425.212606303152,0.934458452862867
425.712856428214,0.940845881226892
426.213106553277,0.952275698743256
426.713356678339,0.943801348553023
427.213606803402,0.933614033626829
427.713856928464,0.931044586522887
428.214107053527,0.934567021050357
428.714357178589,0.940502081966506
429.214607303652,0.935580324133602
429.714857428714,0.932287089113056
430.215107553777,0.940839849660921
430.715357678839,0.945387650403579
431.215607803902,0.941141427959506
431.715857928965,0.941623953237241
432.216108054027,0.947908844979748
432.71635817909,0.952094751764105
433.216608304152,0.947130772969399
433.716858429215,0.944983535483476
434.217108554277,0.945936522907004
434.71735867934,0.944826714768212
435.217608804402,0.954326431173632
435.717858929465,0.959941819093281
436.218109054527,0.945640976174391
436.71835917959,0.932299152245
437.218609304652,0.942034099723317
437.718859429715,0.953102023281378
438.219109554777,0.943584212178042
438.71935967984,0.937890413900762
439.219609804902,0.940134156442232
439.719859929965,0.942589003792712
440.220110055028,0.951521752996794
440.72036018009,0.954947682468717
441.220610305153,0.947770118962399
441.720860430215,0.942486467171194
442.221110555278,0.942172825740666
442.72136068034,0.934874630914914
443.221610805403,0.934211158658027
443.721860930465,0.944663862486976
444.222111055528,0.943475643990552
444.72236118059,0.942227109834411
445.222611305653,0.94485687259807
445.722861430715,0.939717978390185
446.223111555778,0.930423335227802
446.72336168084,0.934404168769122
447.223611805903,0.949060874080342
447.723861930965,0.945200671858457
448.224112056028,0.935954281223847
448.724362181091,0.946039059528522
449.224612306153,0.95809012833997
449.724862431216,0.95254108764601
450.225112556278,0.943934043004401
450.725362681341,0.947378067174239
451.225612806403,0.953843905895897
451.725862931466,0.949959577410125
452.226113056528,0.94129824867477
452.726363181591,0.944301968528674
453.226613306653,0.949326262983097
453.726863431716,0.947444414399928
454.227113556778,0.948349149295682
454.727363681841,0.951726826239832
455.227613806903,0.947794245226286
455.727863931966,0.935978407487734
456.228114057029,0.927648814880822
456.728364182091,0.931147123144406
457.228614307154,0.941786805518477
457.728864432216,0.945659070872306
458.229114557279,0.945912396643117
458.729364682341,0.953313128090387
459.229614807404,0.955828291100585
459.729864932466,0.950056082465672
460.230115057529,0.948970400590767
460.730365182591,0.944422599848108
461.230615307654,0.936684100706422
461.730865432716,0.933951801321244
462.231115557779,0.941648079501128
462.731365682841,0.949434831170587
463.231615807904,0.940785565567176
463.731865932966,0.934174969262197
464.232116058029,0.939440526355487
464.732366183092,0.945116229934853
465.232616308154,0.943348981105146
465.732866433217,0.943686748799561
466.233116558279,0.942395993681618
466.733366683342,0.938620233383337
467.233616808404,0.939953209463081
467.733866933467,0.9413344380706
468.234117058529,0.948264707372078
468.734367183592,0.947492666927701
469.234617308654,0.939331958167997
469.734867433717,0.944175305643269
470.235117558779,0.950351629198285
470.735367683842,0.947552982587418
471.235617808904,0.944440694546023
471.735867933967,0.942239172966354
472.23611805903,0.943710875063448
472.736368184092,0.950840186041992
473.236618309155,0.954278178645859
473.736868434217,0.952179193687709
474.23711855928,0.941557606011553
474.737368684342,0.931285849161755
475.237618809405,0.940797628699119
475.737868934467,0.948530096274833
476.23811905953,0.939639568032553
476.738369184592,0.93991098850128
477.238619309655,0.948596443500521
477.738869434717,0.944549262733514
478.23911955978,0.939253547810365
478.739369684842,0.938415160140299
479.239619809905,0.940164314272091
479.739869934967,0.948059634129041
480.24012006003,0.941503321917807
480.740370185093,0.934343853109405
481.240620310155,0.946099375188239
481.740870435218,0.950092271861502
482.24112056028,0.945647007740362
482.741370685343,0.946262227469475
483.241620810405,0.943089623768363
483.741870935468,0.934832409953112
484.24212106053,0.930694755696529
484.742371185593,0.939953209463082
485.242621310655,0.950816059778105
485.742871435718,0.953548359163284
486.24312156078,0.956226374454716
486.743371685843,0.949573557187936
487.243621810905,0.940128124876261
487.743871935968,0.943946106136344
488.244122061031,0.947160930799258
488.744372186093,0.940134156442232
489.244622311156,0.931237596633981
489.744872436218,0.936515216859215
490.245122561281,0.951123669642662
490.745372686343,0.951340806017643
491.245622811406,0.941822994914307
491.745872936468,0.942239172966354
492.246123061531,0.954278178645859
492.746373186593,0.953234717732755
493.246623311656,0.934711778633678
493.746873436718,0.929289400825124
494.247123561781,0.942968992448929
494.747373686843,0.949814819826804
495.247623811906,0.944470852375882
495.747873936968,0.946859352500673
496.248124062031,0.943023276542675
496.748374187094,0.937962792692422
497.248624312156,0.94752282475756
497.748874437219,0.947335846212437
498.249124562281,0.946925699726362
498.749374687344,0.943336917973203
499.249624812406,0.932474067658179
499.749874937469,0.94474830441058
500.250125062531,0.96082845929112
500.750375187594,0.954537535982642
501.250625312656,0.94169030046293
501.750875437719,0.93379498060598
502.251125562781,0.932094079001962
502.751375687844,0.93784819293896
503.251625812906,0.940851912792864
503.751875937969,0.934766062727423
504.252126063032,0.929868431158406
504.752376188094,0.936828858289743
505.252626313157,0.942818203299637
505.752876438219,0.945303208479976
506.253126563282,0.949826882958747
506.753376688344,0.946823163104843
507.253626813407,0.946805068406928
507.753876938469,0.945948586038947
508.254127063532,0.93578539737664
508.754377188594,0.934277505883716
509.254627313657,0.941328406504628
509.754877438719,0.947160930799258
510.255127563782,0.951280490357926
510.755377688844,0.949458957434474
511.255627813907,0.940001461990855
511.755877938969,0.937582804036205
512.256128064032,0.942016005025401
512.756378189095,0.935477787512083
513.256628314157,0.939814483445732
513.75687843922,0.954772767055538
514.257128564282,0.953584548559114
514.757378689345,0.951992215142586
515.257628814407,0.954808956451368
515.75787893947,0.948934211194936
516.258129064532,0.94577970219174
516.758379189595,0.950532576177436
517.258629314657,0.940876039056751
517.75887943972,0.926961216360049
518.259129564782,0.926044418332351
518.759379689845,0.930712850394444
519.259629814907,0.93895196951178
519.75987993997,0.948053602563069
520.260130065033,0.952613466437671
520.760380190095,0.946111438320183
521.260630315158,0.938391033876412
521.76088044022,0.938089455577828
522.261130565283,0.934482579126754
522.761380690345,0.927099942377398
523.261630815408,0.931937258286698
523.76188094047,0.940785565567176
524.262131065533,0.936991710570979
524.762381190595,0.935266682703074
525.262631315658,0.943023276542675
525.76288144072,0.946400953486824
526.263131565783,0.936593627216847
526.763381690845,0.932275025981113
527.263631815908,0.94969418850737
527.76388194097,0.956262563850547
528.264132066033,0.938499602063903
528.764382191096,0.93123156506801
529.264632316158,0.942812171733665
529.764882441221,0.953150275809152
530.265132566283,0.949495146830304
530.765382691346,0.939054506133299
531.265632816408,0.938047234616026
531.765882941471,0.948825643007446
532.266133066533,0.954042947572963
532.766383191596,0.945339397875806
533.266633316658,0.935507945341942
533.766883441721,0.940327166553327
534.267133566783,0.94887389553522
534.767383691846,0.938777054098601
535.267633816908,0.937239004775819
535.767883941971,0.953524232899397
536.268134067034,0.95983325090579
536.768384192096,0.953258843996642
537.268634317159,0.946889510330532
537.768884442221,0.944416568282136
538.269134567284,0.936895205515432
538.769384692346,0.925037146815078
539.269634817409,0.918330045454553
539.769884942471,0.926388217592738
540.270135067534,0.939247516244393
540.770385192596,0.941346501202543
541.270635317659,0.942196952004552
541.770885442721,0.947975192205437
542.271135567784,0.95357248542717
542.771385692846,0.953313128090387
543.271635817909,0.937715498487582
543.771885942971,0.924922547061616
544.272136068034,0.932009637078358
544.772386193097,0.947462509097843
545.272636318159,0.962933475815242
545.772886443222,0.964604219589402
546.273136568284,0.951515721430822
546.773386693347,0.941533479747666
547.273636818409,0.940930323150496
547.773886943472,0.941237933015053
548.274137068534,0.934168937696225
548.774387193597,0.922479762843079
549.274637318659,0.922491825975023
549.774887443722,0.932709298731075
550.275137568784,0.936008565317593
550.775387693847,0.93646093276547
551.275637818909,0.937588835602177
551.775887943972,0.933173729310896
552.276138069035,0.935447629682225
552.776388194097,0.963216959415912
553.27663831916,0.980515490622735
553.776888444222,0.966353373721193
554.277138569285,0.95563528098949
554.777388694347,0.948638664462323
555.27763881941,0.943891822042599
555.777888944472,0.945803828455626
556.278139069535,0.950508449913549
556.778389194597,0.951708731541916
557.27863931966,0.942233141400383
557.778889444722,0.931804563835321
558.279139569785,0.927727225238454
558.779389694847,0.930206198852821
559.27963981991,0.925109525606739
559.779889944973,0.91821544570109
560.280140070035,0.922859751499296
560.780390195098,0.934772094293395
561.28064032016,0.94389785360857
561.780890445223,0.937649151261894
562.281140570285,0.924289232634588
562.781390695348,0.925513640526842
563.28164082041,0.940399545344987
563.781890945473,0.948331054597767
564.282141070535,0.950942722663511
564.782391195598,0.951666510580115
565.28264132066,0.947366004042296
565.782891445723,0.944283873830759
566.283141570785,0.934844473085055
566.783391695848,0.923553381586041
567.28364182091,0.932377562602632
567.783891945973,0.945791765323683
568.284142071035,0.944832746334183
568.784392196098,0.94446482080991
569.284642321161,0.944579420563372
569.784892446223,0.938831338192346
570.285142571286,0.938692612174997
570.785392696348,0.935640639793319
571.285642821411,0.931828690099207
571.785892946473,0.940164314272091
572.286143071536,0.947830434622116
572.786393196598,0.954404841531264
573.286643321661,0.953337254354274
573.786893446723,0.941503321917807
574.287143571786,0.929747799838972
574.787393696848,0.925652366544191
575.287643821911,0.939356084431884
575.787893946973,0.952764255586963
576.288144072036,0.95097288049337
576.788394197099,0.946099375188239
577.288644322161,0.947945034375578
577.788894447224,0.946756815879154
578.289144572286,0.932769614390792
578.789394697349,0.925206030662286
579.289644822411,0.930001125609784
579.789894947474,0.937667245959809
580.290145072536,0.944114989983551
580.790395197599,0.944121021549523
581.290645322661,0.943487707122495
581.790895447724,0.936949489609177
582.291145572786,0.935706987019008
582.791395697849,0.944706083448778
583.291645822912,0.948222486410276
583.791895947974,0.953114086413322
584.292146073037,0.950381787028143
584.792396198099,0.942715666678118
585.292646323162,0.939603378636723
585.792896448224,0.945719386532023
586.293146573287,0.954555630680557
586.793396698349,0.942981055580873
587.293646823412,0.930887765807623
587.793896948474,0.935236524873216
588.294147073537,0.938855464456233
588.794397198599,0.941032859772015
589.294647323662,0.947516793191588
589.794897448724,0.943463580858608
590.295147573787,0.934603210446187
590.795397698849,0.937480267414686
591.295647823912,0.942637256320486
591.795897948974,0.943367075803061
592.296148074037,0.945387650403579
592.7963981991,0.952010309840501
593.296648324162,0.955701628215179
593.796898449225,0.949917356448323
594.297148574287,0.941081112299789
594.79739869935,0.936593627216847
595.297648824412,0.932733424994962
595.797898949475,0.933360707856018
596.298149074537,0.940797628699119
596.7983991996,0.94161792167127
597.298649324662,0.939681788994355
597.798899449725,0.944235621302985
598.299149574787,0.947366004042296
598.79939969985,0.943692780365533
599.299649824912,0.947100615139541
599.799899949975,0.954597851642359
600.300150075038,0.943662622535674
600.8004002001,0.927745319936369
601.300650325163,0.933215950272697
601.800900450225,0.951781110333577
602.301150575288,0.957655855590008
602.80140070035,0.953518201333425
603.301650825413,0.945478123893155
603.801900950475,0.935706987019008
604.302151075538,0.93582158677247
604.8024012006,0.943306760143344
605.302651325663,0.954736577659708
605.802901450725,0.958663127107282
606.303151575788,0.945158450896655
606.80340170085,0.940393513779015
607.303651825913,0.95310805484735
607.803901950976,0.956853657315773
608.304152076038,0.958518369523961
608.804402201101,0.958041875812197
609.304652326163,0.951292553489869
609.804902451226,0.954163578892397
610.305152576288,0.955466397142283
610.805402701351,0.948970400590767
611.305652826413,0.9461717539799
611.805902951476,0.946539679504173
612.306153076538,0.937444078018856
612.806403201601,0.934669557671876
613.306653326663,0.954272147079887
613.806903451726,0.963017917738846
614.307153576788,0.955460365576311
614.807403701851,0.950816059778105
615.307653826913,0.945478123893155
615.807903951976,0.945972712302834
616.308154077038,0.951521752996794
616.808404202101,0.952559182343925
617.308654327164,0.950544639309379
617.808904452226,0.94492925138973
618.309154577289,0.937606930300092
618.809404702351,0.939494810449233
619.309654827414,0.945809860021598
619.809904952476,0.948686916990097
620.310155077539,0.95097288049337
620.810405202601,0.953138212677208
621.310655327664,0.953077897017491
621.810905452726,0.949380547076842
622.311155577789,0.953349317486218
622.811405702851,0.966896214658646
623.311655827914,0.963783926617251
623.811905952977,0.93923545311245
624.312156078039,0.92721454213086
624.812406203102,0.93023635668268
625.312656328164,0.930694755696529
625.812906453227,0.931726153477689
626.313156578289,0.937474235848715
626.813406703352,0.94805963412904
627.313656828414,0.957275866933792
627.813906953477,0.95307186545152
628.314157078539,0.941008733508128
628.814407203602,0.940520176664421
629.314657328664,0.939898925369336
629.814907453727,0.927485962599587
630.315157578789,0.928143403290501
630.815407703852,0.936732353234196
631.315657828914,0.937474235848715
631.815907953977,0.940815723397034
632.316158079039,0.940453829438732
632.816408204102,0.940568429192195
633.316658329165,0.945363524139693
633.816908454227,0.946973952254135
634.31715857929,0.948403433389427
634.817408704352,0.942637256320486
635.317658829415,0.938125644973658
635.817908954477,0.943747064459278
636.31815907954,0.94560478677856
636.818409204602,0.941744584556675
637.318659329665,0.937926603296592
637.818909454727,0.94474830441058
638.31915957979,0.949103095042144
638.819409704852,0.934349884675376
639.319659829915,0.925212062228257
639.819909954977,0.929120516977916
640.32016008004,0.929578915991765
640.820410205103,0.932998813897716
641.320660330165,0.946461269146541
641.820910455228,0.947981223771408
642.32116058029,0.941340469636571
642.821410705353,0.944482915507825
643.321660830415,0.942896613657269
643.821910955478,0.941165554223392
644.32216108054,0.944597515261287
644.822411205603,0.938590075553478
645.322661330665,0.934367979373291
645.822911455728,0.939410368525629
646.32316158079,0.940713186775515
646.823411705853,0.946732689615267
647.323661830916,0.958681221805197
647.823911955978,0.952492835118237
648.324162081041,0.947993286903352
648.824412206103,0.953506138201482
649.324662331166,0.945236861254287
649.824912456228,0.939524968279091
650.325162581291,0.94105095446993
650.825412706353,0.936828858289743
651.325662831416,0.935206367043357
651.825912956478,0.942613130056599
652.326163081541,0.949133252872002
652.826413206603,0.955146724145783
653.326663331666,0.965901006273316
653.826913456728,0.965750217124024
654.327163581791,0.953886126857699
654.827413706853,0.948325023031795
655.327663831916,0.938680549043054
655.827913956978,0.933113413651179
656.328164082041,0.938023108352139
656.828414207104,0.931062681220802
657.328664332166,0.930393177397944
657.828914457229,0.941020796640072
658.329164582291,0.945821923153541
658.829414707354,0.954061042270878
659.329664832416,0.954235957684057
659.829914957479,0.935194303911414
660.330165082541,0.92020586247175
660.830415207604,0.926882806002417
661.330665332666,0.948397401823456
661.830915457729,0.961069721929988
662.331165582791,0.955255292333273
662.831415707854,0.94371690662942
663.331665832916,0.941967752497628
663.831915957979,0.945242892820259
664.332166083042,0.936080944109253
664.832416208104,0.926780269380898
665.332666333167,0.92433145359639
665.832916458229,0.921014092311957
666.333166583292,0.934283537449688
666.833416708354,0.954790861753453
667.333666833417,0.954808956451368
667.833916958479,0.941002701942157
668.334167083542,0.929940809950067
668.834417208604,0.927546278259304
669.334667333667,0.938415160140299
669.834917458729,0.953192496770954
670.335167583792,0.954899429940943
670.835417708854,0.950158619087191
671.335667833917,0.945267019084145
671.83591795898,0.941521416615722
672.336168084042,0.937890413900762
672.836418209105,0.928824970245303
673.336668334167,0.931683932515887
673.83691845923,0.940761439303289
674.337168584292,0.930151914759076
674.837418709355,0.927751351502341
675.337668834417,0.936147291334942
675.83791895948,0.93728122573762
676.338169084542,0.944657830921004
676.838419209605,0.943728969761363
677.338669334667,0.931846784797123
677.83891945973,0.924409863954022
678.339169584792,0.932021700210302
678.839419709855,0.944585452129344
679.339669834917,0.948819611441474
679.83991995998,0.945242892820259
680.340170085042,0.936002533751621
680.840420210105,0.938385002310441
681.340670335168,0.944054674323835
681.84092046023,0.933849264699726
682.341170585293,0.922612457294457
682.841420710355,0.924608905631088
683.341670835418,0.934174969262197
683.84192096048,0.942914708355184
684.342171085543,0.953813748066038
684.842421210605,0.960098639808545
685.342671335668,0.951956025746756
685.84292146073,0.950568765573266
686.343171585793,0.952070625500218
686.843421710855,0.95342772784385
687.343671835918,0.955641312555462
687.843921960981,0.939609410202695
688.344172086043,0.924138443485296
688.844422211106,0.933909580359442
689.344672336168,0.946624121427777
689.844922461231,0.943234381351684
690.345172586293,0.937685340657724
690.845422711356,0.928722433623784
691.345672836418,0.926442501686483
691.845922961481,0.941750616122647
692.346173086543,0.948119949788757
692.846423211606,0.945363524139692
693.346673336668,0.946425079750711
693.846923461731,0.939814483445732
694.347173586793,0.935851744602328
694.847423711856,0.948783422045644
695.347673836918,0.960146892336319
695.847923961981,0.957131109350471
696.348174087044,0.949712283205285
696.848424212106,0.937293288869564
697.348674337169,0.929790020800774
697.848924462231,0.940278914025553
698.349174587294,0.945701291834107
698.849424712356,0.93902434830344
699.349674837419,0.938674517477082
699.849924962481,0.940996670376185
700.350175087544,0.936931394911262
700.850425212606,0.9361774491648
701.350675337669,0.946823163104843
701.850925462731,0.952909013170284
702.351175587794,0.947649487642965
702.851425712856,0.955677501951292
703.351675837919,0.963289338207572
703.851925962981,0.950538607743407
704.352176088044,0.941533479747666
704.852426213107,0.935411440286395
705.352676338169,0.932739456560933
705.852926463232,0.939766230917959
706.353176588294,0.933234044970613
706.853426713357,0.924198759145012
707.353676838419,0.931147123144406
707.853926963482,0.942938834619071
708.354177088544,0.948113918222786
708.854427213607,0.946593963597918
709.354677338669,0.945484155459126
709.854927463732,0.93866848591111
710.355177588794,0.940797628699119
710.855427713857,0.95620224819083
711.355677838919,0.952842665944595
711.855927963982,0.939796388747817
712.356178089045,0.940496050400534
712.856428214107,0.936593627216847
713.35667833917,0.928553549776577
713.856928464232,0.93614125976897
714.357178589295,0.943867695778712
714.857428714357,0.938752927834714
715.35767883942,0.940309071855412
715.857928964482,0.951039227719058
716.358179089545,0.948596443500521
716.858429214607,0.943765159157193
717.35867933967,0.944513073337684
717.858929464732,0.93642474336964
718.359179589795,0.934560989484386
718.859429714857,0.943487707122495
719.35967983992,0.952643624267529
719.859929964982,0.962263971992384
720.360180090045,0.954097231666708
720.860430215107,0.945043851143193
721.36068034017,0.953644864218831
721.860930465233,0.946895541896503
722.361180590295,0.928481170984916
722.861430715358,0.933463244477537
723.36168084042,0.956708899732452
723.861930965483,0.956817467919943
724.362181090545,0.937076152494583
724.862431215608,0.939923051633223
725.36268134067,0.951346837583615
725.862931465733,0.945393681969551
726.363181590795,0.945840017851457
726.863431715858,0.953862000593812
727.36368184092,0.942456309341335
727.863931965983,0.925266346322003
728.364182091046,0.932142331529736
728.864432216108,0.947637424511022
729.364682341171,0.946973952254135
729.864932466233,0.94200997345943
730.365182591296,0.946388890354881
730.865432716358,0.950037987767757
731.365682841421,0.946014933264636
731.865932966483,0.943771190723165
732.366183091546,0.94478449380641
732.866433216608,0.936973615873064
733.366683341671,0.929723673575086
733.866933466733,0.938982127341639
734.367183591796,0.947426319702013
734.867433716858,0.945833986285485
735.367683841921,0.941756647688619
735.867933966984,0.942323614889958
736.368184092046,0.939452589487431
736.868434217109,0.932311215376943
737.368684342171,0.935586355699574
737.868934467234,0.94105095446993
738.369184592296,0.945894301945202
738.869434717359,0.950586860271181
739.369684842421,0.949211663229634
739.869934967484,0.944452757677967
740.370185092546,0.948192328580418
740.870435217609,0.956063522173481
741.370685342671,0.95346391723968
741.870935467734,0.947890750281833
742.371185592796,0.947118709837456
742.871435717859,0.948620569764408
743.371685842921,0.947540919455475
743.871935967984,0.940453829438732
744.372186093046,0.936756479498083
744.872436218109,0.935743176414838
745.372686343172,0.926671701193408
745.872936468234,0.925447293301153
746.373186593297,0.938837369758318
746.873436718359,0.947770118962399
747.373686843422,0.954700388263877
747.873936968484,0.95634700577415
748.374187093547,0.941919499969854
748.874437218609,0.938511665195846
749.374687343672,0.949157379135889
749.874937468734,0.952957265698057
750.375187593797,0.946008901698664
750.875437718859,0.93518224077947
751.375687843922,0.936551406255045
751.875937968985,0.942239172966354
752.376188094047,0.937878350768818
752.87643821911,0.933608002060858
753.376688344172,0.937902477032705
753.876938469235,0.933529591703226
754.377188594297,0.928004677273152
754.87743871936,0.937232973209847
755.377688844422,0.942848361129495
755.877938969485,0.945731449663966
756.378189094547,0.946774910577069
756.87843921961,0.937558677772318
757.378689344672,0.93475399959548
757.878939469735,0.94834311772971
758.379189594797,0.955906701458217
758.87943971986,0.947932971243635
759.379689844922,0.938565949289591
759.879939969985,0.942028068157345
760.380190095048,0.956099711569311
760.88044022011,0.95033353450037
761.380690345173,0.933873390963612
761.880940470235,0.936834889855715
762.381190595298,0.939543062977006
762.88144072036,0.938288497254893
763.381690845423,0.943427391462778
763.881940970485,0.942305520192043
764.382191095548,0.94581589158757
764.88244122061,0.953753432406321
765.382691345673,0.953391538448019
765.882941470735,0.953289001826501
766.383191595798,0.943336917973203
766.88344172086,0.927733256804426
767.383691845923,0.926756143117011
767.883941970985,0.930549998113208
768.384192096048,0.930839513279849
768.884442221111,0.934446389730923
769.384692346173,0.939886862237393
769.884942471236,0.942981055580873
770.385192596298,0.942456309341335
770.885442721361,0.938119613407686
771.385692846423,0.941678237330987
771.885942971486,0.950393850160087
772.386193096548,0.948879927101191
772.886443221611,0.937896445466733
773.386693346673,0.931949321418641
773.886943471736,0.94283026643158
774.387193596798,0.959193904912791
774.887443721861,0.959067242027385
775.387693846923,0.943885790476627
775.887943971986,0.932546446449839
776.388194097049,0.927431678505841
776.888444222111,0.92475969478038
777.388694347174,0.932425815130405
777.888944472236,0.948898021799106
778.389194597299,0.953138212677208
778.889444722361,0.946961889122192
779.389694847424,0.946002870132692
779.889944972486,0.950785901948247
780.390195097549,0.955345765822849
780.890445222611,0.95211284646202
781.390695347674,0.941545542879609
781.890945472736,0.932329310074858
782.391195597799,0.944326094792561
782.891445722861,0.965454670391411
783.391695847924,0.971830035623493
783.891945972986,0.972680486425502
784.392196098049,0.969525977422305
784.892446223112,0.960647512311969
785.392696348174,0.953488043503567
785.892946473237,0.947806308358229
786.393196598299,0.942094415383034
786.893446723362,0.944024516493976
787.393696848424,0.950671302194785
787.893946973487,0.957655855590008
788.394197098549,0.963524569280468
788.894447223612,0.954549599114585
789.394697348674,0.945520344854957
789.894947473737,0.943891822042599
790.395197598799,0.941503321917807
790.895447723862,0.945689228702164
791.395697848924,0.945061945841108
791.895947973987,0.943439454594722
792.39619809905,0.945447966063296
792.896448224112,0.941985847195543
793.396698349175,0.948258675806106
793.896948474237,0.960261492089781
794.3971985993,0.952197288385624
794.897448724362,0.940954449414383
795.397698849425,0.952378235364775
795.897948974487,0.957812676305272
796.39819909955,0.946895541896503
796.898449224612,0.942414088379533
797.398699349675,0.944983535483476
797.898949474737,0.950526544611464
798.3991995998,0.952058562368275
798.899449724862,0.94930213671921
799.399699849925,0.953252812430671
799.899949974988,0.961594468169526
800.40020010005,0.958602811447565
800.900450225113,0.946726658049296
801.400700350175,0.947221246458975
801.900950475238,0.95286076064251
802.4012006003,0.945472092327183
802.901450725363,0.938499602063903
803.401700850425,0.94144300625809
803.901950975488,0.939368147563827
804.40220110055,0.932775645956764
804.902451225613,0.936617753480734
805.402701350675,0.942305520192043
805.902951475738,0.942751856073948
806.4032016008,0.949712283205285
806.903451725863,0.959622146096781
807.403701850925,0.954332462739604
807.903951975988,0.943747064459278
808.40420210105,0.952486803552265
808.904452226113,0.964230262499157
809.404702351176,0.961841762374365
809.904952476238,0.956111774701254
810.405202601301,0.952022372972445
810.905452726363,0.947685677038795
811.405702851426,0.946569837334032
811.905952976488,0.951370963847501
812.406203101551,0.949241821059493
812.906453226613,0.9410147650741
813.406703351676,0.941424911560175
813.906953476738,0.940845881226892
814.407203601801,0.935254619571131
814.907453726863,0.940218598365836
815.407703851926,0.948916116497021
815.907953976988,0.947130772969399
816.408204102051,0.935737144848866
816.908454227114,0.933770854342094
817.408704352176,0.943940074570372
817.908954477239,0.953397570013991
818.409204602301,0.960376091843243
818.909454727364,0.957842834135131
819.409704852426,0.952366172232831
819.909954977489,0.946503490108343
820.410205102551,0.941575700709468
820.910455227614,0.942305520192043
821.410705352676,0.945785733757711
821.910955477739,0.952764255586963
822.411205602801,0.952993455093888
822.911455727864,0.947721866434626
823.411705852927,0.943934043004401
823.911955977989,0.93400608541499
824.412206103052,0.932329310074858
824.912456228114,0.937184720682073
825.412706353177,0.937667245959809
825.912956478239,0.941623953237241
826.413206603302,0.950701460024643
826.913456728364,0.957366340423367
827.413706853427,0.954169610458368
827.913956978489,0.954808956451368
828.414207103552,0.951980152010643
828.914457228614,0.941967752497628
829.414707353677,0.942335678021901
829.914957478739,0.950942722663511
830.415207603802,0.959133589253074
830.915457728864,0.95314424424318
831.415707853927,0.945001630181391
831.915957978989,0.952486803552265
832.416208104052,0.955731786045037
832.916458229115,0.94652761637223
833.416708354177,0.943210255087797
833.91695847924,0.950731617854502
834.417208604302,0.946521584806258
834.917458729365,0.933258171234499
835.417708854427,0.936298080484234
835.91795897949,0.944139116247438
836.418209104552,0.939060537699271
836.918459229615,0.929850336460491
837.418709354677,0.934947009706574
837.91895947974,0.944368315754363
838.419209604802,0.943650559403731
838.919459729865,0.940309071855412
839.419709854927,0.939313863470082
839.91995997999,0.945297176914004
840.420210105053,0.950882407003794
840.920460230115,0.947836466188088
841.420710355178,0.943421359896807
841.92096048024,0.946189848677815
842.421210605303,0.948650727594267
842.921460730365,0.947824403056144
843.421710855428,0.945622881476475
843.92196098049,0.939802420313789
844.422211105553,0.935622545095404
844.922461230615,0.933354676290046
845.422711355678,0.942202983570524
845.92296148074,0.953904221555614
846.423211605803,0.949072937212285
846.923461730865,0.942576940660769
847.423711855928,0.940972544112298
847.92396198099,0.938849432890261
848.424212106053,0.941533479747666
848.924462231116,0.952372203798803
849.424712356178,0.95897676853781
849.924962481241,0.945936522907004
850.425212606303,0.937359636095252
850.925462731366,0.941418879994204
851.425712856428,0.945423839799409
851.925962981491,0.95143731107319
852.426213106553,0.943686748799561
852.926463231616,0.934018148546933
853.426713356678,0.934404168769122
853.926963481741,0.936865047685573
854.427213606803,0.956956193937292
854.927463731866,0.969230430689692
855.427713856928,0.958705348069083
855.927963981991,0.962601739686799
856.428214107054,0.963301401339515
856.928464232116,0.951165890604464
857.428714357179,0.958862168784347
857.928964482241,0.963126485926336
858.429214607304,0.943312791709316
858.929464732366,0.93383117000181
859.429714857429,0.94311375003225
859.929964982491,0.945894301945202
860.430215107554,0.939048474567327
860.930465232616,0.940043682952657
861.430715357679,0.950556702441323
861.930965482741,0.955780038572811
862.431215607804,0.952197288385624
862.931465732866,0.949296105153238
863.431715857929,0.955593060027688
863.931965982992,0.959181841780847
864.432216108054,0.947160930799258
864.932466233117,0.93660569034879
865.432716358179,0.943373107369033
865.932966483242,0.947016173215937
866.433216608304,0.943017244976703
866.933466733367,0.941020796640072
867.433716858429,0.935966344355791
867.933966983492,0.946654279257635
868.434217108554,0.957324119461565
868.934467233617,0.94240202524759
869.434717358679,0.935694923887064
869.934967483742,0.944398473584221
870.435217608804,0.943059465938505
870.935467733867,0.940845881226892
871.435717858929,0.948481843747059
871.935967983992,0.955960985551962
872.436218109054,0.953699148312576
872.936468234117,0.945858112549372
873.43671835918,0.943976263966203
873.936968484242,0.95282457124668
874.437218609305,0.953482011937595
874.937468734367,0.942812171733665
875.43771885943,0.936062849411338
875.937968984492,0.92710597394337
876.438219109555,0.938825306626374
876.938469234617,0.948813579875503
877.43871935968,0.937625024998007
877.938969484742,0.939114821793016
878.439219609805,0.9371364681543
878.939469734867,0.936937426477234
879.43971985993,0.944766399108495
879.939969984992,0.947402193438126
880.440220110055,0.945996838566721
880.940470235118,0.944000390230089
881.44072036018,0.94766758234088
881.940970485243,0.937178689116102
882.441220610305,0.92120107085708
882.941470735368,0.928987822526539
883.44172086043,0.947293625250635
883.941970985493,0.952800444982793
884.442221110555,0.948849769271333
884.942471235618,0.950152587521219
885.44272136068,0.943584212178042
885.942971485743,0.935598418831517
886.443221610805,0.944627673091146
886.943471735868,0.938789117230544
887.443721860931,0.923830833620739
887.943971985993,0.934850504651027
888.444222111056,0.945996838566721
888.944472236118,0.944657830921004
889.444722361181,0.950924627965596
889.944972486243,0.958126317735801
890.445222611306,0.958639000843395
890.945472736368,0.946702531785409
891.445722861431,0.93514605138364
891.945972986493,0.935676829189149
892.446223111556,0.937220910077903
892.946473236618,0.938813243494431
893.446723361681,0.935869839300244
893.946973486743,0.933608002060858
894.447223611806,0.937486298980658
894.947473736868,0.941135396393534
895.447723861931,0.947359972476324
895.947973986993,0.953644864218831
896.448224112056,0.950906533267681
896.948474237119,0.954857208979142
897.448724362181,0.96242682427362
897.948974487244,0.953771527104236
898.449224612306,0.94275788763992
898.949474737369,0.94251059343508
899.449724862431,0.946581900465975
899.949974987494,0.943843569514825
900.450225112556,0.945840017851457
900.950475237619,0.945309240045947
901.450725362681,0.934741936463537
901.950975487744,0.940888102188694
902.451225612806,0.949181505399776
902.951475737869,0.940906196886609
903.451725862931,0.92988049429035
903.951975987994,0.930170009456991
904.452226113057,0.940272882459581
904.952476238119,0.946660310823607
905.452726363182,0.945200671858457
905.952976488244,0.935694923887064
906.453226613307,0.931846784797123
906.953476738369,0.941449037824062
907.453726863432,0.943765159157193
907.953976988494,0.943885790476627
908.454227113557,0.954453094059038
908.954477238619,0.958524401089933
909.454727363682,0.954971808732604
909.954977488744,0.946165722413928
910.455227613807,0.934904788744772
910.955477738869,0.936641879744621
911.455727863932,0.944344189490476
911.955977988995,0.950436071121889
912.456228114057,0.959181841780847
912.95647823912,0.963253148811742
913.456728364182,0.948705011688012
913.956978489245,0.931038554956915
914.457228614307,0.929494474068161
914.95747873937,0.933463244477537
915.457728864432,0.936388553973809
915.957978989495,0.937226941643875
916.458229114557,0.940821754963006
916.95847923962,0.943210255087797
917.458729364682,0.947818371490173
917.958979489745,0.959941819093281
918.459229614807,0.961835730808393
918.95947973987,0.950936691097539
919.459729864932,0.945695260268136
919.959979989995,0.951847457559265
920.460230115058,0.946292385299334
920.96048024012,0.935719050150951
921.460730365183,0.94339723363292
921.960980490245,0.952311888139086
922.461230615308,0.950345597632313
922.96148074037,0.946081280490324
923.461730865433,0.947969160639465
923.961980990495,0.947359972476324
924.462231115558,0.941569669143496
924.96248124062,0.94798725533738
925.462731365683,0.952884886906397
925.962981490745,0.954127389496566
926.463231615808,0.954953714034689
926.96348174087,0.940134156442232
927.463731865933,0.932100110567934
927.963981990996,0.939772262483931
928.464232116058,0.938891653852063
928.964482241121,0.934024180112905
929.464732366183,0.946400953486824
929.964982491246,0.952939171000142
930.465232616308,0.94200997345943
930.965482741371,0.943210255087797
931.465732866433,0.94969418850737
931.965982991496,0.941195712053251
932.466233116558,0.933077224255348
932.966483241621,0.939102758661073
933.466733366683,0.948855800837304
933.966983491746,0.945894301945202
934.467233616808,0.930881734241651
934.967483741871,0.933161666178952
935.467733866933,0.946961889122192
935.967983991996,0.940562397626223
936.468234117059,0.931032523390944
936.968484242121,0.938813243494431
937.468734367184,0.956720962864396
937.968984492246,0.964405177912336
938.469234617309,0.951937931048841
938.969484742371,0.934868599348942
939.469734867434,0.929024011922369
939.969984992496,0.93510986198781
940.470235117559,0.938686580609025
940.970485242621,0.941316343372685
941.470735367684,0.943391202066948
941.970985492746,0.935634608227347
942.471235617809,0.938035171484082
942.971485742871,0.955086408486066
943.471735867934,0.962764591968035
943.971985992996,0.957113014652556
944.472236118059,0.949314199851153
944.972486243122,0.944754335976551
945.472736368184,0.936400617105753
945.972986493247,0.934012116980961
946.473236618309,0.943915948306486
946.973486743372,0.950671302194785
947.473736868434,0.953089960149435
947.973986993497,0.948367243993597
948.474237118559,0.942661382584373
948.974487243622,0.938825306626374
949.474737368684,0.928276097741879
949.974987493747,0.927485962599587
950.475237618809,0.936147291334942
950.975487743872,0.93788438233479
951.475737868935,0.941430943126147
951.975987993997,0.945544471118843
952.47623811906,0.939880830671421
952.976488244122,0.931509017102708
953.476738369185,0.930791260752076
953.976988494247,0.938964032643723
954.47723861931,0.946690468653466
954.977488744372,0.947154899233286
955.477738869435,0.947963129073493
955.977988994497,0.94834311772971
956.47823911956,0.941841089612222
956.978489244622,0.94410895841758
957.478739369685,0.949127221306031
957.978989494747,0.94161792167127
958.47923961981,0.93994717789711
958.979489744872,0.944488947073797
959.479739869935,0.945749544361881
959.979989994997,0.943698811931505
960.48024012006,0.936641879744621
960.980490245123,0.937618993432035
961.480740370185,0.939977335726968
961.980990495248,0.936147291334942
962.48124062031,0.937793908845215
962.981490745373,0.940435734740817
963.481740870435,0.94094238628244
963.981990995498,0.939205295282591
964.48224112056,0.937860256070903
964.982491245623,0.939832578143648
965.482741370685,0.943873727344684
965.982991495748,0.937842161372988
966.48324162081,0.917551973444204
966.983491745873,0.92333624521106
967.483741870935,0.947432351267984
967.983991995998,0.951346837583615
968.484242121061,0.949495146830304
968.984492246123,0.943059465938505
969.484742371186,0.929192895769576
969.984992496248,0.933258171234499
970.485242621311,0.95029734510454
970.985492746373,0.950767807250332
971.485742871436,0.939681788994355
971.985992996498,0.932564541147754
972.486243121561,0.930447461491689
972.986493246623,0.931255691331896
973.486743371686,0.931551238064509
973.986993496748,0.930960144599283
974.487243621811,0.93720884694596
974.987493746873,0.946551742636117
975.487743871936,0.947709803302682
975.987993996999,0.947468540663814
976.488244122061,0.946949825990248
976.988494247124,0.949495146830304
977.488744372186,0.955508618104085
977.988994497249,0.947830434622116
978.489244622311,0.93094808146734
978.989494747374,0.935700955453036
979.489744872436,0.951925867916897
979.989994997499,0.944151179379382
980.490245122561,0.937715498487582
980.990495247624,0.946388890354881
981.490745372686,0.948355180861654
981.990995497749,0.947474572229786
982.491245622811,0.93887959072012
982.991495747874,0.924494305877625
983.491745872936,0.932299152245
983.991995997999,0.949935451146238
984.492246123061,0.94937451551087
984.992496248124,0.939416400091601
985.492746373187,0.934193063960112
985.992996498249,0.935417471852366
986.493246623312,0.937787877279243
986.993496748374,0.934337821543433
987.493746873437,0.933782917474037
987.993996998499,0.944651799355033
988.494247123562,0.950104334993445
988.994497248624,0.950743680986445
989.494747373687,0.947317751514522
989.994997498749,0.936370459275894
990.495247623812,0.937251067907762
990.995497748874,0.94752282475756
991.495747873937,0.947414256570069
991.995997999,0.937462172716771
992.496248124062,0.930905860505538
992.996498249125,0.940972544112298
993.496748374187,0.950695428458671
993.99699849925,0.938246276293092
994.497248624312,0.934500673824669
994.997498749375,0.938982127341639
995.497748874437,0.935562229435687
995.9979989995,0.943246444483627
996.498249124562,0.946967920688164
996.998499249625,0.939452589487431
997.498749374687,0.941394753730317
997.99899949975,0.946081280490324
998.499249624812,0.941497290351836
998.999499749875,0.939904956935308
999.499749874937,0.954241989250029
1000,0.97043071231806
