0,0.904421254323822
0.500250125062531,0.895572947043345
1.00050025012506,0.88968613865497
1.50075037518759,0.896652597352278
2.00100050025013,0.90074803064706
2.50125062531266,0.890464210665319
3.00150075037519,0.884191382054755
3.50175087543772,0.893823792911553
4.00200100050025,0.902418774421219
4.50225112556278,0.896640534220335
5.00250125062531,0.893817761345581
5.50275137568784,0.895572947043345
6.00300150075037,0.890198821762564
6.50325162581291,0.895018042973949
7.00350175087544,0.911176608212122
7.50375187593797,0.916834217093572
8.0040020010005,0.909367138420613
8.50425212606303,0.899451243963145
9.00450225112556,0.898021762827853
9.50475237618809,0.898112236317429
10.0050025012506,0.888081742106499
10.5052526263132,0.88805158427664
11.0055027513757,0.904035234101634
11.5057528764382,0.91291369921197
12.0060030015007,0.902406711289276
12.5062531265633,0.895880556907901
13.0065032516258,0.902581626702455
13.5067533766883,0.897062743838354
14.0070035017509,0.890801978359734
14.5072536268134,0.890355642477828
15.0075037518759,0.891567987238139
15.5077538769385,0.901538165789352
16.008004002001,0.909493801306018
16.5082541270635,0.90775671030617
17.0085042521261,0.900271536935296
17.5087543771886,0.898860150497919
18.0090045022511,0.892159080703365
18.5092546273137,0.879969285874568
19.0095047523762,0.891779092047148
19.5097548774387,0.90814876209433
20.0100050025013,0.909650622021283
20.5102551275638,0.911966743354414
21.0105052526263,0.906098029663954
21.5107553776888,0.897340195873052
22.0110055027514,0.901266745320626
22.5112556278139,0.908546845448462
23.0115057528764,0.910935345573254
23.511755877939,0.908727792427613
24.0120060030015,0.906683091563208
24.512256128064,0.900959135456069
25.0125062531266,0.890850230887507
25.5127563781891,0.8894026550543
26.0130065032516,0.896779260237684
26.5132566283142,0.903106372941993
27.0135067533767,0.904421254323822
27.5137568784392,0.900126779351975
28.0140070035017,0.901948312275427
28.5142571285643,0.907382753215925
29.0145072536268,0.901260713754654
29.5147573786893,0.892514943095695
30.0150075037519,0.895820241248184
30.5152576288144,0.911297239531555
31.0155077538769,0.917533878746289
31.5157578789395,0.906514207716001
32.016008004002,0.906815786014586
32.5162581290645,0.916840248659544
33.0165082541271,0.917883709572647
33.5167583791896,0.918619560621194
34.0170085042521,0.911610880962084
34.5172586293147,0.90505456875085
35.0175087543772,0.910639798840641
35.5177588794397,0.910694082934386
36.0180090045023,0.908818265917189
36.5182591295648,0.907768773438113
37.0185092546273,0.910941377139225
37.5187593796898,0.92479588417621
38.0190095047524,0.935700955453036
38.5192596298149,0.92685867973853
39.0195097548774,0.90640563952851
39.51975987994,0.903480330032238
40.0200100050025,0.918197351003175
40.520260130065,0.923348308343003
41.0205102551276,0.9219851744334
41.5207603801901,0.930248419814623
42.0210105052526,0.931569332762425
42.5212606303152,0.924663189724833
43.0215107553777,0.923233708589541
43.5217608804402,0.915911387499903
44.0220110055028,0.906471986754199
44.5222611305653,0.904849495507813
45.0225112556278,0.909210317705349
45.5227613806903,0.924265106370701
46.0230115057529,0.931219501936066
46.5232616308154,0.926665669627436
47.0235117558779,0.924464148047767
47.5237618809405,0.915543461975629
48.024012006003,0.910507104389263
48.5242621310655,0.917937993666392
49.0245122561281,0.918233540399005
49.5247623811906,0.909511896003933
50.0250125062531,0.898630950990994
50.5252626313157,0.903679371709304
51.0255127563782,0.931026491824972
51.5257628814407,0.93998336729294
52.0260130065032,0.935007325366291
52.5262631315658,0.930411272095859
53.0265132566283,0.923631791943673
53.5267633816908,0.931870911061009
54.0270135067534,0.939826546577676
54.5272636318159,0.933517528571282
55.0275137568784,0.930019220307699
55.527763881941,0.931316006991613
56.0280140070035,0.925103494040767
56.528264132066,0.920519503902278
57.0285142571286,0.921056313273759
57.5287643821911,0.925634271846276
58.0290145072536,0.928969727828624
58.5292646323162,0.927968487877322
59.0295147573787,0.938656422779167
59.5297648824412,0.947366004042296
60.0300150075037,0.940882070622723
60.5302651325663,0.934428295033008
61.0305152576288,0.926195207481644
61.5307653826913,0.916605017586648
62.0310155077539,0.917340868635194
62.5312656328164,0.919711274062071
63.0315157578789,0.91540473595828
63.5317658829415,0.910881061479508
64.032016008004,0.919355411669741
64.5322661330665,0.934217190223999
65.0325162581291,0.93991098850128
65.5327663831916,0.945731449663966
66.0330165082541,0.950001798371927
66.5332666333167,0.947028236347881
67.0335167583792,0.944000390230089
67.5337668834417,0.943463580858608
68.0340170085043,0.948361212427625
68.5342671335668,0.947601235115192
69.0345172586293,0.945423839799409
69.5347673836918,0.956226374454716
70.0350175087544,0.961564310339667
70.5352676338169,0.955617186291575
71.0355177588794,0.941672205765015
71.535767883942,0.921852479982023
72.0360180090045,0.917220237315761
72.536268134067,0.928083087630785
73.0365182591296,0.930435398359746
73.5367683841921,0.928553549776577
74.0370185092546,0.937323446699422
74.5372686343172,0.944090863719665
75.0375187593797,0.939000222039554
75.5377688844422,0.936545374689074
76.0380190095048,0.942607098490628
76.5382691345673,0.939313863470082
77.0385192596298,0.933433086647679
77.5387693846923,0.935140019817668
78.0390195097549,0.929397969012614
78.5392696348174,0.922371194655589
79.0395197598799,0.927540246693332
79.5397698849425,0.935845713036357
80.040020010005,0.941768710820562
80.5402701350675,0.943059465938505
81.0405202601301,0.940321134987355
81.5407703851926,0.931738216609632
82.0410205102551,0.924633031894975
82.5412706353177,0.943747064459278
83.0415207603802,0.952722034625161
83.5417708854427,0.939826546577676
84.0420210105053,0.942516625001052
84.5422711355678,0.945520344854957
85.0425212606303,0.94023066149778
85.5427713856928,0.930893797373595
86.0430215107554,0.929735736707029
86.5432716358179,0.942697571980203
87.0435217608804,0.946877447198588
87.543771885943,0.945001630181391
88.0440220110055,0.943783253855108
88.544272136068,0.937606930300092
89.0445222611306,0.937419951754969
89.5447723861931,0.942142667910807
90.0450225112556,0.948331054597767
90.5452726363182,0.951250332528068
91.0455227613807,0.944199431907155
91.5457728864432,0.940894133754666
92.0460230115058,0.94439244201825
92.5462731365683,0.944778462240438
93.0465232616308,0.938958001077752
93.5467733866933,0.948276770504022
94.0470235117559,0.96420613623527
94.5472736368184,0.961335110832743
95.0475237618809,0.949187536965748
95.5477738869435,0.938029139918111
96.048024012006,0.937896445466733
96.5482741370685,0.94819836014639
97.0485242621311,0.953940410951444
97.5487743871936,0.955478460274226
98.0490245122561,0.961009406270271
98.5492746373187,0.954471188756953
99.0495247623812,0.947426319702013
99.5497748874437,0.953735337708406
100.050025012506,0.951968088878699
100.550275137569,0.954736577659708
101.050525262631,0.962517297763195
101.550775387694,0.957854897267074
102.051025512756,0.954278178645859
102.551275637819,0.954133421062538
103.051525762881,0.956968257069235
103.551775887944,0.961214479513309
104.052026013006,0.960520849426564
104.552276138069,0.958439959166329
105.052526263132,0.950321471368426
105.552776388194,0.943107718466278
106.053026513257,0.942661382584373
106.553276638319,0.939078632397186
107.053526763382,0.938378970744469
107.553776888444,0.942450277775364
108.054027013507,0.943421359896807
108.554277138569,0.952583308607812
109.054527263632,0.96769238136691
109.554777388694,0.965997511328863
110.055027513757,0.951883646955096
110.555277638819,0.94969418850737
111.055527763882,0.955231166069387
111.555777888944,0.955273387031188
112.056028014007,0.956938099239377
112.55627813907,0.960955122176526
113.056528264132,0.956521921187329
113.556778389195,0.950677333760756
114.057028514257,0.960466565332818
114.55727863932,0.967469213425957
115.057528764382,0.965527049183071
115.557778889445,0.966118142648297
116.058029014507,0.965267691846288
116.55827913957,0.966612731057976
117.058529264632,0.9642423256311
117.558779389695,0.959996103187026
118.059029514757,0.96032783931547
118.55927963982,0.961479868416063
119.059529764882,0.960056418846743
119.559779889945,0.95413945262851
120.060030015007,0.948988495288682
120.56028014007,0.948867863969248
121.060530265133,0.95445912562501
121.560780390195,0.964157883707496
122.061030515258,0.968693621318211
122.56128064032,0.967209856089174
123.061530765383,0.971480204797135
123.561780890445,0.975666111581492
124.062031015508,0.96915202033206
124.56228114057,0.959193904912791
125.062531265633,0.956624457808848
125.562781390695,0.953240749298727
126.063031515758,0.941201743619223
126.56328164082,0.936472995897413
127.063531765883,0.942576940660769
127.563781890945,0.944482915507825
128.064032016008,0.949851009222634
128.564282141071,0.963735674089478
129.064532266133,0.97672766719251
129.564782391196,0.988778736003958
130.065032516258,0.981148805049763
130.565282641321,0.964157883707496
131.065532766383,0.962909349551355
131.565782891446,0.967493339689844
132.066033016508,0.976028005539793
132.566283141571,0.976275299744633
133.066533266633,0.965062618603251
133.566783391696,0.957673950287923
134.067033516758,0.954441030927095
134.567283641821,0.956298753246377
135.067533766883,0.96143161588829
135.567783891946,0.958566622051734
136.068034017009,0.947058394177739
136.568284142071,0.943915948306486
137.068534267134,0.954223894552114
137.568784392196,0.965635617370562
138.069034517259,0.973307769286559
138.569284642321,0.972704612689389
139.069534767384,0.963627105901987
139.569784892446,0.960858617120979
140.070035017509,0.965901006273316
140.570285142571,0.961877951770195
141.070535267634,0.959507546343319
141.570785392696,0.970623722429154
142.071035517759,0.977716844011868
142.571285642821,0.978482852890273
143.071535767884,0.976275299744633
143.571785892946,0.975364533282907
144.072036018009,0.970382459790286
144.572286143072,0.957818707871244
145.072536268134,0.962861097023582
145.572786393197,0.979743450178358
146.073036518259,0.979520282237405
146.573286643322,0.969483756460504
147.073536768384,0.970605627731239
147.573786893447,0.974351230199662
148.074037018509,0.969218367557749
148.574287143572,0.963596948072129
149.074537268634,0.966474005040627
149.574787393697,0.972041140432502
150.075037518759,0.964833419096326
150.575287643822,0.962396666443761
151.075537768884,0.965466733523354
151.575787893947,0.96733651897458
152.07603801901,0.974122030692738
152.576288144072,0.970557375203465
153.076538269135,0.9697189875334
153.576788394197,0.966968593450307
154.07703851926,0.961552247207724
154.577288644322,0.972252245241512
155.077538769385,0.977909854122962
155.577788894447,0.978742210227056
156.07803901951,0.980449143397046
156.578289144572,0.97637180480018
157.078539269635,0.986951171514534
157.578789394697,0.999786343902302
158.07903951976,0.994128735020852
158.579289644822,0.984828060292497
159.079539769885,0.976848298511944
159.579789894947,0.970653880259013
160.08004002001,0.972734770519248
160.580290145073,0.98092563710881
161.080540270135,0.979737418612386
161.580790395198,0.974001399373304
162.08104052026,0.973458558435851
162.581290645323,0.966094016384411
163.081540770385,0.961522089377865
163.581790895448,0.971238942158267
164.08204102051,0.979007599129811
164.582291145573,0.977897790991019
165.082541270635,0.978579357945821
165.582791395698,0.976034037105765
166.08304152076,0.970967521689541
166.583291645823,0.972879528102568
167.083541770885,0.967233982353061
167.583791895948,0.963060138700648
168.084042021011,0.980503427490792
168.584292146073,0.990932005055853
169.084542271136,0.987566391243647
169.584792396198,0.992934484958456
170.085042521261,0.991336119975957
170.585292646323,0.981016110598386
171.085542771386,0.983826820341196
171.585792896448,0.989912670406637
172.086043021511,0.983615715532187
172.586293146573,0.978886967810377
173.086543271636,0.975195649435699
173.586793396698,0.969405346102872
174.087043521761,0.975081049682237
174.587293646823,0.975213744133614
175.087543771886,0.96797586496758
175.587793896948,0.968892662995277
176.088044022011,0.973530937227511
176.588294147074,0.983320168799573
177.088544272136,0.99223482330574
177.588794397199,0.993477325895909
178.089044522261,0.981987192719829
178.589294647324,0.966667015151722
179.089544772386,0.967113351033627
179.589794897449,0.974103935994822
180.090045022511,0.98017772292832
180.590295147574,0.981353878292801
181.090545272636,0.976884487907774
181.590795397699,0.980563743150509
182.091045522761,0.990087585819816
182.591295647824,0.986486740934714
183.091545772886,0.967999991231466
183.591795897949,0.962975696777044
184.092046023012,0.976184826255057
184.592296148074,0.977783191237557
185.092546273137,0.978814589018717
185.592796398199,0.993634146611173
186.093046523262,0.997313401853907
186.593296648324,0.990304722194797
187.093546773387,0.985998184091006
187.593796898449,0.985829300243799
188.094047023512,0.988332400122053
188.594297148574,0.987282907642977
189.094547273637,0.98334429506346
189.594797398699,0.976932740435548
190.095047523762,0.976649256834878
190.595297648824,0.982982401105158
191.095547773887,0.98163736189347
191.595797898949,0.983338263497489
192.096048024012,0.991553256350938
192.596298149075,0.99060026892741
193.096548274137,0.986456583104855
193.5967983992,0.989840291614976
194.097048524262,0.993585894083399
194.597298649325,0.99131199371207
195.097548774387,0.990389164118401
195.59779889945,0.996426761656068
196.098049024512,0.990365037854514
196.598299149575,0.981384036122659
197.098549274637,0.989900607274693
197.5987993997,0.99031678532674
198.099049524762,0.9790739463555
198.599299649825,0.980020902213056
199.099549774887,0.988519378667175
199.59979989995,0.987512107149902
200.100050025013,0.981878624532338
200.600300150075,0.981981161153857
201.100550275138,0.987494012451987
201.6008004002,0.986058499750723
202.101050525263,0.978012390744481
202.601300650325,0.981613235629584
203.101550775388,0.984677271143205
203.60180090045,0.987240686681176
204.102051025513,0.992874169298739
204.602301150575,0.986516898764572
205.102551275638,0.99277163267722
205.6028014007,1.00401447164846
206.103051525763,0.994032229965305
206.603301650825,0.9868305401951
207.103551775888,0.991830708385636
207.60380190095,0.991788487423834
208.104052026013,0.993290347350786
208.604302151076,0.991601508878712
209.104552276138,0.979092041053415
209.604802401201,0.975147396907926
210.105052526263,0.980026933779027
210.605302651326,0.984616955483488
211.105552776388,0.981890687664282
211.605802901451,0.980443111831075
212.106053026513,0.987596549073506
212.606303151576,0.989562839580278
213.106553276638,0.988410810479684
213.606803401701,0.99515410123604
214.107053526763,0.996191530583172
214.607303651826,0.992964642788315
215.107553776888,0.997850211225388
215.607803901951,0.9919875291009
216.108054027014,0.988446999875515
216.608304152076,0.99817591578786
217.108554277139,0.996692150558823
217.608804402201,0.986161036372242
218.109054527264,0.98128149950114
218.609304652326,0.983856978171054
219.109554777389,0.989369829469184
219.609804902451,0.996227719979002
220.110055027514,0.992053876326589
220.610305152576,0.984864249688328
221.110555277639,0.985322648702176
221.610805402701,0.984544576691828
222.111055527764,0.98078087952549
222.611305652826,0.973193169533096
223.111555777889,0.981552919969867
223.611805902951,0.995696942173493
224.112056028014,0.992035781628674
224.612306153077,0.989399987299043
225.112556278139,0.986583245990261
225.612806403202,0.971944635376955
226.113056528264,0.959386915023885
226.613306653327,0.968024117495353
227.113556778389,0.99028059593091
227.613806903452,0.995274732555474
228.114057028514,0.987837811712373
228.614307153577,0.989321576941411
229.114557278639,0.993851282986154
229.614807403702,0.98469536584112
230.115057528764,0.969803429457003
230.615307653827,0.971136405536748
231.115557778889,0.97879046275483
231.615807903952,0.976347678536293
232.116058029015,0.971546552022823
232.616308154077,0.985588037604931
233.11655827914,1.00145105611049
233.616808404202,0.991287867448183
234.117058529265,0.979731387046414
234.617308654327,0.979918365591537
235.11755877939,0.977445423543142
235.617808904452,0.97879046275483
236.118059029515,0.986215320465987
236.618309154577,0.990033301726071
237.11855927964,0.990980257583627
237.618809404702,0.984496324164054
238.119059529765,0.9829522432753
238.619309654827,0.991293899014155
239.11955977989,0.98338048445929
239.619809904952,0.9729579384602
240.120060030015,0.975967689880076
240.620310155078,0.979827892101962
241.12056028014,0.983151284952366
241.620810405203,0.978488884456245
242.121060530265,0.975255965095416
242.621310655328,0.982542096789225
243.12156078039,0.989918701972608
243.621810905453,0.991722140198145
244.122061030515,0.988471126139401
244.622311155578,0.991577382614825
245.12256128064,0.994394123923607
245.622811405703,0.986233415163902
246.123061530765,0.980298354247754
246.623311655828,0.983265884705828
247.12356178089,0.989550776448335
247.623811905953,0.991933245007155
248.124062031016,0.987174339455487
248.624312156078,0.982843675087809
249.124562281141,0.985316617136205
249.624812406203,0.996444856353983
250.125062531266,1.00076345758972
250.625312656328,0.990558047965608
251.125562781391,0.980636121942169
251.625812906453,0.975877216390501
252.126063031516,0.981577046233753
252.626313156578,0.995322985083248
253.126563281641,0.997627043284436
253.626813406703,0.984966786309846
254.127063531766,0.975961658314105
254.627313656828,0.987922253635977
255.127563781891,1.00228944378056
255.627813906953,0.994104608756965
256.128064032016,0.987892095806119
256.628314157079,0.996655961162993
257.128564282141,1.0010650358883
257.628814407204,0.990286627496882
258.129064532266,0.974743281987822
258.629314657329,0.977982232914623
259.129564782391,0.99099232071557
259.629814907454,0.995274732555474
260.130065032516,0.994858554503427
260.630315157579,0.998827324912803
261.130565282641,1.00272371653052
261.630815407704,0.99789243218719
262.131065532766,0.994906807031201
262.631315657829,0.993073210975805
263.131565782891,0.982777327862121
263.631815907954,0.968675526620296
264.132066033016,0.967903486175919
264.632316158079,0.983766504681479
265.132566283142,0.99380303045838
265.632816408204,0.990901847225995
266.133066533267,0.990835500000306
266.633316658329,0.993471294329937
267.133566783392,0.989406018865014
267.633816908454,0.98846509457343
268.134067033517,0.990853594698221
268.634317158579,0.998561936010048
269.134567283642,1.00210246523543
269.634817408704,0.994563007770814
270.135067533767,0.998911766836407
270.635317658829,1.00146915080841
271.135567783892,0.992831948336938
271.635817908954,0.989870449444835
272.136068034017,0.99269925388556
272.63631815908,1.00205421270766
273.136568284142,1.00856227239112
273.636818409205,1.00111328841608
274.137068534267,0.991963402837013
274.63731865933,0.986637530084006
275.137568784392,0.991649761406485
275.637818909455,1.00441255500259
276.138069034517,1.00367670395405
276.63831915958,0.997005791989351
277.138569284642,0.995835668190842
277.638819409705,0.986987360910364
278.139069534767,0.973500779397653
278.63931965983,0.986076594448638
279.139569784892,1.0035801988985
279.639819909955,0.992361486191145
280.140070035018,0.985232175212601
280.64032016008,0.997753706169841
281.140570285143,1.00297704230133
281.640820410205,0.990835500000306
282.141070535268,0.981239278539338
282.64132066033,0.989966954500382
283.141570785393,1.00710866499194
283.641820910455,1.01490747979334
284.142071035518,1.0080556208495
284.64232116058,0.999967290881453
285.142571285643,0.988845083229647
285.642821410705,0.975442943640539
286.143071535768,0.984701397407092
286.64332166083,0.996125183357483
287.143571785893,0.992940516524428
287.643821910955,0.983519210476639
288.144072036018,0.981558951535838
288.644322161081,1.00163803465561
289.144572286143,1.00593250962746
289.644822411206,0.991637698274542
290.145072536268,0.989279355979609
290.645322661331,0.986872761156902
291.145572786393,0.982831611955866
291.645822911456,0.9910285101114
292.146073036518,1.0017043818813
292.646323161581,1.00789880013423
293.146573286643,1.00634868767951
293.646823411706,0.994822365107597
294.147073536768,0.990467574476033
294.647323661831,0.99408651405905
295.147573786893,0.998314641805209
295.647823911956,1.00444271283245
296.148074037018,1.00271165339857
296.648324162081,0.992331328361287
297.148574287144,0.989526650184448
297.648824412206,1.00219897029098
298.149074537269,1.00726548570721
298.649324662331,0.995491868930455
299.149574787394,0.989484429222646
299.649824912456,0.987813685448487
300.150075037519,0.985033133535535
300.650325162581,0.983464926382894
301.150575287644,0.989345703205297
301.650825412706,0.994792207277739
302.151075537769,0.992035781628674
302.651325662831,0.994526818374984
303.151575787894,0.998242263013549
303.651825912956,0.997826084961501
304.152076038019,0.99654136140953
304.652326163082,0.993543673121598
305.152576288144,0.986239446729874
305.652826413207,0.999056524419727
306.153076538269,1.02071587782409
306.653326663332,1.00541982651987
307.153576788394,0.989653313069854
307.653826913457,0.995702973739465
308.154077038519,0.991752298028004
308.654327163582,0.989490460788618
309.154577288644,0.989683470899712
309.654827413707,0.982548128355196
310.155077538769,0.986486740934714
310.655327663832,0.989526650184448
311.155577788894,0.998670504197539
311.655827913957,1.01561317301203
312.15607803902,1.00371289334988
312.656328164082,0.98608262601461
313.156578289145,0.994924901729116
313.656828414207,1.00981080654726
314.15707853927,1.00618583539827
314.657328664332,0.999888880523822
315.157578789395,0.995769320965153
315.657828914457,0.985021070403592
316.15807903952,0.985871521205601
316.658329164582,0.994918870163144
317.158579289645,1.00204214957572
317.658829414707,1.00402050321443
318.15907953977,0.998109568562171
318.659329664832,0.990901847225995
319.159579789895,0.985280427740374
319.659829914957,0.991287867448183
320.16008004002,1.0084597357696
320.660330165083,1.0100158797903
321.160580290145,0.993024958448032
321.660830415208,0.989357766337241
322.16108054027,0.995920110114446
322.661330665333,0.995715036871408
323.161580790395,0.991040573243344
323.661830915458,0.986619435386091
324.16208104052,0.992657032923758
324.662331165583,1.00152343490215
325.162581290645,1.00507602725948
325.662831415708,1.00456937571786
326.16308154077,0.999436513075944
326.663331665833,0.983314137233602
327.163581790895,0.979309177428396
327.663831915958,0.994774112579823
328.16408204102,0.997162612704615
328.664332166083,0.993230031691069
329.164582291146,0.9910285101114
329.664832416208,0.989882512576778
330.165082541271,0.997886400621218
330.665332666333,1.00216278089515
331.165582791396,0.999876817391878
331.665832916458,1.00319417867631
332.166083041521,1.00876734563416
332.666333166583,1.00537760555806
333.166583291646,0.987687022563081
333.666833416708,0.972770959915078
334.167083541771,0.971691309606144
334.667333666833,0.9816735512893
335.167583791896,0.993483357461881
335.667833916959,0.995594405551974
336.168084042021,0.997651169548322
336.668334167084,1.00575156264831
337.168584292146,1.01066125734927
337.668834417209,1.01059491012358
338.169084542271,1.00231357004444
338.669334667334,0.991131046732919
339.169584792396,0.991462782861363
339.669834917459,0.996101057093597
340.170085042521,1.0051363429192
340.670335167584,1.0151306477343
341.170585292646,1.01171074982835
341.670835417709,0.998031158204539
342.171085542771,0.98615500480627
342.671335667834,0.987819717014458
343.171585792896,0.99963555475301
343.671835917959,1.00614361443647
344.172086043022,1.00178882380491
344.672336168084,0.997174675836558
345.172586293147,0.994454439583324
345.672836418209,0.994587134034701
346.173086543272,0.993736683232692
346.673336668334,0.987964474597779
347.173586793397,0.982403370771876
347.673836918459,0.981100552521989
348.174087043522,0.995142038104097
348.674337168584,1.01084823589439
349.174587293647,1.00523887954072
349.674837418709,0.993603988781315
350.175087543772,0.996981665725464
350.675337668834,1.0003412479717
351.175587793897,1.00682518139127
351.675837918959,1.01311610469975
352.176088044022,1.00175263440908
352.676338169085,0.993157652899409
353.176588294147,0.991342151541929
353.67683841921,0.991468814427334
354.177088544272,0.990925973489882
354.677338669335,0.994243334774314
355.177588794397,1.00861052491889
355.67783891946,1.01307388373795
356.178089044522,1.00827878879045
356.678339169585,1.00128820382925
357.178589294647,0.994991248954805
357.67883941971,0.997795927131643
358.179089544772,0.998091473864256
358.679339669835,0.995582342420031
359.179589794897,0.998236231447577
359.67983991996,0.999659681016897
360.180090045022,1.00284434784995
360.680340170085,1.01098093034577
361.180590295148,1.01675313898068
361.68084042021,1.02054096241091
362.181090545273,1.00786864230437
362.681340670335,0.991927213441183
363.181590795398,0.994032229965305
363.68184092046,0.998133694826058
364.182091045523,1.0044969969262
364.682341170585,1.01008222701599
365.182591295648,1.01064919421733
365.68284142071,1.0067769288635
366.183091545773,1.00344750444712
366.683341670835,1.01256723219633
367.183591795898,1.02020319471649
367.683841920961,1.0204565204873
368.184092046023,1.01791723121322
368.684342171086,1.01083617276245
369.184592296148,1.00599282528718
369.684842421211,1.00657185562046
370.185092546273,1.00424970272136
370.685342671336,0.996137246489427
371.185592796398,0.990310753760769
371.685842921461,0.989502523920561
372.186093046523,0.993736683232692
372.686343171586,0.995292827253389
373.186593296648,0.991330088409985
373.686843421711,0.996716276822709
374.187093546773,1.00908098706469
374.687343671836,1.01375545069275
375.187593796898,1.01751311629312
375.687843921961,1.01680139150846
376.188094047024,1.00472016486715
376.688344172086,0.997669264246237
377.188594297149,0.996191530583172
377.688844422211,0.999472702471774
378.189094547274,1.01187963367555
378.689344672336,1.01928036512282
379.189594797399,1.00724739100929
379.689844922461,0.989779975955259
380.190095047524,0.986559119726374
380.690345172586,0.987952411465836
381.190595297649,0.987747338222798
381.690845422711,0.987367349566581
382.191095547774,0.985226143646629
382.691345672836,0.985889615903516
383.191595797899,0.98956887114625
383.691845922961,0.993784935760465
384.192096048024,0.993549704687569
384.692346173087,1.00057647904459
385.192596298149,1.01315832566155
385.692846423212,1.01310404156781
386.193096548274,1.0020662758396
386.693346673337,0.987313065472836
387.193596798399,0.985388995927865
387.693846923462,0.985744858320195
388.194097048524,0.985425185323695
388.694347173587,0.993815093590324
389.194597298649,0.99821210518369
389.694847423712,1.0022170649889
390.195097548774,1.00824259939462
390.695347673837,1.00648138213088
391.195597798899,0.994315713565975
391.695847923962,0.989997112330241
392.196098049024,0.994044293097248
392.696348174087,0.99519029063187
393.19659829915,0.993959851173645
393.696848424212,0.987608612205449
394.197098549275,0.991221520222495
394.697348674337,1.0035801988985
395.1975987994,1.003260525902
395.697848924462,0.999291755492624
396.198099049525,1.00436430247482
396.698349174587,1.00897845044317
397.19859929965,1.00791689483215
397.698849424712,1.00813403120713
398.199099549775,1.01036571061666
398.699349674837,1.00928606030772
399.1995997999,1.01055872072775
399.699849924963,1.01326086228307
400.200100050025,1.00945494415493
400.700350175088,1.00431604994705
401.20060030015,1.00684327608919
401.700850425213,1.00666232911004
402.201100550275,0.998194010485775
402.701350675338,1.00008189063492
403.2016008004,1.00984096437712
403.701850925463,1.00900257670705
404.202101050525,1.00289260037773
404.702351175588,0.997029918253238
405.20260130065,0.987319097038808
405.702851425713,0.986890855854817
406.203101550775,0.996481045749813
406.703351675838,0.998194010485775
407.2036018009,0.997023886687266
407.703851925963,1.00971430149171
408.204102051026,1.02315866204262
408.704352176088,1.02189203318857
409.204602301151,1.00821244156476
409.704852426213,0.989206977187948
410.205102551276,0.982089729341348
410.705352676338,0.989508555486533
411.205602801401,0.999581270659265
411.705852926463,1.00162597152367
412.206103051526,1.00377924057557
412.706353176588,1.0087794087661
413.206603301651,0.996511203579672
413.706853426713,0.97918251454299
414.207103551776,0.985244238344544
414.707353676838,0.996939444763662
415.207603801901,0.995715036871408
415.707853926963,0.999418418378029
416.208104052026,1.01380370322052
416.708354177089,1.02522145760494
417.208604302151,1.02002224773734
417.708854427214,1.00443064970051
418.209104552276,0.997735611471926
418.709354677339,1.01076379397079
419.209604802401,1.0180921466264
419.709854927464,1.00743436955441
420.210105052526,0.997560696058747
420.710355177589,0.988724451910213
421.210605302651,0.9968248450102
421.710855427714,1.01304372590809
422.211105552776,1.00513031135322
422.711355677839,0.99657755080536
423.211605802901,0.996493108881757
423.711855927964,0.984960754743875
424.212106053027,0.982843675087809
424.712356178089,0.990763121208646
425.212606303152,0.989038093340741
425.712856428214,0.979514250671433
426.213106553277,0.977276539695934
426.713356678339,0.98964124993791
427.213606803402,0.993567799385484
427.713856928464,0.993211936993154
428.214107053527,1.00689756018293
428.714357178589,1.00801943145367
429.214607303652,0.987626706903364
429.714857428714,0.978844746848575
430.215107553777,0.991106920469033
430.715357678839,1.00706041246417
431.215607803902,1.00684327608919
431.715857928965,0.995528058326285
432.216108054027,0.991866897781466
432.71635817909,0.996107088659568
433.216608304152,0.996547392975502
433.716858429215,0.995099817142295
434.217108554277,1.00213262306529
434.71735867934,1.00531125833238
435.217608804402,1.0093343128355
435.717858929465,1.0175794635188
436.218109054527,1.00323036807214
436.71835917959,0.984255061525186
437.218609304652,0.989393955733071
437.718859429715,1.00418938706164
438.219109554777,1.01259135846021
438.71935967984,1.00949716511673
439.219609804902,1.00776610568286
439.719859929965,1.00871306154041
440.220110055028,1.00525697423863
440.72036018009,1.00753087460996
441.220610305153,1.00079964698555
441.720860430215,0.990196154007307
442.221110555278,0.998628283235737
442.72136068034,1.00754896930787
443.221610805403,1.0068191498253
443.721860930465,1.00129423539523
444.222111055528,0.996704213690766
444.72236118059,0.998302578673265
445.222611305653,1.00017839569046
445.722861430715,1.00633662454756
446.223111555778,1.00827275722448
446.72336168084,0.996848971274087
447.223611805903,0.990642489889212
447.723861930965,0.990256469667023
448.224112056028,0.99397794587156
448.724362181091,1.00122788816954
449.224612306153,1.00928002874175
449.724862431216,1.02066159373034
450.225112556278,1.02142760260875
450.725362681341,1.01665663392514
451.225612806403,1.01329102011293
451.725862931466,0.999689838846755
452.226113056528,0.993833188288239
452.726363181591,1.00748865364816
453.226613306653,1.0120183596929
453.726863431716,0.999370165850256
454.227113556778,0.998091473864256
454.727363681841,1.0139363976719
455.227613806903,1.0203720785637
455.727863931966,1.0168134546404
456.228114057029,1.01436463885589
456.728364182091,1.01582427782104
457.228614307154,1.01645759224807
457.728864432216,1.00523284797474
458.229114557279,0.99959936535718
458.729364682341,1.00539570025598
459.229614807404,1.00303735796105
459.729864932466,1.00525094267266
460.230115057529,1.01116790889089
460.730365182591,0.999364134284284
461.230615307654,0.987439728358242
461.730865432716,0.98985235474692
462.231115557779,0.9977838639997
462.731365682841,0.999695870412727
463.231615807904,0.99611312022554
463.731865932966,0.99380303045838
464.232116058029,0.999852691127991
464.732366183092,1.01032952122083
465.232616308154,1.00676486573155
465.732866433217,1.00638487707534
466.233116558279,1.01464812245656
466.733366683342,1.00310973675271
467.233616808404,0.9916678561044
467.733866933467,0.995672815909606
468.234117058529,0.992952579656371
468.734367183592,0.989484429222646
469.234617308654,0.98786193797626
469.734867433717,0.987379412698525
470.235117558779,0.998236231447577
470.735367683842,1.00460556511369
471.235617808904,1.00119773033968
471.735867933967,1.0062642457559
472.23611805903,1.01009429014793
472.736368184092,0.998652409499624
473.236618309155,0.995515995194342
473.736868434217,1.0043039868151
474.23711855928,1.00077552072166
474.737368684342,0.992729411715419
475.237618809405,0.997699422076096
475.737868934467,1.00507602725948
476.23811905953,1.00199992861391
476.738369184592,0.999285723926652
477.238619309655,1.00734389606484
477.738869434717,1.01271198977965
478.23911955978,1.00532935303029
478.739369684842,1.00383352466931
479.239619809905,1.00423160802344
479.739869934967,0.994737923183993
480.24012006003,1.00179485537088
480.740370185093,1.02012478435886
481.240620310155,1.01928036512282
481.740870435218,1.00251864328748
482.24112056028,0.993628115045201
482.741370685343,0.997054044517124
483.241620810405,1.00017236412449
483.741870935468,0.998356862767011
484.24212106053,0.99792862158302
484.742371185593,1.00130629852717
485.242621310655,0.994852522937456
485.742871435718,0.995624563381833
486.24312156078,1.00432208151302
486.743371685843,0.9919875291009
487.243621810905,0.989363797903212
487.743871935968,1.01063109951941
488.244122061031,1.01668076018902
488.744372186093,1.00664423441212
489.244622311156,1.00524491110669
489.744872436218,1.00297101073536
490.245122561281,0.995389332308936
490.745372686343,0.997385780645568
491.245622811406,1.00141486671466
491.745872936468,0.999412386812057
492.246123061531,0.995160132802012
492.746373186593,0.992391644021004
493.246623311656,0.999394292114142
493.746873436718,1.01469034341836
494.247123561781,1.00984699594309
494.747373686843,0.997621011718464
495.247623811906,1.01083617276245
495.747873936968,1.00973239618963
496.248124062031,0.987801622316543
496.748374187094,0.989315545375439
497.248624312156,0.999581270659265
497.748874437219,1.00645122430103
498.249124562281,1.01331514637682
498.749374687344,1.00651153996074
499.249624812406,0.998441304690614
499.749874937469,0.998290515541322
500.250125062531,1.00256086424928
500.750375187594,1.00397225068666
501.250625312656,0.999762217638416
501.750875437719,1.00411700826998
502.251125562781,1.00346559914504
502.751375687844,0.992433864982806
503.251625812906,0.996161372753314
503.751875937969,1.00765753749537
504.252126063032,1.00984096437712
504.752376188094,1.01131266647421
505.252626313157,1.01722963269245
505.752876438219,1.00956954390839
506.253126563282,0.988911430455335
506.753376688344,0.985256301476488
507.253626813407,1.00222309655487
507.753876938469,1.00465381764146
508.254127063532,0.988881272625477
508.754377188594,0.991330088409985
509.254627313657,1.00140883514869
509.754877438719,0.994514755243041
510.255127563782,0.997596885454577
510.755377688844,1.01095680408188
511.255627813907,1.00406272417623
511.755877938969,0.994882680767314
512.256128064032,0.997789895565671
512.756378189095,0.997156581138643
513.256628314157,1.00191548669031
513.75687843922,1.0032183049402
514.257128564282,0.988694294080354
514.757378689345,0.990123775215646
515.257628814407,1.00047997398905
515.75787893947,1.00038950049947
516.258129064532,1.00172247657922
516.758379189595,1.00091424673901
517.258629314657,1.00332687312769
517.75887943972,1.01578808842521
518.259129564782,1.02656046525066
518.759379689845,1.02255550544545
519.259629814907,0.999659681016897
519.75987993997,0.989267292847665
520.260130065033,1.00241610666596
520.760380190095,1.00640297177325
521.260630315158,0.99789243218719
521.76088044022,0.995166164367984
522.261130565283,0.996649929597021
522.761380690345,0.990877720962108
523.261630815408,0.984592829219601
523.76188094047,0.989056188038656
524.262131065533,0.997675295812209
524.762381190595,0.99817591578786
525.262631315658,0.998127663260086
525.76288144072,1.00656582405449
526.263131565783,1.01691599126192
526.763381690845,1.02856897671923
527.263631815908,1.03407579645139
527.76388194097,1.01751311629312
528.264132066033,0.993664304441031
528.764382191096,0.994822365107597
529.264632316158,1.01614395081754
529.764882441221,1.02598746648335
530.265132566283,1.01235009582134
530.765382691346,0.994677607524276
531.265632816408,0.993863346118097
531.765882941471,1.00017236412449
532.266133066533,0.993181779163296
532.766383191596,0.985009007271648
533.266633316658,0.991143109864863
533.766883441721,1.0038576509332
534.267133566783,1.01034158435277
534.767383691846,0.996728339954653
535.267633816908,0.99017202774342
535.767883941971,1.00365257769016
536.268134067034,1.00768166375925
536.768384192096,0.997982905676766
537.268634317159,0.991125015166948
537.768884442221,0.99935207115234
538.269134567284,1.01632489779669
538.769384692346,1.02551097277158
539.269634817409,1.01446717547741
539.769884942471,1.00396018755472
540.270135067534,1.0052630058046
540.770385192596,1.0016621609195
541.270635317659,0.999309850190539
541.770885442721,1.00452112319008
542.271135567784,1.00578775204414
542.771385692846,1.00823656782865
543.271635817909,1.01240437991509
543.771885942971,1.00489508028033
544.272136068034,0.998622251669765
544.772386193097,1.00151740333618
545.272636318159,1.00774197941897
545.772886443222,1.00976858558546
546.273136568284,1.01182534958181
546.773386693347,1.02042033109147
547.273636818409,1.01746486376534
547.773886943472,1.00856830395709
548.274137068534,1.00979271184935
548.774387193597,1.00844164107169
549.274637318659,1.00682518139127
549.774887443722,1.01354434588374
550.275137568784,1.01487732196349
550.775387693847,0.999110808513473
551.275637818909,0.981661488157357
551.775887943972,0.993549704687569
552.276138069035,1.01405099742536
552.776388194097,1.00584203613789
553.27663831916,0.996975634159492
553.776888444222,1.00938859692924
554.277138569285,1.01817055698403
554.777388694347,1.01415956561285
555.27763881941,1.00222309655487
555.777888944472,0.994852522937455
556.278139069535,1.00682518139127
556.778389194597,1.02282692591418
557.27863931966,1.03367771309726
557.778889444722,1.02305009385513
558.279139569785,0.999014303457926
558.779389694847,1.0055826788011
559.27963981991,1.00975652245352
559.779889944973,0.987946379899864
560.280140070035,0.98266875967463
560.780390195098,0.994448408017352
561.28064032016,0.99301892688206
561.780890445223,0.987524170281845
562.281140570285,0.995678847475578
562.781390695348,1.00678899199544
563.28164082041,1.0080133998877
563.781890945473,1.00792292639812
564.282141070535,1.01227168546371
564.782391195598,1.01078792023468
565.28264132066,1.00846576733557
565.782891445723,1.00149327707229
566.283141570785,0.991963402837013
566.783391695848,0.994098577190994
567.28364182091,1.0015777189959
567.783891945973,1.00996762726252
568.284142071035,1.01297134711643
568.784392196098,1.00999175352641
569.284642321161,1.00636678237742
569.784892446223,1.00481063835673
570.285142571286,1.01206661222067
570.785392696348,1.02159648645595
571.285642821411,1.02019716315052
571.785892946473,1.01151773971725
572.286143071536,1.00568521542262
572.786393196598,1.00225325438473
573.286643321661,1.00796514735992
573.786893446723,1.01263357942201
574.287143571786,1.00671058163781
574.787393696848,1.01010635327987
575.287643821911,1.00988318533892
575.787893946973,0.996800718746313
576.288144072036,0.990533921701721
576.788394197099,0.989273324413637
577.288644322161,0.991281835882212
577.788894447224,0.995298858819361
578.289144572286,0.994213176944456
578.789394697349,0.99543758483671
579.289644822411,1.0074162748565
579.789894947474,1.0172175695605
580.290145072536,1.01988352171999
580.790395197599,1.02387641839326
581.290645322661,1.01711503293898
581.790895447724,1.00935240753341
582.291145572786,1.01349006179
582.791395697849,1.00727151727318
583.291645822912,1.00377320900959
583.791895947974,1.01266976881784
584.292146073037,1.00324846277006
584.792396198099,0.993429073368135
585.292646323162,1.00823053626268
585.792896448224,1.01893053429646
586.293146573287,1.01341165143236
586.793396698349,1.00736802232872
587.293646823412,1.00408685044012
587.793896948474,0.999237471398878
588.294147073537,0.99607693082971
588.794397198599,0.998773040819058
589.294647323662,1.00493126967616
589.794897448724,1.0133814936025
590.295147573787,1.01716328546676
590.795397698849,1.01316435722752
591.295647823912,1.00418335549567
591.795897948974,1.00064885783626
592.296148074037,1.00655979248852
592.7963981991,1.01020285833542
593.296648324162,1.00529919520043
593.796898449225,0.993513515291739
594.297148574287,0.993561767819513
594.79739869935,0.99956317596135
595.297648824412,1.00083583638138
595.797898949475,1.01762771604658
596.298149074537,1.02869563960464
596.7983991996,1.01561317301203
597.298649324662,1.0074162748565
597.798899449725,1.00067298410014
598.299149574787,0.991474845993306
598.79939969985,0.996372477562323
599.299649824912,1.01089648842217
599.799899949975,1.01596300383839
600.300150075038,0.997096265478926
600.8004002001,0.984333471882818
601.300650325163,0.997096265478926
601.800900450225,1.01139107683185
602.301150575288,1.01221740136997
602.80140070035,1.00437033404079
603.301650825413,1.00033521640573
603.801900950475,1.00342337818324
604.302151075538,1.00924987091189
604.8024012006,1.00621599322813
605.302651325663,1.00195770765211
605.802901450725,1.01057681542567
606.303151575788,1.01304372590809
606.80340170085,1.00991937473475
607.303651825913,1.01846007215067
607.803901950976,1.02483543738275
608.304152076038,1.01535984724122
608.804402201101,1.00479254365881
609.304652326163,1.00204214957572
609.804902451226,1.00321227337423
610.305152576288,1.00971430149171
610.805402701351,1.010932677818
611.305652826413,1.00332687312769
611.805902951476,1.00759119026968
612.306153076538,1.01917179693533
612.806403201601,1.00760325340162
613.306653326663,0.993573830951456
613.806903451726,1.00817022060296
614.307153576788,1.02020922628246
614.807403701851,1.01004000605419
615.307653826913,1.00742833798844
615.807903951976,1.00950922824868
616.308154077038,0.997621011718464
616.808404202101,0.996963571027549
617.308654327164,1.00262721147497
617.808904452226,1.00427382898524
618.309154577289,1.01418369187674
618.809404702351,1.0167712336786
619.309654827414,1.00917749212023
619.809904952476,1.00484079618658
620.310155077539,1.00423763958941
620.810405202601,1.00255483268331
621.310655327664,1.00491920654422
621.810905452726,1.00806768398144
622.311155577789,1.00023267978421
622.811405702851,0.995129974972154
623.311655827914,1.0010650358883
623.811905952977,1.00391796659291
624.312156078039,1.0060953619087
624.812406203102,1.00950922824868
625.312656328164,1.00940669162716
625.812906453227,1.00981683811323
626.313156578289,1.01090855155411
626.813406703352,1.01043205784235
627.313656828414,1.01692202282789
627.813906953477,1.02461830100777
628.314157078539,1.01730804305008
628.814407203602,1.00982890124518
629.314657328664,1.0091835236862
629.814907453727,1.01081807806453
630.315157578789,1.01203042282484
630.815407703852,1.0123802536512
631.315657828914,1.01810420975834
631.815907953977,1.01258532689424
632.316158079039,1.00145708767646
632.816408204102,1.0016199399577
633.316658329165,1.00047997398905
633.816908454227,0.995799478795012
634.31715857929,0.996143278055398
634.817408704352,0.996619771767162
635.317658829415,0.992958611222343
635.817908954477,0.9958658260207
636.31815907954,0.99896001936418
636.818409204602,1.00385161936723
637.318659329665,1.01347799865805
637.818909454727,1.00659598188435
638.31915957979,0.998097505430228
638.819409704852,1.00025077448212
639.319659829915,0.998833356478775
639.819909954977,1.0009383730029
640.32016008004,1.00379130370751
640.820410205103,1.00382749310334
641.320660330165,1.00625218262396
641.820910455228,1.00593250962746
642.32116058029,1.0104199947104
642.821410705353,1.01610172985574
643.321660830415,1.00853814612723
643.821910955478,0.999237471398878
644.32216108054,1.00035934266961
644.822411205603,1.01072760457496
645.322661330665,1.02043239422342
645.822911455728,1.01369513503303
646.32316158079,1.00479857522478
646.823411705853,1.00669851850587
647.323661830916,1.00043172146127
647.823911955978,0.993489389027852
648.324162081041,0.99689722380186
648.824412206103,0.998477494086445
649.324662331166,1.00269959026663
649.824912456228,1.00944288102299
650.325162581291,1.00987715377295
650.825412706353,1.01031142652291
651.325662831416,1.02070381469214
651.825912956478,1.03498656291312
652.326163081541,1.03131333923636
652.826413206603,1.01290499989074
653.326663331666,1.00760928496759
653.826913456728,1.00862258805084
654.327163581791,1.00022061665226
654.827413706853,1.00446683909634
655.327663831916,1.02121046623377
655.827913956978,1.02192219101843
656.328164082041,1.01663250766125
656.828414207104,1.02394879718492
657.328664332166,1.02221170618507
657.828914457229,1.00996159569655
658.329164582291,1.00278403219024
658.829414707354,0.995359174479078
659.329664832416,0.998266389277435
659.829914957479,1.00895432417928
660.330165082541,1.007735947853
660.830415207604,1.00283831628398
661.330665332666,1.00318211554437
661.830915457729,1.00341734661726
662.331165582791,1.00672867633572
662.831415707854,1.01121012985269
663.331665832916,1.00614964600244
663.831915957979,0.996794687180341
664.332166083042,0.995232511593672
664.832416208104,0.997566727624719
665.332666333167,1.00295291603744
665.832916458229,1.01523921592179
666.333166583292,1.02620460285833
666.833416708354,1.02488368991053
667.333666833417,1.00898448200914
667.833916958479,0.999406355246086
668.334167083542,1.00855624082515
668.834417208604,1.01303769434212
669.334667333667,1.01165043416863
669.834917458729,1.01882799767495
670.335167583792,1.01428019693229
670.835417708854,1.00377924057557
671.335667833917,1.01116790889089
671.83591795898,1.02263994736906
672.336168084042,1.0225675685774
672.836418209105,1.01078792023468
673.336668334167,1.00826672565851
673.83691845923,1.01215105414428
674.337168584292,1.00917749212023
674.837418709355,1.01278436857131
675.337668834417,1.01792929434516
675.83791895948,1.01554079422037
676.338169084542,1.01367704033512
676.838419209605,1.01737439027577
677.338669334667,1.01511255303638
677.83891945973,1.01420781814063
678.339169584792,1.01242850617898
678.839419709855,1.00331480999574
679.339669834917,1.01092061468605
679.83991995998,1.02198853824411
680.340170085042,1.01700043318552
680.840420210105,1.01190979150541
681.340670335168,1.01438273355381
681.84092046023,1.01288690519283
682.341170585293,0.999744122940501
682.841420710355,1.00245229606179
683.341670835418,1.03303836710426
683.84192096048,1.0393594482426
684.342171085543,1.01870736635551
684.842421210605,1.01404496585939
685.342671335668,1.01955781715752
685.84292146073,1.02156029706012
686.343171585793,1.01629473996683
686.843421710855,1.00739818015858
687.343671835918,1.01088442529022
687.843921960981,1.02335167215372
688.344172086043,1.02027557350815
688.844422211106,1.00735595919678
689.344672336168,1.00279609532218
689.844922461231,0.999068587551671
690.345172586293,1.00186723416254
690.845422711356,1.00964795426603
691.345672836418,1.00858639865501
691.845922961481,1.00634265611354
692.346173086543,1.01202439125887
692.846423211606,1.01453955426907
693.346673336668,1.00578172047817
693.846923461731,1.00389384032903
694.347173586793,1.00797721049187
694.847423711856,1.00132439322509
695.347673836918,0.994695702222191
695.847923961981,1.00307354735688
696.348174087044,1.01889434490063
696.848424212106,1.03095144527805
697.348674337169,1.02889468128171
697.848924462231,1.02755567363599
698.349174587294,1.03407579645139
698.849424712356,1.02409958633421
699.349674837419,1.00666836067601
699.849924962481,1.00090218360707
700.350175087544,1.00471413330118
700.850425212606,1.00824259939462
701.350675337669,1.00862861961681
701.850925462731,1.00710263342597
702.351175587794,1.00999778509238
702.851425712856,1.01863498756385
703.351675837919,1.01988955328596
703.851925962981,1.01328498854696
704.352176088044,1.00502777473171
704.852426213107,1.00044378459322
705.352676338169,1.0094187547591
705.852926463232,1.01822484107778
706.353176588294,1.01081204649856
706.853426713357,1.00424367115539
707.353676838419,1.00509412195739
707.853926963482,1.00221103342292
708.354177088544,1.00058251061057
708.854427213607,1.00499158533588
709.354677338669,1.00067901566611
709.854927463732,0.999098745381529
710.355177588794,1.01358053527957
710.855427713857,1.01025714242917
711.355677838919,0.997729579905954
711.855927963982,1.00409288200609
712.356178089045,1.00541379495389
712.856428214107,0.998151789523973
713.35667833917,1.00116154094385
713.856928464232,1.01142726622768
714.357178589295,1.01545635229677
714.857428714357,1.01154186598114
715.35767883942,1.01007619545002
715.857928964482,1.01326689384904
716.358179089545,1.01283262109908
716.858429214607,1.00163200308964
717.35867933967,0.990938036621825
717.858929464732,0.986275636125704
718.359179589795,0.98604643661878
718.859429714857,0.994002072135446
719.35967983992,0.994526818374984
719.859929964982,0.996378509128295
720.360180090045,1.00537760555806
720.860430215107,1.00842957793974
721.36068034017,1.00746452738427
721.860930465233,1.00605917251287
722.361180590295,1.00734389606484
722.861430715358,1.00974445932157
723.36168084042,1.00689152861696
723.861930965483,0.996981665725464
724.362181090545,1.00672264476975
724.862431215608,1.01752517942506
725.36268134067,1.00489508028033
725.862931465733,1.0025367379854
726.363181590795,1.01062506795344
726.863431715858,1.01209677005053
727.36368184092,1.00904479766886
727.863931965983,1.00608329877675
728.364182091046,1.00384558780125
728.864432216108,1.00079361541958
729.364682341171,1.0007453628918
729.864932466233,1.00224722281875
730.365182591296,1.00178279223893
730.865432716358,1.00163200308964
731.365682841421,1.00551030000944
731.865932966483,1.00326655746797
732.366183091546,0.986516898764572
732.866433216608,0.980479301226905
733.366683341671,0.998097505430228
733.866933466733,1.00918955525218
734.367183591796,1.00399637695055
734.867433716858,1.0023437278743
735.367683841921,1.00115550937788
735.867933966984,1.00052219495085
736.368184092046,1.00557664723513
736.868434217109,1.00679502356141
737.368684342171,1.00613155130453
737.868934467234,1.01118600358881
738.369184592296,1.0151728686961
738.869434717359,1.00464778607549
739.369684842421,0.999979354013397
739.869934967484,1.01392433453996
740.370185092546,1.01102315130757
740.870435217609,1.005817909874
741.370685342671,1.01998605834151
741.870935467734,1.02142760260875
742.371185592796,1.00519665857891
742.871435717859,0.9868305401951
743.371685842921,0.983784599379394
743.871935967984,0.992584654132098
744.372186093046,0.994900775465229
744.872436218109,0.998845419610718
745.372686343172,1.0080133998877
745.872936468234,1.01748295846326
746.373186593297,1.02075809878589
746.873436718359,1.01823690420972
747.373686843422,1.01616204551546
747.873936968484,1.00771182158911
748.374187093547,1.00452112319008
748.874437218609,1.00788070543632
749.374687343672,1.00832100975225
749.874937468734,1.01768200014032
750.375187593797,1.01796548374099
750.875437718859,1.00760325340162
751.375687843922,1.00864671431472
751.875937968985,1.00588425709969
752.376188094047,0.996288035638719
752.87643821911,0.998127663260086
753.376688344172,1.00893019791539
753.876938469235,1.01968448004293
754.377188594297,1.01720550642856
754.87743871936,1.00540173182195
755.377688844422,1.01032952122083
755.877938969485,1.01256723219633
756.378189094547,0.996553424541474
756.87843921961,0.994647449694418
757.378689344672,1.00839338854391
757.878939469735,1.01084823589439
758.379189594797,1.0140208395955
758.87943971986,1.0249319424383
759.379689844922,1.022652010501
759.879939969985,1.016897896564
760.380190095048,1.01723566425842
760.88044022011,1.01391227140801
761.380690345173,1.00652963465866
761.880940470235,0.996818813444228
762.381190595298,0.997645137982351
762.88144072036,1.01122822455061
763.381690845423,1.01395449236982
763.881940970485,1.00348369384295
764.382191095548,0.999931101485623
764.88244122061,1.00646328743297
765.382691345673,1.01353831431777
765.882941470735,1.01581824625507
766.383191595798,1.00769975845717
766.88344172086,1.0022592859507
767.383691845923,1.01431035476215
767.883941970985,1.02083047757755
768.384192096048,1.00967811209588
768.884442221111,1.00067298410014
769.384692346173,0.998821293346831
769.884942471236,1.0046658807734
770.385192596298,1.01221740136997
770.885442721361,1.01496779545306
771.385692846423,1.00978668028337
771.885942971486,1.00491317497824
772.386193096548,1.01110759323118
772.886443221611,1.00903273453691
773.386693346673,1.00651153996074
773.886943471736,1.009014639839
774.387193596798,1.01062506795344
774.887443721861,1.01082410963051
775.387693846923,0.999044461287784
775.887943971986,0.999858722693963
776.388194097049,1.01136695056796
776.888444222111,1.0154925416926
777.388694347174,1.02084254070949
777.888944472236,1.01646965538001
778.389194597299,1.00431001838107
778.889444722361,0.999683807280784
779.389694847424,1.00114344624593
779.889944972486,1.00065488940223
780.390195097549,0.998501620350331
780.890445222611,1.00180088693685
781.390695347674,1.00487698558241
781.890945472736,0.999291755492624
782.391195597799,0.996167404319285
782.891445722861,1.00101075179456
783.391695847924,1.00532935303029
783.891945972986,1.00399034538457
784.392196098049,0.991571351048853
784.892446223112,0.987843843278345
785.392696348174,1.00554648940527
785.892946473237,1.01292912615463
786.393196598299,1.01009429014793
786.893446723362,1.01957591185544
787.393696848424,1.02707314835825
787.893946973487,1.01732010618202
788.394197098549,1.00140280358272
788.894447223612,1.00309164205479
789.394697348674,1.0078626107384
789.894947473737,1.00402050321443
790.395197598799,1.00661407658226
790.895447723862,1.00952129138062
791.395697848924,1.00943684945702
791.895947973987,1.00568521542262
792.39619809905,1.00951525981465
792.896448224112,1.02403323910852
793.396698349175,1.03155460187522
793.896948474237,1.02017303688663
794.3971985993,1.00411097670401
794.897448724362,1.00367670395405
795.397698849425,1.00219293872501
795.897948974487,0.997307370287936
796.39819909955,1.00075742602375
796.898449224612,1.00144502454452
797.398699349675,0.994822365107597
797.898949474737,0.996125183357483
798.3991995998,1.00475032269701
798.899449724862,1.00383955623528
799.399699849925,0.999611428489123
799.899949974988,1.0001060168988
800.40020010005,1.0039420928568
800.900450225113,1.00711469655791
801.400700350175,1.00734992763081
801.900950475238,1.00686740235307
802.4012006003,1.00908098706469
802.901450725363,1.01089045685619
803.401700850425,1.01326086228307
803.901950975488,1.01543222603288
804.40220110055,1.00318814711034
804.902451225613,0.99689722380186
805.402701350675,1.00297101073536
805.902951475738,1.00283228471801
806.4032016008,1.00196977078406
806.903451725863,0.999581270659265
807.403701850925,0.997373717513624
807.903951975988,0.997669264246237
808.40420210105,1.00213865463126
808.904452226113,1.01308594686989
809.404702351176,1.01587253034881
809.904952476238,1.00743436955441
810.405202601301,1.00272974809649
810.905452726363,1.0129773786824
811.405702851426,1.01670488645291
811.905952976488,1.00757309557176
812.406203101551,1.00531728989835
812.906453226613,0.999496828735661
813.406703351676,0.988845083229647
813.906953476738,0.981757993212904
814.407203601801,0.988380652649826
814.907453726863,1.00659598188435
815.407703851926,1.01391830297399
815.907953976988,1.01207867535262
816.408204102051,1.01288087362685
816.908454227114,1.01135488743601
817.408704352176,1.00510015352337
817.908954477239,1.00169835031533
818.409204602301,1.00500364846782
818.909454727364,1.01583030938701
819.409704852426,1.01906926031381
819.909954977489,1.01215105414428
820.410205102551,1.01140917152976
820.910455227614,1.01020888990139
821.410705352676,1.00054028964876
821.910955477739,0.992445928114749
822.411205602801,0.993507483725767
822.911455727864,1.0025789589472
823.411705852927,1.00561283663096
823.911955977989,0.990962162885712
824.412206103052,0.982741138466291
824.912456228114,0.990835500000306
825.412706353177,0.994062387795163
825.912956478239,0.991438656597476
826.413206603302,0.988332400122052
826.913456728364,0.983881104434941
827.413706853427,0.989032061774769
827.913956978489,1.01376148225872
828.414207103552,1.0307704982989
828.914457228614,1.02123459249765
829.414707353677,1.01316435722752
829.914957478739,1.01571570963355
830.415207603802,1.0101425426757
830.915457728864,1.00399637695055
831.415707853927,1.01008825858196
831.915957978989,1.01358656684554
832.416208104052,1.01043205784235
832.916458229115,1.00867687214458
833.416708354177,1.00859846178695
833.91695847924,1.00298910543327
834.417208604302,0.988127326879015
834.917458729365,0.980322480511641
835.417708854427,0.981311657330999
835.91795897949,0.983350326629432
836.418209104552,0.99159547731274
836.918459229615,1.0038576509332
837.418709354677,1.00766356906134
837.91895947974,0.99671627682271
838.419209604802,0.994532849940956
838.919459729865,0.998616220103794
839.419709854927,0.992162444514079
839.91995997999,0.996517235145643
840.420210105053,1.00921971308203
840.920460230115,1.01247675870675
841.420710355178,1.00783848447452
841.92096048024,1.00724135944332
842.421210605303,1.01488938509543
842.921460730365,1.00953335451256
843.421710855428,0.996589613937304
843.92196098049,0.999044461287784
844.422211105553,1.00380939840542
844.922461230615,1.00677089729753
845.422711355678,1.01313419939767
845.92296148074,1.00685533922113
846.423211605803,0.995606468683917
846.923461730865,1.001981833916
847.423711855928,1.0074584958183
847.92396198099,1.00555855253722
848.424212106053,1.00996762726252
848.924462231116,1.01510652147041
849.424712356178,1.01273611604353
849.924962481241,1.00485285931853
850.425212606303,1.00779626351271
850.925462731366,1.01354434588374
851.425712856428,0.998905735270435
851.925962981491,0.974526145612841
852.426213106553,0.977783191237557
852.926463231616,1.00350178854087
853.426713356678,1.01324879915113
853.926963481741,1.00535951086015
854.427213606803,0.994201113812512
854.927463731866,0.991420561899561
855.427713856928,0.999062555985699
855.927963981991,0.998767009253086
856.428214107054,0.988688262514383
856.928464232116,0.989158724660175
857.428714357179,0.999442544641916
857.928964482241,1.00333893625963
858.429214607304,1.0033871887874
858.929464732366,1.01030539495694
859.429714857429,1.01057681542567
859.929964982491,1.0054560159157
860.430215107554,1.01786897868545
860.930465232616,1.03010099447605
861.430715357679,1.02346627190718
861.930965482741,1.01830325143541
862.431215607804,1.02309834638291
862.931465732866,1.02150601296638
863.431715857929,1.01668076018902
863.931965982992,1.01622236117517
864.432216108054,1.00584806770386
864.932466233117,0.997777832433728
865.432716358179,1.00817625216893
865.932966483242,1.01298341024837
866.433216608304,1.0049011118463
866.933466733367,1.00527506893655
867.433716858429,1.01390020827607
867.933966983492,1.02092095106712
868.434217108554,1.02770043121931
868.934467233617,1.03077652986488
869.434717358679,1.02385832369534
869.934967483742,1.00625218262396
870.435217608804,1.00465984920743
870.935467733867,1.02119840310182
871.435717858929,1.02501035279593
871.935967983992,1.01469637498433
872.436218109054,1.00443668126648
872.936468234117,1.00660201345032
873.43671835918,1.00551633157541
873.936968484242,0.999122871645416
874.437218609305,1.00668042380795
874.937468734367,1.01464209089059
875.43771885943,1.01865308226177
875.937968984492,1.01893656586244
876.438219109555,1.00731976980095
876.938469234617,1.002621179909
877.43871935968,1.01106537226937
877.938969484742,1.0130195996442
878.439219609805,1.00827878879045
878.939469734867,1.00635471924548
879.43971985993,0.997029918253238
879.939969984992,0.994321745131946
880.440220110055,1.00932224970355
880.940470235118,1.01022095303334
881.44072036018,0.994973154256889
881.940970485243,0.983296042535687
882.441220610305,0.989188882490033
882.941470735368,1.00072123662792
883.44172086043,1.00266943243677
883.941970985493,1.00778420038077
884.442221110555,1.01173487609223
884.942471235618,1.00563696289485
885.44272136068,0.994894743899257
885.942971485743,0.992102128854362
886.443221610805,0.994231271642371
886.943471735868,0.995178227499927
887.443721860931,1.00569727855456
887.943971985993,1.01342974613028
888.444222111056,1.00516650074906
888.944472236118,1.00320021024228
889.444722361181,1.01239231678315
889.944972486243,1.00668645537392
890.445222611306,0.992240854871711
890.945472736368,0.997669264246237
891.445722861431,1.00850798829737
891.945972986493,1.00900860827303
892.446223111556,1.00469603860326
892.946473236618,0.994183019114597
893.446723361681,0.98882095696576
893.946973486743,0.993543673121598
894.447223611806,0.998242263013549
894.947473736868,0.994176987548626
895.447723861931,0.98711402379577
895.947973986993,0.987988600861666
896.448224112056,0.993700493836862
896.948474237119,0.995057596180493
897.448724362181,0.986426425274997
897.948974487244,0.972433192220663
898.449224612306,0.966516226002429
898.949474737369,0.974580429706586
899.449724862431,0.981408162386546
899.949974987494,0.986969266212449
900.450225112556,1.00567315229068
900.950475237619,1.01674107584874
901.450725362681,1.00038950049947
901.950975487744,0.984249029959215
902.451225612806,0.992464022812664
902.951475737869,1.00693978114473
903.451725862931,1.00469603860326
903.951975987994,0.998724788291284
904.452226113057,1.01222343293594
904.952476238119,1.02600556118126
905.452726363182,1.02157236019207
905.952976488244,1.01365291407123
906.453226613307,1.01147551875545
906.953476738369,1.01649981320987
907.453726863432,1.01686773873414
907.953976988494,1.01301356807823
908.454227113557,1.01291706302268
908.954477238619,1.00743436955441
909.454727363682,1.01138504526587
909.954977488744,1.01234406425537
910.455227613807,0.993133526635522
910.955477738869,0.989068251170599
911.455727863932,0.994556976204842
911.955977988995,0.991685950802315
912.456228114057,0.99472586005205
912.95647823912,0.997367685947653
913.456728364182,1.00399034538457
913.956978489245,1.01116790889089
914.457228614307,1.00897845044317
914.95747873937,1.01323673601918
915.457728864432,1.01891847116452
915.957978989495,1.01309801000183
916.458229114557,1.00279006375621
916.95847923962,0.996655961162993
917.458729364682,0.993754777930607
917.958979489745,0.983778567813422
918.459229614807,0.970840858804135
918.95947973987,0.984146493337696
919.459729864932,1.00788673700229
919.959979989995,1.00734389606484
920.460230115058,1.00139677201675
920.96048024012,1.00191548669031
921.460730365183,0.999122871645416
921.960980490245,0.994949027993003
922.461230615308,0.998724788291284
922.96148074037,1.00886988225568
923.461730865433,1.01587856191479
923.961980990495,1.02075206721992
924.462231115558,1.01738042184174
924.96248124062,0.998803198648916
925.462731365683,0.981577046233753
925.962981490745,0.990214248705222
926.463231615808,1.014340512592
926.96348174087,1.02604778214307
927.463731865933,1.02403323910852
927.963981990996,1.0144913017413
928.464232116058,1.00091424673901
928.964482241121,0.993591925649371
929.464732366183,0.99408651405905
929.964982491246,0.995274732555474
930.465232616308,1.00025077448212
930.965482741371,1.00386971406514
931.465732866433,1.00129423539523
931.965982991496,1.00283228471801
932.466233116558,1.00395415598874
932.966483241621,1.00265736930483
933.466733366683,1.00506396412754
933.966983491746,1.00180691850282
934.467233616808,0.990159964611476
934.967483741871,0.990352974722571
935.467733866933,1.00231960161041
935.967983991996,1.00310370518674
936.468234117059,0.989219040319892
936.968484242121,0.987837811712374
937.468734367184,1.00684930765516
937.968984492246,1.01292912615463
938.469234617309,1.00724739100929
938.969484742371,1.00234975944027
939.469734867434,0.999913006787708
939.969984992496,1.01077585710273
940.470235117559,1.01695218065775
940.970485242621,1.01160821320683
941.470735367684,1.00810387337727
941.970985492746,1.01380370322052
942.471235617809,1.01949146993183
942.971485742871,1.00631852984965
943.471735867934,1.00104694119039
943.971985992996,1.00859243022098
944.472236118059,0.998586062273935
944.972486243122,0.987656864733223
945.472736368184,0.9958658260207
945.972986493247,0.999062555985699
946.473236618309,0.993133526635522
946.973486743372,0.995449647968653
947.473736868434,0.996414698524125
947.973986993497,0.993688430704918
948.474237118559,0.995787415663068
948.974487243622,0.999273660794708
949.474737368684,0.998127663260086
949.974987493747,0.99853177818019
950.475237618809,0.997361654381681
950.975487743872,0.992892263996654
951.475737868935,0.993652241309088
951.975987993997,1.00168025561741
952.47623811906,1.00547411061361
952.976488244122,0.99440618705555
953.476738369185,0.984128398639781
953.976988494247,0.983253821573885
954.47723861931,0.98640229901111
954.977488744372,1.00126407756537
955.477738869435,1.01028126869305
955.977988994497,0.999539049697463
956.47823911956,0.991637698274542
956.978489244622,0.984484261032111
957.478739369685,0.985805173979912
957.978989494747,0.995823605058898
958.47923961981,0.992464022812664
958.979489744872,0.989972986066354
959.479739869935,0.991173267694721
959.979989994997,0.98917681935809
960.48024012006,1.00543792121778
960.980490245123,1.02182568596288
961.480740370185,1.01275421074145
961.980990495248,1.00406272417623
962.48124062031,1.0044969969262
962.981490745373,0.998827324912803
963.481740870435,0.991649761406485
963.981990995498,0.998863514308633
964.48224112056,1.00716294908569
964.982491245623,0.997349591249738
965.482741370685,0.984068082980064
965.982991495748,0.983651904928017
966.48324162081,0.994647449694418
966.983491745873,1.00637884550937
967.483741870935,1.00879750346402
967.983991995998,1.00559474193305
968.484242121061,1.00338115722143
968.984492246123,1.00031712170781
969.484742371186,0.99920731356902
969.984992496248,1.00175263440908
970.485242621311,1.00363448299224
970.985492746373,1.00388780876306
971.485742871436,1.00576965734622
971.985992996498,1.00920764995009
972.486243121561,1.00899654514108
972.986493246623,1.00319417867631
973.486743371686,0.996680087426879
973.986993496748,0.996330256600521
974.487243621811,0.996245814676917
974.987493746873,0.988977777681024
975.487743871936,0.992071971024504
975.987993996999,1.00379733527348
976.488244122061,0.999490797169689
976.988494247124,0.992729411715419
977.488744372186,0.99582963662487
977.988994497249,0.99440618705555
978.489244622311,0.992029750062702
978.989494747374,1.00326655746797
979.489744872436,1.01218724354011
979.989994997499,1.00719913848152
980.490245122561,1.00821244156476
980.990495247624,1.01092664625202
981.490745372686,0.989580934278193
981.990995497749,0.966769551773241
982.491245622811,0.973760136734436
982.991495747874,0.981902750796225
983.491745872936,0.984122367073809
983.991995997999,0.995184259065899
984.492246123061,0.99999141714534
984.992496248124,0.998441304690614
985.492746373187,0.99896001936418
985.992996498249,1.00071520506194
986.493246623312,1.00066695253417
986.993496748374,0.998230199881605
987.493746873437,0.998115600128143
987.993996998499,0.99967174414884
988.494247123562,0.995413458572823
988.994497248624,0.991173267694721
989.494747373687,0.989840291614976
989.994997498749,0.986872761156902
990.495247623812,0.990232343403137
990.995497748874,0.998730819857256
991.495747873937,0.999098745381529
991.995997999,0.997838148093445
992.496248124062,0.993863346118097
992.996498249125,0.974857881741284
993.496748374187,0.975044860286407
993.99699849925,0.995479805798512
994.497248624312,1.00317005241242
994.997498749375,1.00487698558241
995.497748874437,1.00207230740558
995.9979989995,0.996867065972002
996.498249124562,0.993145589767466
996.998499249625,0.989629186805967
997.498749374687,1.00181295006879
997.99899949975,1.01358053527957
998.499249624812,0.996722308388681
998.999499749875,0.980491364358848
999.499749874937,0.987578454375591
1000,0.996342319732464
