0,0.882900626936812
0.500250125062531,0.883286647159001
1.00050025012506,0.88072323162103
1.50075037518759,0.877834111520588
2.00100050025013,0.874432308312551
2.50125062531266,0.877610943579635
3.00150075037519,0.884698033596377
3.50175087543772,0.888105868370386
4.00200100050025,0.896127851112741
4.50225112556278,0.908010036076981
5.00250125062531,0.905235515730001
5.50275137568784,0.895977061963448
6.00300150075037,0.896785291803656
6.50325162581291,0.898727456046542
7.00350175087544,0.886923681439933
7.50375187593797,0.883835519662425
8.0040020010005,0.898094141619514
8.50425212606303,0.895862462209986
9.00450225112556,0.894776780335081
9.50475237618809,0.903184783299625
10.0050025012506,0.897539237550118
10.5052526263132,0.889541381071649
11.0055027513757,0.884408518429736
11.5057528764382,0.884692002030406
12.0060030015007,0.898371593654212
12.5062531265633,0.911261050135725
13.0065032516258,0.904559980341171
13.5067533766883,0.888883940380734
14.0070035017509,0.887786195373886
14.5072536268134,0.897249722383476
15.0075037518759,0.904373001796049
15.5077538769385,0.908166856792245
16.008004002001,0.911659133489857
16.5082541270635,0.913154961850838
17.0085042521261,0.912027059014131
17.5087543771886,0.908558908580406
18.0090045022511,0.912889572948083
18.5092546273137,0.916641206982478
19.0095047523762,0.902442900685106
19.5097548774387,0.895373905366279
20.0100050025013,0.90259972140037
20.5102551275638,0.907310374424265
21.0105052526263,0.910935345573254
21.5107553776888,0.913709865920234
22.0110055027514,0.913613360864687
22.5112556278139,0.907111332747199
23.0115057528764,0.897201469855703
23.511755877939,0.897213532987646
24.0120060030015,0.90505456875085
24.512256128064,0.91010298946916
25.0125062531266,0.904608232868945
25.5127563781891,0.892979373675516
26.0130065032516,0.89153782940828
26.5132566283142,0.901471818563663
27.0135067533767,0.905488841500812
27.5137568784392,0.90316668860171
28.0140070035017,0.910754398594103
28.5142571285643,0.914391432875035
29.0145072536268,0.908757950257472
29.5147573786893,0.903015899452417
30.0150075037519,0.892906994883855
30.5152576288144,0.891332756165243
31.0155077538769,0.893666972196289
31.5157578789395,0.891338787731214
32.016008004002,0.901538165789352
32.5162581290645,0.921038218575844
33.0165082541271,0.930194135720878
33.5167583791896,0.929452253106359
34.0170085042521,0.920579819561995
34.5172586293147,0.905211389466114
35.0175087543772,0.906574523375718
35.5177588794397,0.923312118947173
36.0180090045023,0.925085399342852
36.5182591295648,0.91572440895478
37.0185092546273,0.923903212412399
37.5187593796898,0.938137708105601
38.0190095047524,0.937703435355639
38.5192596298149,0.932214710321396
39.0195097548774,0.931050618088859
39.51975987994,0.934597178880216
40.0200100050025,0.930453493057661
40.520260130065,0.917968151496251
41.0205102551276,0.91156262843431
41.5207603801901,0.922847688367353
42.0210105052526,0.944289905396731
42.5212606303152,0.944350221056448
43.0215107553777,0.93365022302266
43.5217608804402,0.931316006991613
44.0220110055028,0.921979142867428
44.5222611305653,0.911906427694697
45.0225112556278,0.912612120913385
45.5227613806903,0.920609977391854
46.0230115057529,0.930170009456991
46.5232616308154,0.931708058779774
47.0235117558779,0.928438950023114
47.5237618809405,0.930001125609784
48.024012006003,0.937787877279243
48.5242621310655,0.940146219574176
49.0245122561281,0.928728465189756
49.5247623811906,0.928806875547388
50.0250125062531,0.940683028945657
50.5252626313157,0.932130268397792
51.0255127563782,0.918293856058722
51.5257628814407,0.924518432141512
52.0260130065032,0.929024011922369
52.5262631315658,0.921032187009872
53.0265132566283,0.928034835103011
53.5267633816908,0.94407276902175
54.0270135067534,0.940206535233893
54.5272636318159,0.932347404772773
55.0275137568784,0.932600730543584
55.527763881941,0.929295432391095
56.0280140070035,0.933089287387292
56.528264132066,0.942359804285788
57.0285142571286,0.949042779382427
57.5287643821911,0.959025021065583
58.0290145072536,0.95794537075665
58.5292646323162,0.943873727344684
59.0295147573787,0.934452421296895
59.5297648824412,0.938210086897261
60.0300150075037,0.949042779382427
60.5302651325663,0.944054674323835
61.0305152576288,0.934832409953112
61.5307653826913,0.9448930619939
62.0310155077539,0.949585620319879
62.5312656328164,0.942836297997552
63.0315157578789,0.945013693313334
63.5317658829415,0.944169274077297
64.032016008004,0.933813075303895
64.5322661330665,0.928746559887671
65.0325162581291,0.934265442751772
65.5327663831916,0.948228517976248
66.0330165082541,0.951672542146086
66.5332666333167,0.946250164337532
67.0335167583792,0.952921076302227
67.5337668834417,0.956582236847046
68.0340170085043,0.958162507131631
68.5342671335668,0.962668086912487
69.0345172586293,0.954875303677057
69.5347673836918,0.949205631663663
70.0350175087544,0.952933139434171
70.5352676338169,0.956226374454716
71.0355177588794,0.957583476798348
71.535767883942,0.959513577909291
72.0360180090045,0.957438719215027
72.536268134067,0.953156307375123
73.0365182591296,0.953777558670208
73.5367683841921,0.95143731107319
74.0370185092546,0.953512169767453
74.5372686343172,0.959489451645404
75.0375187593797,0.964212167801242
75.5377688844422,0.974610587536445
76.0380190095048,0.978760304924971
76.5382691345673,0.975062954984322
77.0385192596298,0.968482516509202
77.5387693846923,0.963615042770044
78.0390195097549,0.972185898015823
78.5392696348174,0.976703540928623
79.0395197598799,0.969972313304211
79.5397698849425,0.968603147828636
80.040020010005,0.960653543877941
80.5402701350675,0.950894470135737
81.0405202601301,0.952155067423822
81.5407703851926,0.954434999361123
82.0410205102551,0.965605459540703
82.5412706353177,0.968639337224466
83.0415207603802,0.95634700577415
83.5417708854427,0.952305856573114
84.0420210105053,0.95076177568436
84.5422711355678,0.945490187025098
85.0425212606303,0.948686916990097
85.5427713856928,0.961908109600054
86.0430215107554,0.968102527852985
86.5432716358179,0.966075921686495
87.0435217608804,0.956087648437367
87.543771885943,0.947130772969399
88.0440220110055,0.950617018101039
88.544272136068,0.942576940660769
89.0445222611306,0.935912060262045
89.5447723861931,0.948228517976248
90.0450225112556,0.950810028212134
90.5452726363182,0.94834311772971
91.0455227613807,0.960068481978687
91.5457728864432,0.973398242776134
92.0460230115058,0.972463350050521
92.5462731365683,0.964592156457458
93.0465232616308,0.957631729326122
93.5467733866933,0.957728234381669
94.0470235117559,0.960912901214724
94.5472736368184,0.964387083214421
95.0475237618809,0.979242830202707
95.5477738869435,0.983495084212753
96.048024012006,0.970720227484701
96.5482741370685,0.961938267429912
97.0485242621311,0.957607603062235
97.5487743871936,0.957872991964989
98.0490245122561,0.967704444498853
98.5492746373187,0.975533417130114
99.0495247623812,0.969815492588947
99.5497748874437,0.968301569530051
100.050025012506,0.977578117994519
100.550275137569,0.986444519972912
101.050525262631,0.995853762888757
101.550775387694,0.988700325646326
102.051025512756,0.970690069654843
102.551275637819,0.97014722871739
103.051525762881,0.972776991481049
103.551775887944,0.966914309356561
104.052026013006,0.964079473349864
104.552276138069,0.961847793940337
105.052526263132,0.960321807749498
105.552776388194,0.963663295297817
106.053026513257,0.962565550290969
106.553276638319,0.961250668909139
107.053526763382,0.971468141665191
107.553776888444,0.979616787292952
108.054027013507,0.968180938210617
108.554277138569,0.957866960399018
109.054527263632,0.967861265214117
109.554777388694,0.97661909900502
110.055027513757,0.979610755726981
110.555277638819,0.975865153258558
111.055527763882,0.961419552756346
111.555777888944,0.960641480745998
112.056028014007,0.973615379151115
112.55627813907,0.975726427241209
113.056528264132,0.963988999860289
113.556778389195,0.962758560402063
114.057028514257,0.974960418362803
114.55727863932,0.97847078975833
115.057528764382,0.981450383348348
115.557778889445,0.995992488906106
116.058029014507,0.997789895565671
116.55827913957,0.981872592966366
117.058529264632,0.97530421762319
117.558779389695,0.978223495553491
118.059029514757,0.980117407268603
118.55927963982,0.980750721695631
119.059529764882,0.980648185074112
119.559779889945,0.98672197200761
120.060030015007,0.991324056844014
120.56028014007,0.988199705670675
121.060530265133,0.989864417878863
121.560780390195,0.990690742416986
122.061030515258,0.982427497035762
122.56128064032,0.983639841796073
123.061530765383,0.988000663993609
123.561780890445,0.980611995678282
124.062031015508,0.979393619352
124.56228114057,0.981257373237253
125.062531265633,0.972770959915078
125.562781390695,0.968844410467504
126.063031515758,0.976824172248057
126.56328164082,0.984454103202252
127.063531765883,0.992144349816164
127.563781890945,0.993941756475729
128.064032016008,0.987807653882515
128.564282141071,0.981112615653933
129.064532266133,0.97644418359184
129.564782391196,0.979188546108962
130.065032516258,0.981981161153857
130.565282641321,0.982542096789225
131.065532766383,0.981727835383046
131.565782891446,0.980370733039414
132.066033016508,0.984888375952214
132.566283141571,0.983971577924517
133.066533266633,0.971920509113069
133.566783391696,0.968168875078674
134.067033516758,0.977234318734132
134.567283641821,0.985714700490337
135.067533766883,0.985835331809771
135.567783891946,0.977855570029217
136.068034017009,0.974839787043369
136.568284142071,0.979285051164509
137.068534267134,0.97839841096667
137.568784392196,0.978283811213208
138.069034517259,0.984743618368894
138.569284642321,0.989019998642826
139.069534767384,0.989062219604628
139.569784892446,0.989779975955259
140.070035017509,1.00330877842977
140.570285142571,1.01808008349446
141.070535267634,1.00767563219328
141.570785392696,0.994508723677069
142.071035517759,0.991420561899561
142.571285642821,0.974212504182313
143.071535767884,0.966757488641297
143.571785892946,0.98270494907046
144.072036018009,0.988048916521383
144.572286143072,0.986348014917365
145.072536268134,0.992041813194645
145.572786393197,0.993839219854211
146.073036518259,0.993712556968805
146.573286643322,0.994044293097248
147.073536768384,0.994164924416682
147.573786893447,0.991957371271042
148.074037018509,0.984647113313347
148.574287143572,0.991233583354438
149.074537268634,0.998893672138492
149.574787393697,0.995678847475578
150.075037518759,0.988959682983109
150.575287643822,0.9823128972823
151.075537768884,0.9874698861881
151.575787893947,0.991824676819664
152.07603801901,0.993224000125098
152.576288144072,0.999412386812057
153.076538269135,0.996589613937304
153.576788394197,0.985220112080658
154.07703851926,0.983790630945366
154.577288644322,0.986854666458987
155.077538769385,0.990473606042005
155.577788894447,0.996945476329634
156.07803901951,1.00596869902329
156.578289144572,1.00460556511369
157.078539269635,0.990123775215646
157.578789394697,0.993790967326437
158.07903951976,0.999110808513473
158.579289644822,0.986902918986761
159.079539769885,0.981975129587885
159.579789894947,0.981359909858772
160.08004002001,0.980165659796377
160.580290145073,0.994647449694418
161.080540270135,1.00557664723513
161.580790395198,1.00638487707534
162.08104052026,1.0078626107384
162.581290645323,1.00052822651682
163.081540770385,0.992759569545277
163.581790895448,0.990256469667023
164.08204102051,0.985642321698676
164.582291145573,0.976794014418199
165.082541270635,0.98156498310181
165.582791395698,0.998453367822558
166.08304152076,0.996975634159492
166.583291645823,0.989375861035156
167.083541770885,0.990805342170448
167.583791895948,0.983416673855121
168.084042021011,0.974164251654539
168.584292146073,0.983036685198904
169.084542271136,1.00194564452017
169.584792396198,1.00056441591265
170.085042521261,0.984846154990412
170.585292646323,0.986456583104855
171.085542771386,0.992162444514079
171.585792896448,0.992162444514079
172.086043021511,0.992367517757117
172.586293146573,0.989399987299043
173.086543271636,0.994514755243041
173.586793396698,1.0055404578393
174.087043521761,1.00330877842977
174.587293646823,0.999931101485623
175.087543771886,1.00709057029403
175.587793896948,1.00351385167281
176.088044022011,0.990003143896212
176.588294147074,0.986148973240299
177.088544272136,0.989544744882363
177.588794397199,0.995178227499927
178.089044522261,0.996873097537974
178.589294647324,0.992524338472381
179.089544772386,0.993477325895909
179.589794897449,0.995992488906106
180.090045022511,0.999816501732161
180.590295147574,1.01327292541501
181.090545272636,1.01707281197718
181.590795397699,1.00542585808584
182.091045522761,1.00851401986335
182.591295647824,1.01579411999118
183.091545772886,0.99817591578786
183.591795897949,0.979393619352
184.092046023012,0.981987192719829
184.592296148074,0.988314305424137
185.092546273137,0.993386852406334
185.592796398199,1.00752484304399
186.093046523262,1.01139710839782
186.593296648324,1.00478651209284
187.093546773387,0.996215656847059
187.593796898449,0.984405850674479
188.094047023512,0.991589445746768
188.594297148574,1.00654772935657
189.094547273637,1.00564299446082
189.594797398699,0.99504553304855
190.095047523762,0.991233583354438
190.595297648824,0.99686103440603
191.095547773887,0.996529298277587
191.595797898949,0.988169547840817
192.096048024012,0.982849706653781
192.596298149075,0.989134598396288
193.096548274137,0.999140966343331
193.5967983992,0.997554664492775
194.097048524262,0.999870785825906
194.597298649325,1.01437067042186
195.097548774387,1.01463605932462
195.59779889945,1.00183707633268
196.098049024512,1.00090821517304
196.598299149575,1.00306751579091
197.098549274637,1.00231960161041
197.5987993997,1.0106974467451
198.099049524762,1.02070381469214
198.599299649825,1.01867720852565
199.099549774887,1.00836323071405
199.59979989995,1.01079395180065
200.100050025013,1.02315866204262
200.600300150075,1.02841818756994
201.100550275138,1.02750742110822
201.6008004002,1.0220971064316
202.101050525263,1.01402687116148
202.601300650325,1.01028730025902
203.101550775388,1.01295928398449
203.60180090045,1.01377957695664
204.102051025513,1.00128217226328
204.602301150575,0.993109400371635
205.102551275638,0.994189050680569
205.6028014007,0.993905567079899
206.103051525763,1.00422557645747
206.603301650825,1.01493160605723
207.103551775888,1.01941909114017
207.60380190095,1.01851435624442
208.104052026013,1.01160821320683
208.604302151076,1.01223549606788
209.104552276138,1.00975652245352
209.604802401201,1.00163803465561
210.105052526263,1.00469603860326
210.605302651326,1.00793498953006
211.105552776388,1.00494936437407
211.605802901451,1.01111965636312
212.106053026513,1.02063143590048
212.606303151576,1.01832134613332
213.106553276638,1.01772422110213
213.606803401701,1.03021559422951
214.107053526763,1.03026384675728
214.607303651826,1.01170471826237
215.107553776888,1.00628837201979
215.607803901951,1.00269959026663
216.108054027014,0.987590517507534
216.608304152076,0.986836571761072
217.108554277139,0.987349254868666
217.608804402201,0.978428568796528
218.109054527264,0.983850946605083
218.609304652326,1.00063076313834
219.109554777389,1.01484716413363
219.609804902451,1.01655409730362
220.110055027514,1.00668042380795
220.610305152576,1.00592647806149
221.110555277639,1.01257929532827
221.610805402701,1.01584237251896
222.111055527764,1.01227771702968
222.611305652826,1.00573949951637
223.111555777889,1.01644552911613
223.611805902951,1.02479321642095
224.112056028014,1.00825466252656
224.612306153077,0.997343559683766
225.112556278139,1.00196977078406
225.612806403202,1.00399637695055
226.113056528264,1.00689152861696
226.613306653327,1.00804355771755
227.113556778389,0.999611428489123
227.613806903452,1.00240404353402
228.114057028514,1.0178569155535
228.614307153577,1.02315263047665
229.114557278639,1.01785088398753
229.614807403702,1.01819468324792
230.115057528764,1.01926830199088
230.615307653827,1.01142726622768
231.115557778889,1.00888194538762
231.615807903952,1.00756103243982
232.116058029015,1.00411097670401
232.616308154077,1.00774197941897
233.11655827914,1.01234406425537
233.616808404202,1.01289896832477
234.117058529265,1.01528143688359
234.617308654327,1.0127421476095
235.11755877939,1.00458747041577
235.617808904452,1.01550460482454
236.118059029515,1.02733853726101
236.618309154577,1.0217352124733
237.11855927964,1.01760358978269
237.618809404702,1.00829085192239
238.119059529765,0.996523266711615
238.619309654827,1.00145708767646
239.11955977989,1.0164093397203
239.619809904952,1.01770009483824
240.120060030015,1.0084175148078
240.620310155078,1.01294118928657
241.12056028014,1.02136125538306
241.620810405203,1.01695821222372
242.121060530265,1.01739248497368
242.621310655328,1.02240471629616
243.12156078039,1.0103777737486
243.621810905453,0.995648689645719
244.122061030515,0.996318193468578
244.622311155578,0.998272420843407
245.12256128064,1.00505190099559
245.622811405703,1.01709693824107
246.123061530765,1.01446717547741
246.623311655828,1.00915336585635
247.12356178089,1.00831497818628
247.623811905953,1.01342371456431
248.124062031016,1.02447354342445
248.624312156078,1.02229614810867
249.124562281141,1.01569158336966
249.624812406203,1.02014287905678
250.125062531266,1.01778453676184
250.625312656328,1.01099902504368
251.125562781391,1.01764581074449
251.625812906453,1.01836356709513
252.126063031516,1.01239231678315
252.626313156578,1.01766390544241
253.126563281641,1.01723566425842
253.626813406703,1.00938256536327
254.127063531766,1.01538397350511
254.627313656828,1.01864705069579
255.127563781891,1.00913527115843
255.627813906953,1.00523887954072
256.128064032016,1.00595060432538
256.628314157079,1.0126999266477
257.128564282141,1.01888228176869
257.628814407204,1.02194631728231
258.129064532266,1.02615031876458
258.629314657329,1.01940099644226
259.129564782391,1.01409321838716
259.629814907454,1.0188581555048
260.130065032516,1.01046824723818
260.630315157579,1.00274181122843
261.130565282641,1.00704231776625
261.630815407704,1.00692168644682
262.131065532766,1.02134316068514
262.631315657829,1.03717602136084
263.131565782891,1.02942545908722
263.631815907954,1.01282055796714
264.132066033016,1.00749468521413
264.632316158079,1.01226565389774
265.132566283142,1.01382782948441
265.632816408204,1.00405669261026
266.133066533267,0.991679919236344
266.633316658329,1.00177676067296
267.133566783392,1.01311007313378
267.633816908454,1.01163233947071
268.134067033517,1.01567348867175
268.634317158579,1.01762168448061
269.134567283642,1.00906289236677
269.634817408704,0.999116840079444
270.135067533767,0.999321913322482
270.635317658829,1.00608329877675
271.135567783892,1.00963589113408
271.635817908954,1.01188566524152
272.136068034017,1.01935877548045
272.63631815908,1.02810454613941
273.136568284142,1.01756136882089
273.636818409205,1.00154756116604
274.137068534267,1.00244626449582
274.63731865933,1.00111931998205
275.137568784392,1.00196977078406
275.637818909455,1.01259739002618
276.138069034517,1.01595697227242
276.63831915958,1.01026920556111
277.138569284642,1.00596869902329
277.638819409705,1.01183138114778
278.139069534767,1.02505257375774
278.63931965983,1.03153047561134
279.139569784892,1.03473926870828
279.639819909955,1.03899152271832
280.140070035018,1.03670555921505
280.64032016008,1.03402151235765
281.140570285143,1.02909975452474
281.640820410205,1.02161458115387
282.141070535268,1.01697630692164
282.64132066033,1.00924987091189
283.141570785393,0.999020335023897
283.641820910455,1.00158375056187
284.142071035518,1.0106974467451
284.64232116058,1.01017270050556
285.142571285643,1.01742264280354
285.642821410705,1.03372596562503
286.143071535768,1.03826170323575
286.64332166083,1.0275315473721
287.143571785893,1.01614395081754
287.643821910955,1.01114981419298
288.144072036018,1.00135455105494
288.644322161081,0.998742882989199
289.144572286143,1.00201802331183
289.644822411206,0.995642658079748
290.145072536268,0.996306130336634
290.645322661331,1.00628234045382
291.145572786393,1.01584840408493
291.645822911456,1.01213899101234
292.146073036518,1.00440652343662
292.646323161581,1.0086527458807
293.146573286643,1.00725342257526
293.646823411706,1.00797721049187
294.147073536768,1.01792929434516
294.647323661831,1.01909941814367
295.147573786893,1.01596903540436
295.647823911956,1.02061334120257
296.148074037018,1.02601762431321
296.648324162081,1.02622269755624
297.148574287144,1.02204885390383
297.648824412206,1.01121616141867
298.149074537269,1.00483476462061
298.649324662331,1.00862861961681
299.149574787394,1.00806165241547
299.649824912456,1.00237388570416
300.150075037519,1.00654772935657
300.650325162581,1.01295928398449
301.150575287644,1.0098228696792
301.650825412706,1.01450336487324
302.151075537769,1.02159648645595
302.651325662831,1.01303166277615
303.151575787894,1.00741024329053
303.651825912956,1.01883402924092
304.152076038019,1.03251362086472
304.652326163082,1.03017940483368
305.152576288144,1.014340512592
305.652826413207,1.01309801000183
306.153076538269,1.0242081545217
306.653326663332,1.02042636265745
307.153576788394,1.00944891258896
307.653826913457,1.00475635426298
308.154077038519,1.00615567756841
308.654327163582,1.00747659051621
309.154577288644,1.01064919421733
309.654827413707,1.01782072615767
310.155077538769,1.01791723121322
310.655327663832,1.01470240655031
311.155577788894,1.01403290272745
311.655827913957,1.01754327412297
312.15607803902,1.02146379200458
312.656328164082,1.01684361247026
313.156578289145,1.01245263244286
313.656828414207,1.01423194440451
314.15707853927,1.01607760359185
314.657328664332,1.0209269826331
315.157578789395,1.02891880754559
315.657828914457,1.02836993504217
316.15807903952,1.01618617177934
316.658329164582,1.0177302526681
317.158579289645,1.0293229224657
317.658829414707,1.01792326277919
318.15907953977,1.00600488841912
318.659329664832,1.01194598090124
319.159579789895,1.01622839274114
319.659829914957,1.01602935106408
320.16008004002,1.01822484107778
320.660330165083,1.02507670002162
321.160580290145,1.0290032494692
321.660830415208,1.02038414169564
322.16108054027,1.01758549508478
322.661330665333,1.02387641839326
323.161580790395,1.02218757992118
323.661830915458,1.02228408497673
324.16208104052,1.02196441198023
324.662331165583,1.01748295846326
325.162581290645,1.02008859496303
325.662831415708,1.02691029607702
326.16308154077,1.030324162417
326.663331665833,1.02542049928201
327.163581790895,1.0181343675882
327.663831915958,1.01347196709208
328.16408204102,1.00573346795039
328.664332166083,0.998688598895454
329.164582291146,1.01067332048121
329.664832416208,1.03651858066993
330.165082541271,1.04282156711035
330.665332666333,1.02451576438625
331.165582791396,1.01438273355381
331.665832916458,1.02641570766734
332.166083041521,1.0309212874482
332.666333166583,1.01882196610897
333.166583291646,1.00931621813758
333.666833416708,1.01447320704338
334.167083541771,1.02603571901112
334.667333666833,1.02333960902177
335.167583791896,1.01263357942201
335.667833916959,1.01763374761255
336.168084042021,1.0317295172884
336.668334167084,1.02865945020881
337.168584292146,1.01187963367555
337.668834417209,1.00321227337423
338.169084542271,1.01678932837651
338.669334667334,1.03248346303486
339.169584792396,1.03390088103821
339.669834917459,1.0339672282639
340.170085042521,1.0160896667238
340.670335167584,0.991577382614825
341.170585292646,0.994659512826361
341.670835417709,1.01631886623072
342.171085542771,1.0423631680965
342.671335667834,1.04752618856827
343.171585792896,1.02792359916026
343.671835917959,1.01415956561285
344.172086043022,1.01387005044621
344.672336168084,1.01324879915113
345.172586293147,1.01222946450191
345.672836418209,1.01482303786974
346.173086543272,1.01851435624442
346.673336668334,1.01492557449126
347.173586793397,1.00992540630072
347.673836918459,1.02926863837195
348.174087043522,1.04130764405146
348.674337168584,1.02754361050405
349.174587293647,1.01639124502238
349.674837418709,1.01364085093929
350.175087543772,1.02406339693838
350.675337668834,1.02834580877828
351.175587793897,1.01950956462975
351.675837918959,1.02143966574069
352.176088044022,1.02477512172304
352.676338169085,1.02161458115387
353.176588294147,1.01350815648791
353.67683841921,1.01006413231807
354.177088544272,1.01575793059535
354.677338669335,1.01652997103973
355.177588794397,1.0214155394768
355.67783891946,1.02413577573004
356.178089044522,1.0177302526681
356.678339169585,1.01788104181739
357.178589294647,1.0254446255459
357.67883941971,1.03316502998967
358.179089544772,1.02768836808737
358.679339669835,1.01610172985574
359.179589794897,1.01703662258135
359.67983991996,1.01671694958485
360.180090045022,1.00830894662031
360.680340170085,1.00931621813758
361.180590295148,1.01382782948441
361.68084042021,1.01556492048426
362.181090545273,1.0206073096366
362.681340670335,1.02206694860175
363.181590795398,1.01825499890763
363.68184092046,1.0275737683339
364.182091045523,1.04332821865197
364.682341170585,1.03178983294812
365.182591295648,1.02278470495238
365.68284142071,1.02886452345185
366.183091545773,1.0217352124733
366.683341670835,1.01726582208828
367.183591795898,1.01904513404993
367.683841920961,1.01172281296029
368.184092046023,1.01253707436647
368.684342171086,1.02619857129236
369.184592296148,1.02770043121931
369.684842421211,1.02487765834456
370.185092546273,1.02314056734471
370.685342671336,1.01756136882089
371.185592796398,1.01902703935201
371.685842921461,1.03125905514261
372.186093046523,1.03408182801736
372.686343171586,1.01714519076884
373.186593296648,1.01624648743906
373.686843421711,1.03079462456279
374.187093546773,1.03463070052079
374.687343671836,1.03306852493412
375.187593796898,1.03047495156629
375.687843921961,1.02355674539676
376.188094047024,1.01943718583809
376.688344172086,1.02545065711187
377.188594297149,1.02586080359794
377.688844422211,1.02421418608767
378.189094547274,1.02619857129236
378.689344672336,1.02482337425081
379.189594797399,1.0299622684587
379.689844922461,1.03253171556264
380.190095047524,1.02914800705252
380.690345172586,1.03490815255549
381.190595297649,1.0463922541656
381.690845422711,1.04461294220394
382.191095547774,1.02370150298008
382.691345672836,1.0129351577206
383.191595797899,1.03037241494477
383.691845922961,1.04458881594006
384.192096048024,1.03373199719101
384.692346173087,1.02151204453235
385.192596298149,1.02586080359794
385.692846423212,1.02786931506652
386.193096548274,1.01695218065775
386.693346673337,1.01294118928657
387.193596798399,1.01748295846326
387.693846923462,1.02332754588983
388.194097048524,1.02507670002162
388.694347173587,1.01772422110213
389.194597298649,1.01442495451561
389.694847423712,1.02116824527196
390.195097548774,1.0164093397203
390.695347673837,1.01377354539066
391.195597798899,1.02143363417472
391.695847923962,1.0062642457559
392.196098049024,0.99369446227089
392.696348174087,1.00127010913134
393.19659829915,1.01004000605419
393.696848424212,1.01985336389013
394.197098549275,1.0257642985424
394.697348674337,1.02603571901112
395.1975987994,1.01728391678619
395.697848924462,1.01644552911613
396.198099049525,1.03282123072928
396.698349174587,1.02669315970204
397.19859929965,1.01642743441821
397.698849424712,1.01531159471345
398.199099549775,1.00858036708903
398.699349674837,1.02182568596288
399.1995997999,1.03277297820151
399.699849924963,1.0216507705497
400.200100050025,1.01824293577569
400.700350175088,1.03054733035795
401.20060030015,1.03137968646204
401.700850425213,1.02102348768864
402.201100550275,1.0198171744943
402.701350675338,1.02277867338641
403.2016008004,1.02639761296942
403.701850925463,1.02244693725796
404.202101050525,1.01880387141106
404.702351175588,1.02054096241091
405.20260130065,1.01303166277615
405.702851425713,1.02481131111887
406.203101550775,1.04058988770082
406.703351675838,1.02373769237591
407.2036018009,1.01307991530392
407.703851925963,1.0254868465077
408.204102051026,1.03725443171848
408.704352176088,1.02855088202132
409.204602301151,1.0181343675882
409.704852426213,1.02435291210502
410.205102551276,1.02510082628551
410.705352676338,1.02668109657009
411.205602801401,1.02858707141715
411.705852926463,1.01594490914048
412.206103051526,1.01447923860935
412.706353176588,1.02097523516087
413.206603301651,1.01405099742536
413.706853426713,1.01570967806758
414.207103551776,1.02181362283094
414.707353676838,1.01292309458866
415.207603801901,1.00999778509238
415.707853926963,1.0194975014978
416.208104052026,1.02766424182348
416.708354177089,1.02588492986183
417.208604302151,1.01650584477584
417.708854427214,1.01592078287659
418.209104552276,1.01661441296333
418.709354677339,1.01999812147345
419.209604802401,1.03498656291312
419.709854927464,1.04584338166217
420.210105052526,1.04030640410015
420.710355177589,1.02315263047665
421.210605302651,1.01894862899438
421.710855427714,1.028406124438
422.211105552776,1.03093335058014
422.711355677839,1.02452179595223
423.211605802901,1.01473859594614
423.711855927964,1.01718741173064
424.212106053027,1.0290032494692
424.712356178089,1.02645792862914
425.212606303152,1.01718741173064
425.712856428214,1.01554682578634
426.213106553277,1.02012478435886
426.713356678339,1.02134919225111
427.213606803402,1.02451576438625
427.713856928464,1.03067399324336
428.214107053527,1.01778453676184
428.714357178589,0.999376197416227
429.214607303652,1.0025789589472
429.714857428714,1.01778453676184
430.215107553777,1.02588492986183
430.715357678839,1.02773058904917
431.215607803902,1.03429293282637
431.715857928965,1.02903943886503
432.216108054027,1.01501001641486
432.71635817909,1.0215663286261
433.216608304152,1.0251249525494
433.716858429215,1.02137935008097
434.217108554277,1.02778487314291
434.71735867934,1.03011305760799
435.217608804402,1.03146412838565
435.717858929465,1.03229648448974
436.218109054527,1.02311644108082
436.71835917959,1.02063746746645
437.218609304652,1.03218188473628
437.718859429715,1.03882263887112
438.219109554777,1.04105431828064
438.71935967984,1.03972737376687
439.219609804902,1.03014924700382
439.719859929965,1.02169902307747
440.220110055028,1.01608363515782
440.72036018009,1.0177302526681
441.220610305153,1.02105967708447
441.720860430215,1.01999812147345
442.221110555278,1.0207761934838
442.72136068034,1.01063109951941
443.221610805403,1.00329068373186
443.721860930465,1.02063746746645
444.222111055528,1.0300889313441
444.72236118059,1.02311644108082
445.222611305653,1.02592111925766
445.722861430715,1.03291170421886
446.223111555778,1.02784518880263
446.72336168084,1.01175297079015
447.223611805903,1.00195770765211
447.723861930965,1.0064150349052
448.224112056028,1.01829721986944
448.724362181091,1.01958797498738
449.224612306153,1.00926193404384
449.724862431216,1.01155392911308
450.225112556278,1.02642173923331
450.725362681341,1.04000482580157
451.225612806403,1.03462466895482
451.725862931466,1.01596300383839
452.226113056528,1.00842354637377
452.726363181591,1.011572023811
453.226613306653,1.01742264280354
453.726863431716,1.0245278275182
454.227113556778,1.03191046426755
454.727363681841,1.02969084798997
455.227613806903,1.01766993700838
455.727863931966,1.01008825858196
456.228114057029,1.01543222603288
456.728364182091,1.02374975550785
457.228614307154,1.02774265218111
457.728864432216,1.03457038486107
458.229114557279,1.0361204973158
458.729364682341,1.02938926969138
459.229614807404,1.028406124438
459.729864932466,1.03137968646204
460.230115057529,1.02771852591723
460.730365182591,1.02319485143845
461.230615307654,1.02805629361164
461.730865432716,1.03195871679533
462.231115557779,1.01837563022707
462.731365682841,1.00583600457191
463.231615807904,1.01347799865805
463.731865932966,1.02195234884828
464.232116058029,1.01894862899438
464.732366183092,1.02357484009467
465.232616308154,1.03600589756233
465.732866433217,1.02994417376078
466.233116558279,1.01719947486259
466.733366683342,1.00916542898829
467.233616808404,1.0033871887874
467.733866933467,1.0104199947104
468.234117058529,1.01533572097733
468.734367183592,1.0184118196229
469.234617308654,1.02815279866719
469.734867433717,1.03290567265288
470.235117558779,1.02977528991357
470.735367683842,1.02142157104277
471.235617808904,1.01479891160585
471.735867933967,1.0162163296092
472.23611805903,1.02607190840695
472.736368184092,1.02528177326466
473.236618309155,1.01512461616832
473.736868434217,1.01700043318552
474.23711855928,1.01914767067145
474.737368684342,1.01557095205023
475.237618809405,1.01839372492498
475.737868934467,1.02522748917091
476.23811905953,1.02444338559459
476.738369184592,1.02139141321292
477.238619309655,1.03693475872198
477.738869434717,1.04698937919679
478.23911955978,1.02162061271984
478.739369684842,1.00441255500259
479.239619809905,1.01379164008858
479.739869934967,1.01327292541501
480.24012006003,1.00666836067601
480.740370185093,1.01341768299833
481.240620310155,1.02152410766429
481.740870435218,1.01367100876915
482.24112056028,1.00324846277006
482.741370685343,1.01339958830042
483.241620810405,1.02903943886503
483.741870935468,1.02826136685468
484.24212106053,1.01737439027577
484.742371185593,1.01484716413363
485.242621310655,1.02150601296638
485.742871435718,1.02761598929571
486.24312156078,1.02657855994857
486.743371685843,1.01598109853631
487.243621810905,1.01004603762016
487.743871935968,1.01273008447756
488.244122061031,1.01969654317487
488.744372186093,1.03248949460084
489.244622311156,1.04081908720775
489.744872436218,1.04022196217655
490.245122561281,1.03088509805237
490.745372686343,1.01763374761255
491.245622811406,1.01100505660966
491.745872936468,1.0097806487174
492.246123061531,1.01648171851196
492.746373186593,1.02635539200762
493.246623311656,1.02814073553524
493.746873436718,1.02619253972639
494.247123561781,1.02479321642095
494.747373686843,1.01415956561285
495.247623811906,1.00517253231503
495.747873936968,1.01918386006728
496.248124062031,1.03513735206241
496.748374187094,1.03159682283703
497.248624312156,1.02110189804627
497.748874437219,1.01034158435277
498.249124562281,0.999496828735661
498.749374687344,1.00117360407579
499.249624812406,1.01706678041121
499.749874937469,1.0262528553861
500.250125062531,1.02584270890003
500.750375187594,1.02824327215676
501.250625312656,1.02718171654574
501.750875437719,1.02163870741776
502.251125562781,1.01792326277919
502.751375687844,1.01394242923787
503.251625812906,1.0106130048215
503.751875937969,1.01022698459931
504.252126063032,1.01415956561285
504.752376188094,1.02221773775104
505.252626313157,1.02607793997292
505.752876438219,1.02436497523696
506.253126563282,1.0303663833788
506.753376688344,1.03382247068058
507.253626813407,1.02266407363294
507.753876938469,1.02309834638291
508.254127063532,1.03056542505587
508.754377188594,1.02894293380948
509.254627313657,1.0284905663616
509.754877438719,1.02827342998662
510.255127563782,1.03019749953159
510.755377688844,1.02924451210806
511.255627813907,1.0173683587098
511.755877938969,1.01165043416863
512.256128064032,1.01907529187979
512.756378189095,1.02488368991053
513.256628314157,1.02966672172608
513.75687843922,1.03130127610441
514.257128564282,1.02703092739645
514.757378689345,1.02467258510152
515.257628814407,1.01640330815432
515.75787893947,1.01344180926222
516.258129064532,1.02081238287963
516.758379189595,1.0236532504523
517.258629314657,1.03605415009011
517.75887943972,1.04367804947833
518.259129564782,1.03242314737515
518.759379689845,1.02130093972334
519.259629814907,1.01994383737971
519.75987993997,1.02698870643465
520.260130065033,1.02883436562199
520.760380190095,1.02886452345185
521.260630315158,1.02121649779974
521.76088044022,1.01406909212328
522.261130565283,1.0190089446541
522.761380690345,1.01835150396318
523.261630815408,1.02200663294203
523.76188094047,1.02245296882393
524.262131065533,1.02394879718492
524.762381190595,1.04045116168347
525.262631315658,1.0410844761105
525.76288144072,1.02922038584418
526.263131565783,1.01993177424777
526.763381690845,1.01004000605419
527.263631815908,1.01564936240786
527.76388194097,1.02597540335141
528.264132066033,1.01801976783474
528.764382191096,1.01045015254026
529.264632316158,1.01830928300138
529.764882441221,1.02371959767799
530.265132566283,1.01861086129996
530.765382691346,1.02053493084494
531.265632816408,1.0213310975532
531.765882941471,1.01288690519283
532.266133066533,1.0174105796716
532.766383191596,1.02086666697338
533.266633316658,1.0099736588285
533.766883441721,1.00948510198479
534.267133566783,1.03017940483368
534.767383691846,1.03666936981922
535.267633816908,1.02253137918157
535.767883941971,1.02794772542415
536.268134067034,1.02897912320531
536.768384192096,1.01410528151911
537.268634317159,1.01662647609528
537.768884442221,1.02758583146585
538.269134567284,1.02250725291768
538.769384692346,1.01619823491129
539.269634817409,1.02259169484128
539.769884942471,1.01434654415798
540.270135067534,1.00358623046447
540.770385192596,1.01364085093929
541.270635317659,1.02108380334836
541.770885442721,1.01140313996379
542.271135567784,0.998682567329482
542.771385692846,0.997277212458077
543.271635817909,1.00526903737057
543.771885942971,1.02128284502543
544.272136068034,1.03673571704491
544.772386193097,1.03001655255244
545.272636318159,1.02385229212937
545.772886443222,1.02987782653509
546.273136568284,1.01893053429646
546.773386693347,1.0155347626544
547.273636818409,1.02519733134106
547.773886943472,1.01971463787279
548.274137068534,1.01164440260266
548.774387193597,1.01148758188739
549.274637318659,1.01367100876915
549.774887443722,1.01820071481389
550.275137568784,1.02312247264679
550.775387693847,1.01856260877219
551.275637818909,1.01662044452931
551.775887943972,1.02127681345945
552.276138069035,1.01532968941136
552.776388194097,1.01374338756081
553.27663831916,1.02540240458409
553.776888444222,1.03002258411841
554.277138569285,1.02373769237591
554.777388694347,1.02409958633421
555.27763881941,1.02164473898373
555.777888944472,1.01560714144606
556.278139069535,1.02453989065014
556.778389194597,1.0251249525494
557.27863931966,1.01858070347011
557.778889444722,1.0251671735112
558.279139569785,1.02975116364969
558.779389694847,1.02380403960159
559.27963981991,1.02039017326161
559.779889944973,1.02323707240026
560.280140070035,1.020733972522
560.780390195098,1.02060127807062
561.28064032016,1.02795978855609
561.780890445223,1.02618650816041
562.281140570285,1.01670488645291
562.781390695348,1.02258566327531
563.28164082041,1.03563797203806
563.781890945473,1.03041463590657
564.282141070535,1.0222901165427
564.782391195598,1.03110223442735
565.28264132066,1.03367771309726
565.782891445723,1.02177743343511
566.283141570785,1.02229614810867
566.783391695848,1.02427450174739
567.28364182091,1.02051080458105
567.783891945973,1.02540240458409
568.284142071035,1.0269344223409
568.784392196098,1.01697630692164
569.284642321161,1.017537242557
569.784892446223,1.03229045292377
570.285142571286,1.0378455251837
570.785392696348,1.03110826599332
571.285642821411,1.01860482973399
571.785892946473,1.01211486474845
572.286143071536,1.01747089533131
572.786393196598,1.01801373626877
573.286643321661,1.01599316166825
573.786893446723,1.01985939545611
574.287143571786,1.01652393947376
574.787393696848,1.01335736733862
575.287643821911,1.01359862997749
575.787893946973,1.01631283466475
576.288144072036,1.01787501025142
576.788394197099,1.00783245290854
577.288644322161,1.0051363429192
577.788894447224,1.01266373725187
578.289144572286,1.02006446869914
578.789394697349,1.02301993602527
579.289644822411,1.02757979989988
579.789894947474,1.04202540040209
580.290145072536,1.03669952764908
580.790395197599,1.01828515673749
581.290645322661,1.02305009385513
581.790895447724,1.03207331654879
582.291145572786,1.02777884157694
582.791395697849,1.02261582110517
583.291645822912,1.02303803072319
583.791895947974,1.02422624921961
584.292146073037,1.01961210125127
584.792396198099,1.02025747881024
585.292646323162,1.02283898904612
585.792896448224,1.02223583244895
586.293146573287,1.03250758929875
586.793396698349,1.03625922333315
587.293646823412,1.03112032912526
587.793896948474,1.03621097080537
588.294147073537,1.03422658560068
588.794397198599,1.02248915821977
589.294647323662,1.02628904478193
589.794897448724,1.03457038486107
590.295147573787,1.03725443171848
590.795397698849,1.0390819962079
591.295647823912,1.03007686821216
591.795897948974,1.02106570865045
592.296148074037,1.0190933865777
592.7963981991,1.0149376376232
593.296648324162,1.0197327325707
593.796898449225,1.03261615748624
594.297148574287,1.03253171556264
594.79739869935,1.02378594490368
595.297648824412,1.02025144724427
595.797898949475,1.01593284600853
596.298149074537,1.02420212295573
596.7983991996,1.04183842185696
597.298649324662,1.04125335995771
597.798899449725,1.04096384479107
598.299149574787,1.03862359719405
598.79939969985,1.02532399422646
599.299649824912,1.01860482973399
599.799899949975,1.01251294810258
600.300150075038,1.0142560706684
600.8004002001,1.02607793997292
601.300650325163,1.02437100680293
601.800900450225,1.02330945119192
602.301150575288,1.03241711580918
602.80140070035,1.03207331654879
603.301650825413,1.02622872912222
603.801900950475,1.01804389409863
604.302151075538,1.0135322827518
604.8024012006,1.0206917515602
605.302651325663,1.02407546007032
605.802901450725,1.01961813281724
606.303151575788,1.03007686821216
606.80340170085,1.04508340434974
607.303651825913,1.04039687758973
607.803901950976,1.03035432024686
608.304152076038,1.0288102393581
608.804402201101,1.03561384577417
609.304652326163,1.03805662999271
609.804902451226,1.03084890865654
610.305152576288,1.02390054465714
610.805402701351,1.02387641839326
611.305652826413,1.02871976586853
611.805902951476,1.02450973282028
612.306153076538,1.01868324009163
612.806403201601,1.02315263047665
613.306653326663,1.03144000212176
613.806903451726,1.03430499595832
614.307153576788,1.02349642973704
614.807403701851,1.00997969039447
615.307653826913,1.00948510198479
615.807903951976,1.01730804305008
616.308154077038,1.02169902307747
616.808404202101,1.02143966574069
617.308654327164,1.02270629459475
617.808904452226,1.018815934543
618.309154577289,1.0103777737486
618.809404702351,1.01522715278984
619.309654827414,1.02478115328901
619.809904952476,1.02071587782409
620.310155077539,1.00940066006119
620.810405202601,1.00862258805084
621.310655327664,1.01937687017837
621.810905452726,1.02926863837195
622.311155577789,1.02984163713926
622.811405702851,1.02967878485803
623.311655827914,1.03310471432995
623.811905952977,1.0291721333164
624.312156078039,1.02382213429951
624.812406203102,1.02738678978878
625.312656328164,1.03353295551394
625.812906453227,1.02602968744515
626.313156578289,1.01193994933527
626.813406703352,1.01630680309878
627.313656828414,1.02256153701143
627.813906953477,1.01187360210958
628.314157078539,1.00852608299529
628.814407203602,1.02178346500108
629.314657328664,1.0304508253024
629.814907453727,1.03138571802802
630.315157578789,1.03401548079168
630.815407703852,1.0311323922572
631.315657828914,1.03279107289942
631.815907953977,1.04003498363143
632.316158079039,1.04213396858958
632.816408204102,1.04382883862762
633.316658329165,1.03811694565243
633.816908454227,1.03150634934745
634.31715857929,1.03169332789257
634.817408704352,1.03017940483368
635.317658829415,1.03305646180218
635.817908954477,1.03586113997901
636.31815907954,1.0336475552674
636.818409204602,1.02999845785453
637.318659329665,1.01871942948746
637.818909454727,1.01243453774495
638.31915957979,1.02374372394188
638.819409704852,1.04246570471802
639.319659829915,1.04445612148868
639.819909954977,1.03054733035795
640.32016008004,1.02806232517761
640.820410205103,1.03838836612115
641.320660330165,1.03747156809346
641.820910455228,1.02405736537241
642.32116058029,1.01876768201523
642.821410705353,1.01783882085559
643.321660830415,1.01484113256765
643.821910955478,1.01665060235916
644.32216108054,1.01400877646356
644.822411205603,1.0086949668425
645.322661330665,1.02169902307747
645.822911455728,1.03084287709056
646.32316158079,1.02061334120257
646.823411705853,1.01993780581374
647.323661830916,1.02937720655944
647.823911955978,1.03210347437865
648.324162081041,1.02751345267419
648.824412206103,1.01551063639051
649.324662331166,1.00642106647117
649.824912456228,1.01352021961985
650.325162581291,1.02922641741015
650.825412706353,1.03610240261788
651.325662831416,1.03083081395862
651.825912956478,1.02458211161194
652.326163081541,1.01742867436951
652.826413206603,1.0164093397203
653.326663331666,1.02787534663249
653.826913456728,1.03692269559003
654.327163581791,1.03343041889242
654.827413706853,1.02788740976443
655.327663831916,1.03435324848609
655.827913956978,1.04298441939159
656.328164082041,1.03550527758668
656.828414207104,1.01715122233481
657.328664332166,1.01128250864435
657.828914457229,1.01451542800518
658.329164582291,1.01283865266505
658.829414707354,1.02123459249765
659.329664832416,1.04053560360708
659.829914957479,1.04550561396776
660.330165082541,1.02911784922266
660.830415207604,1.01937687017837
661.330665332666,1.02476305859109
661.830915457729,1.02198853824411
662.331165582791,1.01249485340467
662.831415707854,1.0139786186337
663.331665832916,1.02597540335141
663.831915957979,1.02359896635856
664.332166083042,1.01854451407428
664.832416208104,1.0290876913928
665.332666333167,1.03173554885437
665.832916458229,1.02347230347315
666.333166583292,1.01786294711947
666.833416708354,1.02101745612267
667.333666833417,1.01884609237286
667.833916958479,1.00695787584265
668.334167083542,1.01281452640117
668.834417208604,1.02946164848305
669.334667333667,1.03198284305921
669.834917458729,1.0319647483613
670.335167583792,1.02683188571939
670.835417708854,1.01451542800518
671.335667833917,1.01294118928657
671.83591795898,1.0135745037136
672.336168084042,1.01893053429646
672.836418209105,1.02458814317792
673.336668334167,1.02116824527196
673.83691845923,1.02263391580309
674.337168584292,1.02279073651835
674.837418709355,1.02388244995923
675.337668834417,1.02007050026512
675.83791895948,1.00749468521413
676.338169084542,1.01251294810258
676.838419209605,1.02589699299377
677.338669334667,1.01918989163325
677.83891945973,1.01086029902634
678.339169584792,1.02157839175804
678.839419709855,1.02324310396623
679.339669834917,1.01347799865805
679.83991995998,1.00660201345032
680.340170085042,1.00137867731883
680.840420210105,1.00941272319313
681.340670335168,1.01592078287659
681.84092046023,1.00623408792605
682.341170585293,1.00645122430103
682.841420710355,1.01727788522022
683.341670835418,1.01611379298768
683.84192096048,1.01163233947071
684.342171085543,1.01879783984509
684.842421210605,1.02921435427821
685.342671335668,1.02663284404232
685.84292146073,1.01328498854696
686.343171585793,1.00766356906134
686.843421710855,1.01148758188739
687.343671835918,1.02116824527196
687.843921960981,1.03408785958334
688.344172086043,1.03099366623986
688.844422211106,1.02319485143845
689.344672336168,1.03302630397232
689.844922461231,1.03805662999271
690.345172586293,1.02200060137606
690.845422711356,1.00372495648182
691.345672836418,0.997174675836558
691.845922961481,1.00306751579091
692.346173086543,1.02033588916787
692.846423211606,1.03539067783322
693.346673336668,1.03035432024686
693.846923461731,1.01833944083124
694.347173586793,1.02204282233786
694.847423711856,1.03374406032295
695.347673836918,1.03356914490977
695.847923961981,1.02061937276854
696.348174087044,1.01607760359185
696.848424212106,1.02668712813607
697.348674337169,1.03257393652444
697.848924462231,1.02880420779213
698.349174587294,1.02405133380643
698.849424712356,1.02092095106712
699.349674837419,1.02345420877524
699.849924962481,1.02098729829281
700.350175087544,1.00678899199544
700.850425212606,1.00678296042947
701.350675337669,1.01855054564025
701.850925462731,1.01823087264375
702.351175587794,1.01732010618202
702.851425712856,1.02251328448365
703.351675837919,1.01971463787279
703.851925962981,1.01162027633877
704.352176088044,1.0122535907658
704.852426213107,1.01990161641791
705.352676338169,1.02551097277158
705.852926463232,1.03028797302117
706.353176588294,1.03217585317031
706.853426713357,1.01794135747711
707.353676838419,1.00967208052991
707.853926963482,1.01960606968529
708.354177088544,1.02314056734471
708.854427213607,1.03064986697947
709.354677338669,1.03473926870828
709.854927463732,1.02154823392818
710.355177588794,1.01789310494933
710.855427713857,1.0236110294905
711.355677838919,1.03147015995162
711.855927963982,1.04020386747864
712.356178089045,1.03031813085103
712.856428214107,1.01848419841456
713.35667833917,1.01461193306073
713.856928464232,1.00643312960311
714.357178589295,1.01532968941136
714.857428714357,1.01971463787279
715.35767883942,1.00520269014489
715.857928964482,1.00479857522478
716.358179089545,1.01876165044926
716.858429214607,1.03162094910091
717.35867933967,1.0278512203686
717.858929464732,1.01546841542871
718.359179589795,1.0104199947104
718.859429714857,1.01612585611963
719.35967983992,1.02752551580613
719.859929964982,1.01988955328596
720.360180090045,1.00999175352641
720.860430215107,1.0243348174071
721.36068034017,1.03049304626421
721.860930465233,1.01795945217502
722.361180590295,1.01922004946311
722.861430715358,1.02847850322966
723.36168084042,1.02513098411537
723.861930965483,1.0182188095118
724.362181090545,1.00867687214458
724.862431215608,1.00659598188435
725.36268134067,1.01902703935201
725.862931465733,1.02478115328901
726.363181590795,1.02279073651835
726.863431715858,1.02165680211567
727.36368184092,1.0236110294905
727.863931965983,1.02199456981009
728.364182091046,1.01330911481084
728.864432216108,1.01342974613028
729.364682341171,1.02052889927896
729.864932466233,1.0259331823896
730.365182591296,1.02432878584113
730.865432716358,1.0159388775745
731.365682841421,1.00888797695359
731.865932966483,1.01393036610593
732.366183091546,1.0310057293718
732.866433216608,1.0348418053298
733.366683341671,1.03364152370143
733.866933466733,1.04489039423864
734.367183591796,1.04139208597506
734.867433716858,1.02279073651835
735.367683841921,1.01610776142171
735.867933966984,1.01897275525827
736.368184092046,1.02431672270919
736.868434217109,1.03149428621551
737.368684342171,1.03666333825325
737.868934467234,1.03302027240635
738.369184592296,1.02551700433756
738.869434717359,1.01963019594918
739.369684842421,1.01372529286289
739.869934967484,1.00979874341532
740.370185092546,1.00940066006119
740.870435217609,1.01318245192544
741.370685342671,1.0200101846054
741.870935467734,1.0232069145704
742.371185592796,1.01302563121017
742.871435717859,1.00789880013423
743.371685842921,1.01417766031077
743.871935967984,1.01424400753646
744.372186093046,1.01060697325552
744.872436218109,1.01149964501934
745.372686343172,1.02458814317792
745.872936468234,1.03598780286442
746.373186593297,1.03194665366338
746.873436718359,1.0219282225844
747.373686843422,1.01765787387644
747.873936968484,1.016897896564
748.374187093547,1.01405702899133
748.874437218609,1.01720550642856
749.374687343672,1.02042636265745
749.874937468734,1.01867720852565
750.375187593797,1.01507033207458
750.875437718859,1.01867720852565
751.375687843922,1.03014321543785
751.875937968985,1.03046288843435
752.376188094047,1.0300889313441
752.87643821911,1.04025815157238
753.376688344172,1.04501102555808
753.876938469235,1.03677793800671
754.377188594297,1.02295962036556
754.87743871936,1.02478718485498
755.377688844422,1.03563797203806
755.877938969485,1.03281519916331
756.378189094547,1.02567382505282
756.87843921961,1.02614428719861
757.378689344672,1.02709124305617
757.878939469735,1.02818898806302
758.379189594797,1.03662111729145
758.87943971986,1.03498656291312
759.379689844922,1.02244693725796
759.879939969985,1.01543825759885
760.380190095048,1.01014857424168
760.88044022011,1.01096283564785
761.380690345173,1.01808611506043
761.880940470235,1.02232630593853
762.381190595298,1.02267613676489
762.88144072036,1.01460590149476
763.381690845423,1.01086633059231
763.881940970485,1.01895466056035
764.382191095548,1.02688616981313
764.88244122061,1.0346487952187
765.382691345673,1.03271869410776
765.882941470735,1.01497382701903
766.383191595798,1.00403256634638
766.88344172086,1.00893019791539
767.383691845923,1.0100158797903
767.883941970985,1.01901497622007
768.384192096048,1.03219394786822
768.884442221111,1.02795978855609
769.384692346173,1.02555319373339
769.884942471236,1.02266407363294
770.385192596298,1.01271802134562
770.885442721361,1.01335133577265
771.385692846423,1.02551097277158
771.885942971486,1.03150634934745
772.386193096548,1.03374406032295
772.886443221611,1.03386469164238
773.386693346673,1.02788137819846
773.886943471736,1.02185584379274
774.387193596798,1.01168059199849
774.887443721861,1.01414147091494
775.387693846923,1.03022162579548
775.887943971986,1.03408785958334
776.388194097049,1.03067399324336
776.888444222111,1.02733853726101
777.388694347174,1.01926830199088
777.888944472236,1.01609569828977
778.389194597299,1.01343577769625
778.889444722361,1.00687343391905
779.389694847424,1.00801943145367
779.889944972486,1.00685533922113
780.390195097549,1.01344180926222
780.890445222611,1.02922641741015
781.390695347674,1.03003464725036
781.890945472736,1.02889468128171
782.391195597799,1.02623476068819
782.891445722861,1.01695218065775
783.391695847924,1.02282089434821
783.891945972986,1.0311323922572
784.392196098049,1.02858707141715
784.892446223112,1.03682015896851
785.392696348174,1.04446818462062
785.892946473237,1.03066796167738
786.393196598299,1.01263357942201
786.893446723362,1.00575759421428
787.393696848424,1.00791689483215
787.893946973487,1.01151773971725
788.394197098549,1.01596300383839
788.894447223612,1.01751311629312
789.394697348674,1.016258550571
789.894947473737,1.02616238189653
790.395197598799,1.03367168153129
790.895447723862,1.02204282233786
791.395697848924,1.0144913017413
791.895947973987,1.01730201148411
792.39619809905,1.01699440161955
792.896448224112,1.01670488645291
793.396698349175,1.01437067042186
793.896948474237,1.02093904576504
794.3971985993,1.03683825366643
794.897448724362,1.03444372197567
795.397698849425,1.02555922529936
795.897948974487,1.023291356494
796.39819909955,1.01765787387644
796.898449224612,1.02164473898373
797.398699349675,1.0294073643893
797.898949474737,1.02482940581678
798.3991995998,1.02370753454605
798.899449724862,1.03082478239265
799.399699849925,1.02371356611202
799.899949974988,1.00683724452321
800.40020010005,1.005178563881
800.900450225113,1.01625251900503
801.400700350175,1.02306215698708
801.900950475238,1.02739282135475
802.4012006003,1.03216379003836
802.901450725363,1.02443132246265
803.401700850425,1.02182568596288
803.901950975488,1.03134952863219
804.40220110055,1.0258065195042
804.902451225613,1.01200629656096
805.402701350675,1.01754327412297
805.902951475738,1.03971531063493
806.4032016008,1.04464913159978
806.903451725863,1.03189236956964
807.403701850925,1.02403927067449
807.903951975988,1.02305009385513
808.40420210105,1.02086666697338
808.904452226113,1.01795945217502
809.404702351176,1.02495606870219
809.904952476238,1.02383419743145
810.405202601301,1.01392433453996
810.905452726363,1.01856864033816
811.405702851426,1.02756773676793
811.905952976488,1.0281708933651
812.406203101551,1.02023938411232
812.906453226613,1.01716328546676
813.406703351676,1.01923211259505
813.906953476738,1.01144536092559
814.407203601801,1.00911717646052
814.907453726863,1.0246122694418
815.407703851926,1.03154857030925
815.907953976988,1.02327326179609
816.408204102051,1.01916576536936
816.908454227114,1.01963622751515
817.408704352176,1.0176880317063
817.908954477239,1.01228978016163
818.409204602301,1.0080978418113
818.909454727364,1.00964192270005
819.409704852426,1.01342974613028
819.909954977489,1.01566745710578
820.410205102551,1.02779693627486
820.910455227614,1.03802647216285
821.410705352676,1.03091525588222
821.910955477739,1.02324310396623
822.411205602801,1.01987145858805
822.911455727864,1.01876165044926
823.411705852927,1.02427450174739
823.911955977989,1.02641570766734
824.412206103052,1.02154220236221
824.912456228114,1.01699440161955
825.412706353177,1.00756103243982
825.912956478239,1.00049203712099
826.413206603302,1.00389384032903
826.913456728364,1.00914733429037
827.413706853427,1.01602331949811
827.913956978489,1.01934068078254
828.414207103552,1.02555922529936
828.914457228614,1.03340629262853
829.414707353677,1.02118030840391
829.914957478739,1.00503983786365
830.415207603802,1.00683724452321
830.915457728864,1.02358690322661
831.415707853927,1.03568019299986
831.915957978989,1.02776074687903
832.416208104052,1.02244090569199
832.916458229115,1.03078256143085
833.416708354177,1.02750138954224
833.91695847924,1.01602935106408
834.417208604302,1.01354434588374
834.917458729365,1.01300753651226
835.417708854427,1.00996159569655
835.91795897949,1.01237422208523
836.418209104552,1.01934671234851
836.918459229615,1.02774265218111
837.418709354677,1.03418436463888
837.91895947974,1.03314693529175
838.419209604802,1.02884039718796
838.919459729865,1.02355674539676
839.419709854927,1.01811024132431
839.91995997999,1.01595094070645
840.420210105053,1.02400308127866
840.920460230115,1.02892483911156
841.420710355178,1.0216085495879
841.92096048024,1.0184118196229
842.421210605303,1.00735595919678
842.921460730365,1.00327258903394
843.421710855428,1.02122856093168
843.92196098049,1.02171711777539
844.422211105553,1.01439479668575
844.922461230615,1.01829721986944
845.422711355678,1.01842388275484
845.92296148074,1.01136091900199
846.423211605803,1.01014857424168
846.923461730865,1.02189806475454
847.423711855928,1.03314693529175
847.92396198099,1.02767630495542
848.424212106053,1.01313419939767
848.924462231116,1.00985905907503
849.424712356178,1.00903273453691
849.924962481241,1.00616774070036
850.425212606303,1.00070314193
850.925462731366,0.99579344722904
851.425712856428,0.998200042051747
851.925962981491,1.00124598286745
852.426213106553,1.01192185463735
852.926463231616,1.02247709508782
853.426713356678,1.0133392726407
853.926963481741,1.00291069507564
854.427213606803,1.01318245192544
854.927463731866,1.02127681345945
855.427713856928,1.02274248399058
855.927963981991,1.02328532492803
856.428214107054,1.01539000507108
856.928464232116,1.01266976881784
857.428714357179,1.00821244156476
857.928964482241,1.00645122430103
858.429214607304,1.01785088398753
858.929464732366,1.0183695986611
859.429714857429,1.01324879915113
859.929964982491,1.01906322874784
860.430215107554,1.02399101814672
860.930465232616,1.02370150298008
861.430715357679,1.02421418608767
861.930965482741,1.02174727560525
862.431215607804,1.01383386105038
862.931465732866,1.022652010501
863.431715857929,1.04540910891221
863.931965982992,1.05025245638748
864.432216108054,1.03821345070798
864.932466233117,1.02283295748015
865.432716358179,1.01698233848761
865.932966483242,1.0197327325707
866.433216608304,1.01969654317487
866.933466733367,1.01852038781039
867.433716858429,1.0198171744943
867.933966983492,1.02587889829586
868.434217108554,1.02998639472258
868.934467233617,1.02222376931701
869.434717358679,1.00380336683945
869.934967483742,0.995709005305436
870.435217608804,1.00919558681815
870.935467733867,1.01598713010228
871.435717858929,1.01373735599483
871.935967983992,1.02115618214002
872.436218109054,1.01612585611963
872.936468234117,1.00179485537088
873.43671835918,1.01262151629007
873.936968484242,1.03035432024686
874.437218609305,1.02483543738275
874.937468734367,1.01472050124822
875.43771885943,1.01687377030012
875.937968984492,1.02282089434821
876.438219109555,1.01843594588679
876.938469234617,1.01154186598114
877.43871935968,1.01158408694294
877.938969484742,1.0096962067938
878.439219609805,1.0204142995255
878.939469734867,1.03413008054514
879.43971985993,1.0326463153161
879.939969984992,1.02370753454605
880.440220110055,1.01633092936266
880.940470235118,1.02386435526131
881.44072036018,1.03762235724275
881.940970485243,1.03863566032599
882.441220610305,1.02659062308052
882.941470735368,1.02609603467084
883.44172086043,1.03020353109756
883.941970985493,1.02366531358425
884.442221110555,1.02464242727166
884.942471235618,1.02638554983748
885.44272136068,1.02037811012967
885.942971485743,1.01482906943571
886.443221610805,1.02400911284463
886.943471735868,1.03563797203806
887.443721860931,1.02569795131671
887.943971985993,1.01492557449126
888.444222111056,1.01250088497064
888.944472236118,1.01218121197414
889.444722361181,1.01713915920287
889.944972486243,1.0128929367588
890.445222611306,1.00620393009619
890.945472736368,1.00821244156476
891.445722861431,1.01153583441517
891.945972986493,1.0184540405847
892.446223111556,1.01891847116452
892.946473236618,1.01379767165455
893.446723361681,1.01911148127562
893.946973486743,1.02892483911156
894.447223611806,1.03454625859718
894.947473736868,1.0238884815252
895.447723861931,1.00692168644682
895.947973986993,1.00286847411384
896.448224112056,1.00477444896089
896.948474237119,1.01251897966855
897.448724362181,1.01700043318552
897.948974487244,1.01903307091798
898.449224612306,1.0251249525494
898.949474737369,1.02720584280963
899.449724862431,1.02696458017076
899.949974987494,1.02396086031686
900.450225112556,1.02495606870219
900.950475237619,1.02755567363599
901.450725362681,1.01794738904308
901.950975487744,1.01256120063035
902.451225612806,1.01527540531762
902.951475737869,1.0101003217139
903.451725862931,1.01791723121322
903.951975987994,1.03783346205176
904.452226113057,1.03653064380187
904.952476238119,1.02366531358425
905.452726363182,1.02715759028186
905.952976488244,1.04273712518675
906.453226613307,1.04294822999576
906.953476738369,1.0408070240758
907.453726863432,1.04636209633574
907.953976988494,1.03832201889547
908.454227113557,1.02778487314291
908.954477238619,1.02381610273354
909.454727363682,1.02760995772973
909.954977488744,1.02921435427821
910.455227613807,1.02140950791083
910.955477738869,1.01700646475149
911.455727863932,1.0159388775745
911.955977988995,1.01580015155715
912.456228114057,1.01700646475149
912.95647823912,1.02330341962594
913.456728364182,1.03014321543785
913.956978489245,1.02937117499347
914.457228614307,1.0236532504523
914.95747873937,1.01980511136236
915.457728864432,1.02143966574069
915.957978989495,1.02085460384144
916.458229114557,1.01234406425537
916.95847923962,1.01774231580004
917.458729364682,1.03493227881937
917.958979489745,1.0343291222222
918.459229614807,1.0242925964453
918.95947973987,1.02157839175804
919.459729864932,1.02108983491433
919.959979989995,1.01726582208828
920.460230115058,1.01957591185544
920.96048024012,1.02790550446235
921.460730365183,1.03365358683337
921.960980490245,1.03337613479868
922.461230615308,1.02811057770539
922.96148074037,1.02605381370904
923.461730865433,1.02523955230286
923.961980990495,1.01697630692164
924.462231115558,1.00227134908264
924.96248124062,0.999539049697463
925.462731365683,1.00903273453691
925.962981490745,1.01523318435582
926.463231615808,1.02160251802193
926.96348174087,1.01612585611963
927.463731865933,1.00470207016923
927.963981990996,1.00717501221763
928.464232116058,1.01099299347771
928.964482241121,1.01502811111278
929.464732366183,1.01499192171695
929.964982491246,1.00771785315508
930.465232616308,1.00975652245352
930.965482741371,1.01671091801888
931.465732866433,1.01829118830346
931.965982991496,1.01938290174434
932.466233116558,1.01971463787279
932.966483241621,1.01891243959855
933.466733366683,1.01765184231047
933.966983491746,1.01359259841151
934.467233616808,1.01732010618202
934.967483741871,1.02811660927136
935.467733866933,1.02858103985118
935.967983991996,1.01925623885894
936.468234117059,1.01612585611963
936.968484242121,1.01829721986944
937.468734367184,1.01795945217502
937.968984492246,1.0228450206121
938.469234617309,1.03178983294812
938.969484742371,1.03225426352794
939.469734867434,1.02402117597658
939.969984992496,1.01769406327227
940.470235117559,1.01444304921352
940.970485242621,1.00849592516543
941.470735367684,1.013701166599
941.970985492746,1.02836993504217
942.471235617809,1.02419005982378
942.971485742871,1.00493126967616
943.471735867934,0.99223482330574
943.971985992996,0.995449647968653
944.472236118059,1.01174693922418
944.972486243122,1.03002258411841
945.472736368184,1.03139174959399
945.972986493247,1.02755567363599
946.473236618309,1.03902771211415
946.973486743372,1.03827979793366
947.473736868434,1.01779659989379
947.973986993497,1.00790483170021
948.474237118559,1.01542016290094
948.974487243622,1.01882799767495
949.474737368684,1.02259169484128
949.974987493747,1.02907562826086
950.475237618809,1.02206694860175
950.975487743872,1.01382179791844
951.475737868935,1.01613791925157
951.975987993997,1.02010065809497
952.47623811906,1.01998002677554
952.976488244122,1.01870133478954
953.476738369185,1.0100581007521
953.976988494247,0.99864034636768
954.47723861931,1.00473825956506
954.977488744372,1.02153617079624
955.477738869435,1.02803819891373
955.977988994497,1.02518526820911
956.47823911956,1.02618047659444
956.978489244622,1.02426243861544
957.478739369685,1.01299547338032
957.978989494747,1.01294118928657
958.47923961981,1.01415353404688
958.979489744872,1.01086633059231
959.479739869935,1.02586080359794
959.979989994997,1.02881627092407
960.48024012006,1.01525127905373
960.980490245123,1.02593921395558
961.480740370185,1.0410422551487
961.980990495248,1.03555956168043
962.48124062031,1.02250122135171
962.981490745373,1.01284468423102
963.481740870435,1.02013081592483
963.981990995498,1.02792963072623
964.48224112056,1.01628267683489
964.982491245623,1.00799530518978
965.482741370685,1.00738008546067
965.982991495748,1.00584806770386
966.48324162081,1.01805595723057
966.983491745873,1.03585510841304
967.483741870935,1.03323137721536
967.983991995998,1.01824896734166
968.484242121061,1.01722360112647
968.984492246123,1.02884642875393
969.484742371186,1.03183205390992
969.984992496248,1.02560144626116
970.485242621311,1.01482906943571
970.985492746373,1.01231993799149
971.485742871436,1.01996193207762
971.985992996498,1.01757343195283
972.486243121561,1.01507636364055
972.986493246623,1.02779693627486
973.486743371686,1.03153047561134
973.986993496748,1.02248312665379
974.487243621811,1.01922608102908
974.987493746873,1.01893053429646
975.487743871936,1.02245900038991
975.987993996999,1.02456401691403
976.488244122061,1.02031779446995
976.988494247124,1.01247675870675
977.488744372186,1.00845370420363
977.988994497249,1.01658425513348
978.489244622311,1.02142760260875
978.989494747374,1.01715725390079
979.489744872436,1.02395482875089
979.989994997499,1.02666300187218
980.490245122561,1.02157236019207
980.990495247624,1.02536621518826
981.490745372686,1.01398465019967
981.990995497749,1.00236785413819
982.491245622811,1.00929209187369
982.991495747874,1.01054665759581
983.491745872936,1.01213899101234
983.991995997999,1.01693408595983
984.492246123061,1.01511858460235
984.992496248124,1.01967241691098
985.492746373187,1.02349642973704
985.992996498249,1.01443098608158
986.493246623312,1.01383386105038
986.993496748374,1.02729631629921
987.493746873437,1.03786965144759
987.993996998499,1.03151841247939
988.494247123562,1.01510048990444
988.994497248624,1.02070381469214
989.494747373687,1.03312884059384
989.994997498749,1.01750708472714
990.495247623812,1.00876734563416
990.995497748874,1.0203298576019
991.495747873937,1.01980511136236
991.995997999,1.0145335227031
992.496248124062,1.01703662258135
992.996498249125,1.02048667831716
993.496748374187,1.02339992468149
993.99699849925,1.02612016093473
994.497248624312,1.01878577671314
994.997498749375,1.01069141517913
995.497748874437,1.01168059199849
995.9979989995,1.00906289236677
996.498249124562,1.0114212346617
996.998499249625,1.01803183096668
997.498749374687,1.01351418805388
997.99899949975,1.0095031966827
998.499249624812,1.01846007215067
998.999499749875,1.02258566327531
999.499749874937,1.01797151530697
1000,1.01962416438321
