0,0.88506394859866
0.500250125062531,0.886266240749018
1.00050025012506,0.881489240499435
1.50075037518759,0.884372329033906
2.00100050025013,0.892659700679016
2.50125062531266,0.887888731995405
3.00150075037519,0.88698399709965
3.50175087543772,0.896809418067542
4.00200100050025,0.894993916710062
4.50225112556278,0.892894931751912
5.00250125062531,0.897032586008495
5.50275137568784,0.886079262203896
6.00300150075037,0.868117258740186
6.50325162581291,0.863509142337811
7.00350175087544,0.870747021503845
7.50375187593797,0.881519398329294
8.0040020010005,0.891736871085346
8.50425212606303,0.895705641494722
9.00450225112556,0.895470410421826
9.50475237618809,0.896646565786307
10.0050025012506,0.889999780085498
10.5052526263132,0.887641437790565
11.0055027513757,0.90014487404989
11.5057528764382,0.898015731261882
12.0060030015007,0.875186254059013
12.5062531265633,0.864353561573848
13.0065032516258,0.870831463427449
13.5067533766883,0.869401982292157
14.0070035017509,0.869745781552544
14.5072536268134,0.884643749502632
15.0075037518759,0.893648877498374
15.5077538769385,0.892080670345733
16.008004002001,0.886109420033754
16.5082541270635,0.881380672311945
17.0085042521261,0.879360097711427
17.5087543771886,0.877068102642182
18.0090045022511,0.885687210415736
18.5092546273137,0.892110828175592
19.0095047523762,0.88702018649548
19.5097548774387,0.885783715471283
20.0100050025013,0.897183375157788
20.5102551275638,0.902720352719804
21.0105052526263,0.886217988221245
21.5107553776888,0.880132138155804
22.0110055027514,0.889680107088998
22.5112556278139,0.89847413027573
23.0115057528764,0.90366730857736
23.511755877939,0.902255922139984
24.0120060030015,0.898926497723608
24.512256128064,0.896761165539769
25.0125062531266,0.897291943345278
25.5127563781891,0.898884276761806
26.0130065032516,0.905476778368869
26.5132566283142,0.911930553958583
27.0135067533767,0.904415222757851
27.5137568784392,0.900012179598513
28.0140070035017,0.903751750500964
28.5142571285643,0.907256090330519
29.0145072536268,0.910862966781593
29.5147573786893,0.904252370476615
30.0150075037519,0.911719449149574
30.5152576288144,0.931756311307547
31.0155077538769,0.925785060995568
31.5157578789395,0.913239403774441
32.016008004002,0.914349211913233
32.5162581290645,0.917600225971977
33.0165082541271,0.919500169253062
33.5167583791896,0.919047801805184
34.0170085042521,0.913528918941083
34.5172586293147,0.906375481698652
35.0175087543772,0.91536854656245
35.5177588794397,0.935640639793319
36.0180090045023,0.931189344106208
36.5182591295648,0.907491321403415
37.0185092546273,0.903353667146832
37.5187593796898,0.911255018569754
38.0190095047524,0.905699946309822
38.5192596298149,0.904644422264775
39.0195097548774,0.921508680721636
39.51975987994,0.922847688367353
40.0200100050025,0.901544197355324
40.520260130065,0.898039857525768
41.0205102551276,0.90921634927132
41.5207603801901,0.902931457528813
42.0210105052526,0.904125707591209
42.5212606303152,0.920959808218212
43.0215107553777,0.922739120179862
43.5217608804402,0.921412175666089
44.0220110055028,0.923119108836079
44.5222611305653,0.927166289603087
45.0225112556278,0.931949321418641
45.5227613806903,0.925779029429597
46.0230115057529,0.920477282940476
46.5232616308154,0.921092502669589
47.0235117558779,0.919349380103769
47.5237618809405,0.914367306611149
48.024012006003,0.91743134212477
48.5242621310655,0.929319558654982
49.0245122561281,0.9397360730881
49.5247623811906,0.941853152744166
50.0250125062531,0.926303775669134
50.5252626313157,0.919644926836382
51.0255127563782,0.926961216360049
51.5257628814407,0.928951633130709
52.0260130065032,0.942558845962854
52.5262631315658,0.952336014402973
53.0265132566283,0.949531336226134
53.5267633816908,0.946979983820107
54.0270135067534,0.945562565816758
54.5272636318159,0.947366004042296
55.0275137568784,0.949181505399776
55.527763881941,0.949151347569917
56.0280140070035,0.940363355949157
56.528264132066,0.9355381031718
57.0285142571286,0.945206703424428
57.5287643821911,0.944639736223089
58.0290145072536,0.934048306376791
58.5292646323162,0.932317246942915
59.0295147573787,0.935556197869715
59.5297648824412,0.939090695529129
60.0300150075037,0.932516288619981
60.5302651325663,0.925236188492144
61.0305152576288,0.936810763591828
61.5307653826913,0.94795106594155
62.0310155077539,0.945683197136192
62.5312656328164,0.935152082949612
63.0315157578789,0.940351292817213
63.5317658829415,0.965726090860137
64.032016008004,0.969706924401456
64.5322661330665,0.953801684934095
65.0325162581291,0.945206703424428
65.5327663831916,0.945061945841108
66.0330165082541,0.948083760392927
66.5332666333167,0.951805236597464
67.0335167583792,0.959115494555159
67.5337668834417,0.962800781363865
68.0340170085043,0.955237197635358
68.5342671335668,0.951491595166935
69.0345172586293,0.945749544361881
69.5347673836918,0.9355381031718
70.0350175087544,0.940598587022053
70.5352676338169,0.943451517726665
71.0355177588794,0.937606930300092
71.535767883942,0.939549094542978
72.0360180090045,0.942697571980203
72.536268134067,0.94030304028944
73.0365182591296,0.937094247192498
73.5367683841921,0.947890750281833
74.0370185092546,0.959242157440564
74.5372686343172,0.950448134253832
75.0375187593797,0.942745824507977
75.5377688844422,0.940037651386685
76.0380190095048,0.936786637327941
76.5382691345673,0.9419737840636
77.0385192596298,0.940725249907459
77.5387693846923,0.931925195154755
78.0390195097549,0.939687820560327
78.5392696348174,0.954905461506915
79.0395197598799,0.963838210710996
79.5397698849425,0.972143677054021
80.040020010005,0.966673046717693
80.5402701350675,0.946189848677815
81.0405202601301,0.944458789243938
81.5407703851926,0.952595371739756
82.0410205102551,0.94407276902175
82.5412706353177,0.946213974941702
83.0415207603802,0.95591876459016
83.5417708854427,0.949097063476172
84.0420210105053,0.941213806751166
84.5422711355678,0.948156139184588
85.0425212606303,0.960026261016885
85.5427713856928,0.962239845728497
86.0430215107554,0.959646272360668
86.5432716358179,0.954290241777802
87.0435217608804,0.94787868714989
87.543771885943,0.951895710087039
88.0440220110055,0.962861097023582
88.544272136068,0.956491763357471
89.0445222611306,0.946497458542371
89.5447723861931,0.950345597632313
90.0450225112556,0.949314199851153
90.5452726363182,0.946817131538871
91.0455227613807,0.956781278524112
91.5457728864432,0.963198864717997
92.0460230115058,0.954706419829849
92.5462731365683,0.952559182343925
93.0465232616308,0.958355517242725
93.5467733866933,0.962553487159025
94.0470235117559,0.96082845929112
94.5472736368184,0.956938099239377
95.0475237618809,0.958391706638555
95.5477738869435,0.959374851891942
96.048024012006,0.960442439068932
96.5482741370685,0.961950330561856
97.0485242621311,0.966751457075326
97.5487743871936,0.969562166818136
98.0490245122561,0.965901006273316
98.5492746373187,0.962432855839591
99.0495247623812,0.961865888638252
99.5497748874437,0.959537704173177
100.050025012506,0.956811436353971
100.550275137569,0.962523329329167
101.050525262631,0.963186801586053
101.550775387694,0.962354445481959
102.051025512756,0.964218199367213
102.551275637819,0.965858785311514
103.051525762881,0.972306529335257
103.551775887944,0.969242493821636
104.052026013006,0.967577781613448
104.552276138069,0.974019494071219
105.052526263132,0.976221015650888
105.552776388194,0.976233078782831
106.053026513257,0.974284882973973
106.553276638319,0.971136405536748
107.053526763382,0.967227950787089
107.553776888444,0.968820284203617
108.054027013507,0.973729978904577
108.554277138569,0.966582573228118
109.054527263632,0.956141932531113
109.554777388694,0.954368652135434
110.055027513757,0.959742777416215
110.555277638819,0.96527372341226
111.055527763882,0.965376260033779
111.555777888944,0.964543903929685
112.056028014007,0.960900838082781
112.55627813907,0.964441367308166
113.056528264132,0.976980992963321
113.556778389195,0.982270676320498
114.057028514257,0.978259684949321
114.55727863932,0.969423440800787
115.057528764382,0.966274963363561
115.557778889445,0.974146156956624
116.058029014507,0.98053358532065
116.55827913957,0.971226879026324
117.058529264632,0.955629249423519
117.558779389695,0.95726983536782
118.059029514757,0.968500611207117
118.55927963982,0.97149829949505
119.059529764882,0.973217295796983
119.559779889945,0.979677102952669
120.060030015007,0.98401983045229
120.56028014007,0.981221183841423
121.060530265133,0.982910022313498
121.560780390195,0.985648353264648
122.061030515258,0.976824172248057
122.56128064032,0.970207544377107
123.061530765383,0.970690069654843
123.561780890445,0.971244973724239
124.062031015508,0.974616619102417
124.56228114057,0.974417577425351
125.062531265633,0.968560926866834
125.562781390695,0.971685278040172
126.063031515758,0.978181274591689
126.56328164082,0.967788886422457
127.063531765883,0.957131109350471
127.563781890945,0.963705516259619
128.064032016008,0.967439055596099
128.564282141071,0.971015774217314
129.064532266133,0.973494747831681
129.564782391196,0.969296777915381
130.065032516258,0.977336855355651
130.565282641321,0.979942491855424
131.065532766383,0.970949426991626
131.565782891446,0.981522762140008
132.066033016508,0.997090233912955
132.566283141571,0.988193674104703
133.066533266633,0.97498454462669
133.566783391696,0.970653880259013
134.067033516758,0.968566958432806
134.567283641821,0.973163011703238
135.067533766883,0.965659743634449
135.567783891946,0.94720315176106
136.068034017009,0.953940410951444
136.568284142071,0.979092041053415
137.068534267134,0.992651001357787
137.568784392196,0.98686672959093
138.069034517259,0.972463350050521
138.569284642321,0.968868536731391
139.069534767384,0.983483021080809
139.569784892446,0.99856796757602
140.070035017509,0.990552016399637
140.570285142571,0.971588772984625
141.070535267634,0.970684038088871
141.570785392696,0.982174171264951
142.071035517759,0.990093617385788
142.571285642821,0.990745026510731
143.071535767884,0.983639841796073
143.571785892946,0.974435672123266
144.072036018009,0.974471861519096
144.572286143072,0.975684206279407
145.072536268134,0.969085673106372
145.572786393197,0.970056755227815
146.073036518259,0.9693993145369
146.573286643322,0.966872088394759
147.073536768384,0.975678174713435
147.573786893447,0.976377836366152
148.074037018509,0.966841930564901
148.574287143572,0.970816732540248
149.074537268634,0.986492772500685
149.574787393697,0.987487980886015
150.075037518759,0.978742210227056
150.575287643822,0.979586629463094
151.075537768884,0.983338263497489
151.575787893947,0.983676031191903
152.07603801901,0.982445591733678
152.576288144072,0.977988264480594
153.076538269135,0.971281163120069
153.576788394197,0.974109967560794
154.07703851926,0.980768816393546
154.577288644322,0.975889279522444
155.077538769385,0.964815324398411
155.577788894447,0.963397906395063
156.07803901951,0.974851850175313
156.578289144572,0.974900102703086
157.078539269635,0.958801853124631
157.578789394697,0.956395258301924
158.07903951976,0.982946211709328
158.579289644822,1.00986509064101
159.079539769885,1.00335099939157
159.579789894947,0.98743369679227
160.08004002001,0.979007599129811
160.580290145073,0.96420613623527
161.080540270135,0.961389394926488
161.580790395198,0.976576878043218
162.08104052026,0.992403707152947
162.581290645323,0.999159061041246
163.081540770385,0.996227719979002
163.581790895448,0.985853426507686
164.08204102051,0.97245731848455
164.582291145573,0.967463181859985
165.082541270635,0.975207712567643
165.582791395698,0.997090233912955
166.08304152076,1.01013047954376
166.583291645823,1.00306148422493
167.083541770885,0.997512443530973
167.583791895948,0.994936964861059
168.084042021011,0.988296210726222
168.584292146073,0.977976201348651
169.084542271136,0.974695029460049
169.584792396198,0.980069154740829
170.085042521261,0.983519210476639
170.585292646323,0.985696605792421
171.085542771386,0.992693222319589
171.585792896448,0.996475014183842
172.086043021511,0.995715036871408
172.586293146573,0.9874698861881
173.086543271636,0.973337927116417
173.586793396698,0.975563574959973
174.087043521761,0.982976369539187
174.587293646823,0.98985235474692
175.087543771886,0.988724451910213
175.587793896948,0.973343958682389
176.088044022011,0.977089561150812
176.588294147074,0.990340911590627
177.088544272136,0.989484429222646
177.588794397199,0.988006695559581
178.089044522261,0.987005455608279
178.589294647324,0.985069322931365
179.089544772386,0.98882095696576
179.589794897449,0.995606468683917
180.090045022511,0.998043221336483
180.590295147574,0.993537641555626
181.090545272636,0.990726931812816
181.590795397699,0.992572591000155
182.091045522761,0.990799310604476
182.591295647824,0.988712388778269
183.091545772886,0.986239446729874
183.591795897949,0.983175411216253
184.092046023012,0.984568702955714
184.592296148074,0.983368421327347
185.092546273137,0.991390404069702
185.592796398199,1.00409288200609
186.093046523262,1.00523887954072
186.593296648324,1.00099265709664
187.093546773387,0.987065771267996
187.593796898449,0.982409402337847
188.094047023512,0.99956317596135
188.594297148574,1.00899654514108
189.094547273637,1.00293482133953
189.594797398699,0.99515410123604
190.095047523762,0.989339671639326
190.595297648824,0.982457654865621
191.095547773887,0.979001567563839
191.595797898949,0.974502019348954
192.096048024012,0.9693993145369
192.596298149075,0.979616787292952
193.096548274137,0.996028678301936
193.5967983992,1.00070917349597
194.097048524262,0.986553088160402
194.597298649325,0.971220847460352
195.097548774387,0.980274227983867
195.59779889945,0.996601677069247
196.098049024512,0.993326536746617
196.598299149575,0.989170787792118
197.098549274637,0.988923493587279
197.5987993997,0.978000327612538
198.099049524762,0.980485332792876
198.599299649825,0.999008271891954
199.099549774887,1.00257292738123
199.59979989995,0.992850043034853
200.100050025013,0.991963402837013
200.600300150075,0.997132454874756
201.100550275138,0.998453367822558
201.6008004002,1.00239198040208
202.101050525263,1.00666232911004
202.601300650325,1.0022170649889
203.101550775388,0.991884992479381
203.60180090045,0.988748578174099
204.102051025513,0.992277044267541
204.602301150575,0.987343223302694
205.102551275638,0.984098240809922
205.6028014007,0.992958611222343
206.103051525763,1.00093234143692
206.603301650825,0.996945476329634
207.103551775888,0.991064699507231
207.60380190095,0.987964474597779
208.104052026013,0.987795590750572
208.604302151076,0.991788487423834
209.104552276138,0.988911430455335
209.604802401201,0.987674959431138
210.105052526263,1.00011204846477
210.605302651326,1.00677089729753
211.105552776388,0.998073379166341
211.605802901451,0.99678865561437
212.106053026513,1.00207833897155
212.606303151576,0.996378509128295
213.106553276638,0.988241926632477
213.606803401701,0.988869209493533
214.107053526763,0.985111543893167
214.607303651826,0.976426088893925
215.107553776888,0.979092041053415
215.607803901951,0.988296210726222
216.108054027014,0.9961854990172
216.608304152076,0.999201282003048
217.108554277139,0.993224000125098
217.608804402201,0.982620507146857
218.109054527264,0.971630993946427
218.609304652326,0.976504499251557
219.109554777389,0.993061147843862
219.609804902451,0.994189050680569
220.110055027514,0.986269604559733
220.610305152576,0.987765432920713
221.110555277639,0.99832067337118
221.610805402701,0.999333976454425
222.111055527764,0.998525746614218
222.611305652826,1.00748865364816
223.111555777889,1.00338115722143
223.611805902951,1.00113138311399
224.112056028014,1.00967208052991
224.612306153077,0.998616220103794
225.112556278139,0.982729075334347
225.612806403202,0.981854498268451
226.113056528264,0.982572254619083
226.613306653327,0.983808725643281
227.113556778389,0.987409570528383
227.613806903452,0.994997280520776
228.114057028514,0.998573999141992
228.614307153577,0.997120391742813
229.114557278639,1.00788673700229
229.614807403702,1.0144913017413
230.115057528764,1.00823053626268
230.615307653827,0.997645137982351
231.115557778889,0.989918701972609
231.615807903952,0.998423209992699
232.116058029015,0.997524506662917
232.616308154077,0.975177554737784
233.11655827914,0.967704444498853
233.616808404202,0.983887136000913
234.117058529265,0.995485837364484
234.617308654327,0.987475917754072
235.11755877939,0.981040236862272
235.617808904452,0.989870449444835
236.118059029515,0.989683470899712
236.618309154577,0.97911013575133
237.11855927964,0.985358838098007
237.618809404702,0.989876481010807
238.119059529765,0.983193505914168
238.619309654827,0.984797902462639
239.11955977989,0.990962162885712
239.619809904952,1.00028696387795
240.120060030015,1.00382749310334
240.620310155078,0.997826084961501
241.12056028014,0.995696942173493
241.620810405203,1.00192151825628
242.121060530265,1.00574553108234
242.621310655328,0.998302578673266
243.12156078039,0.999870785825906
243.621810905453,1.00551633157541
244.122061030515,0.986776256101355
244.622311155578,0.971679246474201
245.12256128064,0.982113855605234
245.622811405703,0.992264981135598
246.123061530765,0.997005791989351
246.623311655828,1.00016633255852
247.12356178089,1.00087202577721
247.623811905953,1.0038154299714
248.124062031016,1.00250054858957
248.624312156078,0.9974641910032
249.124562281141,0.996342319732464
249.624812406203,0.995262669423531
250.125062531266,0.990178059309391
250.625312656328,0.987892095806119
251.125562781391,0.991553256350938
251.625812906453,0.996885160669917
252.126063031516,0.995787415663068
252.626313156578,0.987886064240147
253.126563281641,0.984508387295997
253.626813406703,0.985503595681327
254.127063531766,0.988875241059505
254.627313656828,0.994894743899257
255.127563781891,0.999683807280784
255.627813906953,0.998435273124643
256.128064032016,0.995015375218691
256.628314157079,0.996372477562323
257.128564282141,0.99543758483671
257.628814407204,0.997548632926804
258.129064532266,0.997964810978851
258.629314657329,0.993163684465381
259.129564782391,0.992246886437683
259.629814907454,0.987331160170751
260.130065032516,0.987391475830468
260.630315157579,0.989050156472684
261.130565282641,0.985214080514686
261.630815407704,0.988079074351241
262.131065532766,0.990232343403137
262.631315657829,0.994448408017352
263.131565782891,1.00204214957572
263.631815907954,0.998061316034398
264.132066033016,0.991125015166948
264.632316158079,0.990190122441335
265.132566283142,0.993929693343786
265.632816408204,0.999575239093293
266.133066533267,1.00171644501325
266.633316658329,0.998374957464926
267.133566783392,0.99543758483671
267.633816908454,0.992964642788315
268.134067033517,0.993006863750117
268.634317158579,0.999804438600218
269.134567283642,0.989972986066354
269.634817408704,0.974188377918426
270.135067533767,0.98021391232415
270.635317658829,0.986547056594431
271.135567783892,0.992451959680721
271.635817908954,1.00986509064101
272.136068034017,1.01535984724122
272.63631815908,1.00807974711338
273.136568284142,0.999321913322482
273.636818409205,0.997584822322634
274.137068534267,1.00997969039447
274.63731865933,1.01044412097429
275.137568784392,0.993453199632022
275.637818909455,0.986384204313195
276.138069034517,0.989490460788618
276.63831915958,0.993573830951456
277.138569284642,0.999575239093293
277.638819409705,0.999460639339831
278.139069534767,0.995654721211691
278.63931965983,0.998435273124643
279.139569784892,1.00628234045382
279.639819909955,1.01007016388404
280.140070035018,1.00294688447147
280.64032016008,0.98825398976442
281.140570285143,0.988525410233147
281.640820410205,1.00226531751667
282.141070535268,0.995895983850559
282.64132066033,0.991969434402985
283.141570785393,1.00356813576656
283.641820910455,1.00168025561742
284.142071035518,0.991517066955108
284.64232116058,0.984013798886318
285.142571285643,0.98437569284462
285.642821410705,0.987234655115204
286.143071535768,0.996951507895606
286.64332166083,1.00750674834607
287.143571785893,0.999255566096793
287.643821910955,0.992874169298739
288.144072036018,0.990153933045505
288.644322161081,0.98362777866413
289.144572286143,0.985425185323695
289.644822411206,0.985328680268148
290.145072536268,0.984803934028611
290.645322661331,0.99479823884371
291.145572786393,1.00347766227698
291.645822911456,1.00340528348532
292.146073036518,0.994357934527777
292.646323161581,0.980334543643584
293.146573286643,0.978458726626387
293.646823411706,0.989870449444835
294.147073536768,0.991673887670372
294.647323661831,0.9916678561044
295.147573786893,0.991776424291891
295.647823911956,0.979224735504792
296.148074037018,0.980002807515141
296.648324162081,0.989122535264345
297.148574287144,0.983476989514837
297.648824412206,0.976739730324453
298.149074537269,0.98632992021945
298.649324662331,1.00581187830803
299.149574787394,1.01679535994248
299.649824912456,1.00601091998509
300.150075037519,0.989713628729571
300.650325162581,1.00058854217654
301.150575287644,1.00620996166216
301.650825412706,0.987463854622128
302.151075537769,0.989056188038656
302.651325662831,1.00884575599179
303.151575787894,1.00930415500564
303.651825912956,1.00076345758972
304.152076038019,1.00578775204414
304.652326163082,1.00684327608919
305.152576288144,1.00034727953767
305.652826413207,0.997307370287936
306.153076538269,0.995811541926955
306.653326663332,0.991854834649523
307.153576788394,0.986142941674327
307.653826913457,0.988187642538732
308.154077038519,0.992548464736268
308.654327163582,0.99341097867022
309.154577288644,0.997289275590021
309.654827413707,1.00055235278071
310.155077538769,0.994683639090248
310.655327663832,0.994949027993003
311.155577788894,1.01201232812693
311.655827913957,1.01800167313682
312.15607803902,1.00535347929418
312.656328164082,0.99760894858652
313.156578289145,1.00783848447452
313.656828414207,1.02336976685163
314.15707853927,1.01921401789713
314.657328664332,1.00481063835673
315.157578789395,1.0038576509332
315.657828914457,1.01525127905373
316.15807903952,1.02327929336206
316.658329164582,1.02001621617137
317.158579289645,1.01289896832477
317.658829414707,0.999044461287784
318.15907953977,0.988404778913713
318.659329664832,0.991806582121749
319.159579789895,0.994942996427031
319.659829914957,0.994828396673569
320.16008004002,0.992488149076551
320.660330165083,0.994291587302088
321.160580290145,1.00373098804779
321.660830415208,1.01250691653661
322.16108054027,1.0106974467451
322.661330665333,1.00095646770081
323.161580790395,0.995298858819361
323.661830915458,0.989900607274693
324.16208104052,0.989412050430986
324.662331165583,0.997011823555323
325.162581290645,1.00063679470431
325.662831415708,1.0045814388498
326.16308154077,1.01113775106103
326.663331665833,1.01348403022402
327.163581790895,1.01787501025142
327.663831915958,1.02592715082363
328.16408204102,1.02216345365729
328.664332166083,1.01130663490824
329.164582291146,1.00941272319313
329.664832416208,1.00623408792605
330.165082541271,0.997204833666417
330.665332666333,0.987083865965912
331.165582791396,0.984478229466139
331.665832916458,0.989592997410137
332.166083041521,0.990455511344089
332.666333166583,0.984864249688328
333.166583291646,0.982626538712828
333.666833416708,0.991426593465532
334.167083541771,0.996746434652568
334.667333666833,0.993024958448032
335.167583791896,0.98533471183412
335.667833916959,0.977348918487595
336.168084042021,0.977192097772331
336.668334167084,0.987035613438138
337.168584292146,1.00256086424928
337.668834417209,1.00271165339857
338.169084542271,0.99195133970507
338.669334667334,0.994864586069399
339.169584792396,0.998773040819058
339.669834917459,0.995419490138795
340.170085042521,0.998911766836407
340.670335167584,1.00598076215523
341.170585292646,0.99760894858652
341.670835417709,0.985859458073657
342.171085542771,0.991058667941259
342.671335667834,0.993742714798663
343.171585792896,0.983953483226601
343.671835917959,0.990413290382288
344.172086043022,1.0184540405847
344.672336168084,1.0260839715389
345.172586293147,1.00913527115843
345.672836418209,1.00550426844347
346.173086543272,1.01189772837347
346.673336668334,1.01002191135627
347.173586793397,1.0028986319437
347.673836918459,1.00212055993335
348.174087043522,1.00300720013119
348.674337168584,0.989074282736571
349.174587293647,0.978332063740981
349.674837418709,0.980883416147008
350.175087543772,0.990938036621825
350.675337668834,1.00007585906894
351.175587793897,0.999834596430076
351.675837918959,1.00506999569351
352.176088044022,1.00751881147802
352.676338169085,0.995142038104097
353.176588294147,0.985660416396591
353.67683841921,0.987910190504034
354.177088544272,0.993392883972305
354.677338669335,0.998519715048247
355.177588794397,1.00484079618658
355.67783891946,1.00862861961681
356.178089044522,0.996794687180342
356.678339169585,0.986130878542384
357.178589294647,0.987017518740223
357.67883941971,0.989828228483033
358.179089544772,0.996167404319285
358.679339669835,0.990877720962108
359.179589794897,0.988899367323392
359.67983991996,0.994146829718767
360.180090045022,0.995769320965153
360.680340170085,1.00199389704794
361.180590295148,1.00668042380795
361.68084042021,0.999321913322482
362.181090545273,0.986709908875666
362.681340670335,0.992988769052202
363.181590795398,0.99892382996835
363.68184092046,0.991854834649523
364.182091045523,0.996227719979002
364.682341170585,0.999913006787708
365.182591295648,0.98604643661878
365.68284142071,0.983645873362045
366.183091545773,1.00109519371816
366.683341670835,1.00369479865196
367.183591795898,1.00054028964876
367.683841920961,1.00627630888785
368.184092046023,1.00301926326313
368.684342171086,1.00019045882241
369.184592296148,1.00936447066536
369.684842421211,1.0161318876856
370.185092546273,1.00536554242612
370.685342671336,0.987053708136053
371.185592796398,0.980593900980367
371.685842921461,0.981667519723329
372.186093046523,0.98754226497976
372.686343171586,0.999430481509972
373.186593296648,1.0029830738673
373.686843421711,0.990720900246844
374.187093546773,0.983205569046111
374.687343671836,0.993591925649371
375.187593796898,1.00738008546067
375.687843921961,1.01328498854696
376.188094047024,1.00680708669336
376.688344172086,1.00064282627028
377.188594297149,1.00344147288115
377.688844422211,1.01052856289789
378.189094547274,1.02332754588983
378.689344672336,1.02128284502543
379.189594797399,0.998803198648916
379.689844922461,0.98569057422645
380.190095047524,0.989267292847665
380.690345172586,0.992102128854362
381.190595297649,0.997271180892106
381.690845422711,1.00427986055122
382.191095547774,0.999478734037746
382.691345672836,1.00826069409253
383.191595797899,1.03115651852109
383.691845922961,1.02536018362229
384.192096048024,1.00780832664466
384.692346173087,1.00217484402709
385.192596298149,1.00251261172151
385.692846423212,1.00780229507869
386.193096548274,1.00646328743297
386.693346673337,1.00814609433907
387.193596798399,1.01475669064405
387.693846923462,1.01181328644986
388.194097048524,1.0080133998877
388.694347173587,1.01377957695664
389.194597298649,1.00897845044317
389.694847423712,0.997168644270587
390.195097548774,1.00285037941592
390.695347673837,1.00620996166216
391.195597798899,0.998676535763511
391.695847923962,0.99568487904155
392.196098049024,0.991251678052353
392.696348174087,0.984158556469639
393.19659829915,0.987210528851317
393.696848424212,0.992759569545277
394.197098549275,0.996245814676917
394.697348674337,0.999804438600218
395.1975987994,0.998586062273935
395.697848924462,0.997409906909454
396.198099049525,0.998362894332982
396.698349174587,0.997705453642068
397.19859929965,1.00536554242612
397.698849424712,1.01708487510913
398.199099549775,1.0146179646267
398.699349674837,1.00921368151606
399.1995997999,0.995594405551974
399.699849924963,0.980171691362348
400.200100050025,1.00019649038838
400.700350175088,1.02043239422342
401.20060030015,1.00486492245047
401.700850425213,0.990938036621825
402.201100550275,0.999237471398878
402.701350675338,1.00235579100624
403.2016008004,0.991492940691221
403.701850925463,0.993157652899409
404.202101050525,1.00600488841912
404.702351175588,1.01463605932462
405.20260130065,1.01963019594918
405.702851425713,1.01440685981769
406.203101550775,1.00961176487019
406.703351675838,1.01746486376534
407.2036018009,1.02700680113257
407.703851925963,1.02773662061514
408.204102051026,1.01451542800518
408.704352176088,1.00500364846782
409.204602301151,1.00345353601309
409.704852426213,0.99582963662487
410.205102551276,0.995835668190842
410.705352676338,1.01090251998814
411.205602801401,1.0171753485987
411.705852926463,1.01377354539066
412.206103051526,1.01453955426907
412.706353176588,1.00671058163781
413.206603301651,0.995455679534625
413.706853426713,0.993887472381984
414.207103551776,0.993537641555626
414.707353676838,0.999267629228737
415.207603801901,1.00222309655487
415.707853926963,0.985256301476488
416.208104052026,0.981335783594885
416.708354177089,0.997687358944153
417.208604302151,1.01144536092559
417.708854427214,1.01681948620637
418.209104552276,1.00610139347467
418.709354677339,0.998169884221888
419.209604802401,1.00467794390535
419.709854927464,1.00795308422798
420.210105052526,1.01045618410623
420.710355177589,1.00792292639812
421.210605302651,0.991336119975957
421.710855427714,0.986908950552732
422.211105552776,1.00055838434668
422.711355677839,1.00664423441212
423.211605802901,1.00166819248547
423.711855927964,0.998664472631567
424.212106053027,0.997271180892106
424.712356178089,0.998145757958001
425.212606303152,1.00814609433907
425.712856428214,1.01332720950876
426.213106553277,0.999496828735661
426.713356678339,0.980147565098461
427.213606803402,0.974483924651039
427.713856928464,0.983151284952366
428.214107053527,0.998169884221888
428.714357178589,1.00553442627333
429.214607303652,0.997289275590021
429.714857428714,0.993640178177145
430.215107553777,1.00096853083275
430.715357678839,1.00523887954072
431.215607803902,1.00647535056491
431.715857928965,1.00315195771451
432.216108054027,0.997795927131643
432.71635817909,1.00292275820758
433.216608304152,1.00684930765516
433.716858429215,1.00239198040208
434.217108554277,1.0049855537699
434.71735867934,1.00697597054056
435.217608804402,0.999683807280784
435.717858929465,0.999744122940501
436.218109054527,1.00698803367251
436.71835917959,1.0061798038323
437.218609304652,0.994774112579824
437.718859429715,0.988205737236647
438.219109554777,0.998598125405879
438.71935967984,1.00423160802344
439.219609804902,0.998779072385029
439.719859929965,0.999985385579369
440.220110055028,1.000063795937
440.72036018009,0.996559456107445
441.220610305153,0.992693222319589
441.720860430215,0.987693054129053
442.221110555278,0.992464022812664
442.72136068034,1.00050410025293
443.221610805403,1.00356813576656
443.721860930465,1.00819434686685
444.222111055528,1.01107743540132
444.72236118059,1.00830291505434
445.222611305653,1.00405066104429
445.722861430715,0.996444856353983
446.223111555778,0.995696942173493
446.72336168084,1.00547411061361
447.223611805903,1.00742230642247
447.723861930965,1.00175866597505
448.224112056028,1.00159581369381
448.724362181091,1.00372495648182
449.224612306153,1.00470810173521
449.724862431216,0.999931101485623
450.225112556278,0.991480877559278
450.725362681341,0.993531609989654
451.225612806403,1.00379130370751
451.725862931466,1.00616170913438
452.226113056528,0.996282004072747
452.726363181591,0.986287699257648
453.226613306653,0.984454103202252
453.726863431716,1.001342487923
454.227113556778,1.02298977819542
454.727363681841,1.02297771506347
455.227613806903,1.0049011118463
455.727863931966,0.994743954749965
456.228114057029,1.00566108915873
456.728364182091,1.01146345562351
457.228614307154,1.00483476462061
457.728864432216,1.0038576509332
458.229114557279,0.999002240325982
458.729364682341,0.994991248954805
459.229614807404,0.996728339954653
459.729864932466,0.987928285201949
460.230115057529,0.977294634393849
460.730365182591,0.975394691112765
461.230615307654,0.984803934028611
461.730865432716,0.998314641805209
462.231115557779,1.00384558780125
462.731365682841,1.00165009778756
463.231615807904,0.999858722693963
463.731865932966,1.00283228471801
464.232116058029,1.00248848545762
464.732366183092,1.00135455105494
465.232616308154,0.99750038039903
465.732866433217,0.989677439333741
466.233116558279,0.990925973489882
466.733366683342,0.992409738718919
467.233616808404,0.990938036621825
467.733866933467,0.992536401604324
468.234117058529,0.994569039336786
468.734367183592,0.994243334774314
469.234617308654,0.9910285101114
469.734867433717,0.995214416895757
470.235117558779,0.996360414430379
470.735367683842,0.983495084212753
471.235617808904,0.979453935011716
471.735867933967,0.995696942173493
472.23611805903,1.0114212346617
472.736368184092,1.00448493379425
473.236618309155,0.99123961492041
473.736868434217,0.988664136250496
474.23711855928,0.983012558935017
474.737368684342,0.986806413931213
475.237618809405,0.995027438350635
475.737868934467,0.985521690379242
476.23811905953,0.984405850674479
476.738369184592,0.993821125156296
477.238619309655,0.99205990789256
477.738869434717,0.991082794205146
478.23911955978,0.992415770284891
478.739369684842,0.992439896548777
479.239619809905,0.997150549572672
479.739869934967,0.999122871645416
480.24012006003,1.00159581369381
480.740370185093,1.00846576733557
481.240620310155,1.01640330815432
481.740870435218,1.01259739002618
482.24112056028,0.994388092357635
482.741370685343,0.98892952515325
483.241620810405,0.996674055860908
483.741870935468,1.00359829359641
484.24212106053,1.00880956659596
484.742371185593,1.01774231580004
485.242621310655,1.0273626635249
485.742871435718,1.01646362381404
486.24312156078,0.996547392975502
486.743371685843,0.988561599628977
487.243621810905,0.992638938225843
487.743871935968,0.995286795687418
488.244122061031,0.985202017382742
488.744372186093,0.979357429956169
489.244622311156,0.987053708136053
489.744872436218,0.998055284468426
490.245122561281,0.997699422076096
490.745372686343,0.986161036372242
491.245622811406,0.984574734521686
491.745872936468,0.995443616402682
492.246123061531,0.99543758483671
492.746373186593,0.991245646486381
493.246623311656,0.996800718746313
493.746873436718,0.994894743899257
494.247123561781,0.992500212208494
494.747373686843,1.00193358138823
495.247623811906,1.00586616240177
495.747873936968,1.00636678237742
496.248124062031,1.01476875377599
496.748374187094,1.01619823491129
497.248624312156,1.00426779741927
497.748874437219,0.994140798152795
498.249124562281,1.00249451702359
498.749374687344,1.00804958928353
499.249624812406,0.99984665956202
499.749874937469,1.00122185660357
500.250125062531,0.998598125405879
500.750375187594,0.995425521704767
501.250625312656,1.00338115722143
501.750875437719,1.00593250962746
502.251125562781,1.00178279223893
502.751375687844,0.998483525652416
503.251625812906,0.998326704937152
503.751875937969,0.998405115294784
504.252126063032,0.996716276822709
504.752376188094,0.999014303457926
505.252626313157,1.00611345660661
505.752876438219,1.00068504723209
506.253126563282,0.984544576691828
506.753376688344,0.992620843527928
507.253626813407,1.01103521443952
507.753876938469,1.0106130048215
508.254127063532,1.00929812343967
508.754377188594,1.00207833897155
509.254627313657,0.993585894083399
509.754877438719,0.997910526885105
510.255127563782,1.00560077349902
510.755377688844,1.01363481937332
511.255627813907,1.01571570963355
511.755877938969,1.00806768398144
512.256128064032,1.0017466028431
512.756378189095,0.997874337489275
513.256628314157,0.994466502715267
513.75687843922,0.997639106416379
514.257128564282,1.00026283761407
514.757378689345,1.00213865463126
515.257628814407,0.995600437117946
515.75787893947,0.995811541926955
516.258129064532,1.00275990592635
516.758379189595,0.992283075833513
517.258629314657,0.991740234896061
517.75887943972,0.996324225034549
518.259129564782,0.990515827003806
518.759379689845,0.9881092321811
519.259629814907,0.993429073368135
519.75987993997,1.00810990494324
520.260130065033,1.013701166599
520.760380190095,1.00401447164846
521.260630315158,1.00001554340923
521.76088044022,1.00473825956506
522.261130565283,1.00473222799909
522.761380690345,0.99856796757602
523.261630815408,0.998374957464926
523.76188094047,1.00453318632203
524.262131065533,1.00709660186
524.762381190595,1.00734389606484
525.262631315658,1.00461762824563
525.76288144072,0.999870785825906
526.263131565783,1.00016633255852
526.763381690845,0.999267629228737
527.263631815908,1.00501571159976
527.76388194097,1.01915973380339
528.264132066033,1.0226942314628
528.764382191096,1.01555285735231
529.264632316158,1.00690962331488
529.764882441221,1.0052630058046
530.265132566283,1.00602901468301
530.765382691346,1.0002990270099
531.265632816408,0.989188882490033
531.765882941471,0.987083865965912
532.266133066533,1.00330877842977
532.766383191596,1.0129351577206
533.266633316658,1.01124028768255
533.766883441721,1.01508239520652
534.267133566783,1.02074603565395
534.767383691846,1.01558904674815
535.267633816908,1.00599885685315
535.767883941971,1.00020252195435
536.268134067034,0.994376029225692
536.768384192096,0.993453199632022
537.268634317159,0.996179467451229
537.768884442221,0.999611428489123
538.269134567284,1.00268752713469
538.769384692346,1.00754896930787
539.269634817409,1.00893622948137
539.769884942471,1.01121012985269
540.270135067534,1.01920195476519
540.770385192596,1.02131300285528
541.270635317659,1.01111965636312
541.770885442721,0.995847731322785
542.271135567784,0.999364134284284
542.771385692846,1.00429795524913
543.271635817909,0.999973322447425
543.771885942971,1.00356210420058
544.272136068034,1.00244023292985
544.772386193097,0.994189050680569
545.272636318159,0.994237303208343
545.772886443222,1.00212659149932
546.273136568284,1.00251864328748
546.773386693347,0.998308610239237
547.273636818409,0.998055284468426
547.773886943472,0.993965882739616
548.274137068534,0.988199705670675
548.774387193597,0.9958658260207
549.274637318659,1.00739214859261
549.774887443722,1.00086599421124
550.275137568784,0.991891024045353
550.775387693847,0.993772872628522
551.275637818909,0.994207145378484
551.775887943972,0.995075690878408
552.276138069035,0.994026198399333
552.776388194097,0.98892952515325
553.27663831916,0.983706189021762
553.776888444222,0.984357598146705
554.277138569285,0.988826988531732
554.777388694347,0.986559119726374
555.27763881941,0.985485500983412
555.777888944472,0.98287986448364
556.278139069535,0.978627610473594
556.778389194597,0.989418081996958
557.27863931966,1.00830894662031
557.778889444722,1.00548014217958
558.279139569785,0.985081386063309
558.779389694847,0.977903822556991
559.27963981991,0.980618027244254
559.779889944973,0.984532513559884
560.280140070035,0.992518306906409
560.780390195098,0.999894912089793
561.28064032016,1.00395415598874
561.780890445223,1.00067901566611
562.281140570285,1.00046187929113
562.781390695348,1.01326086228307
563.28164082041,1.01610172985574
563.781890945473,1.00539570025598
564.282141070535,1.00631249828368
564.782391195598,1.01226565389774
565.28264132066,1.0080556208495
565.782891445723,0.999533018131491
566.283141570785,1.00269959026663
566.783391695848,1.0064994768288
567.28364182091,0.998779072385029
567.783891945973,1.00152946646812
568.284142071035,1.00260911677706
568.784392196098,0.992638938225843
569.284642321161,0.992162444514079
569.784892446223,0.997470222569172
570.285142571286,0.990974226017655
570.785392696348,0.979646945122811
571.285642821411,0.982994464237102
571.785892946473,0.996625803333134
572.286143071536,1.00472016486715
572.786393196598,1.00719913848152
573.286643321661,1.00852608299529
573.786893446723,1.00698200210654
574.287143571786,1.00944891258896
574.787393696848,1.01029936339097
575.287643821911,1.00589632023163
575.787893946973,1.00237388570416
576.288144072036,0.999533018131491
576.788394197099,1.0009805939647
577.288644322161,1.00348369384295
577.788894447224,1.00832100975225
578.289144572286,1.01464209089059
578.789394697349,1.00663217128018
579.289644822411,0.996119151791512
579.789894947474,1.00424970272136
580.290145072536,1.01113171949506
580.790395197599,1.00275387436038
581.290645322661,0.993634146611173
581.790895447724,0.992940516524428
582.291145572786,0.995528058326285
582.791395697849,0.996239783110946
583.291645822912,1.00171041344727
583.791895947974,1.00418335549567
584.292146073037,1.00003966967311
584.792396198099,1.00262721147497
585.292646323162,1.00943684945702
585.792896448224,1.01206661222067
586.293146573287,1.00114947781191
586.793396698349,0.989786007521231
587.293646823412,0.994677607524276
587.793896948474,1.00190342355837
588.294147073537,1.00585409926983
588.794397198599,1.00580584674205
589.294647323662,0.997271180892106
589.794897448724,0.995745194701267
590.295147573787,1.00354400950267
590.795397698849,1.00045584772516
591.295647823912,0.994852522937456
591.795897948974,0.994701733788163
592.296148074037,0.994020166833362
592.7963981991,0.989110472132401
593.296648324162,0.982457654865621
593.796898449225,0.990594237361438
594.297148574287,1.00727754883915
594.79739869935,1.00818831530087
595.297648824412,0.99963555475301
595.797898949475,1.00853211456126
596.298149074537,1.01755533725492
596.7983991996,1.01322467288724
597.298649324662,1.01387005044621
597.798899449725,1.0101003217139
598.299149574787,1.00419541862761
598.79939969985,0.997663232680266
599.299649824912,0.98743369679227
599.799899949975,0.990570111097552
600.300150075038,0.998634314801709
600.8004002001,0.997844179659417
601.300650325163,0.997349591249738
601.800900450225,1.00482873305464
602.301150575288,1.00219293872501
602.80140070035,0.994864586069399
603.301650825413,0.996239783110946
603.801900950475,1.00005173280506
604.302151075538,1.00529316363446
604.8024012006,1.00063076313834
605.302651325663,0.991848803083551
605.802901450725,0.989804102219146
606.303151575788,0.996282004072747
606.80340170085,0.999092713815558
607.303651825913,0.995642658079748
607.803901950976,1.00017236412449
608.304152076038,1.0075429377419
608.804402201101,1.00620996166216
609.304652326163,0.99622168841303
609.804902451226,0.997271180892106
610.305152576288,1.00356813576656
610.805402701351,0.994611260298588
611.305652826413,0.985461374719525
611.805902951476,0.99063645832324
612.306153076538,0.994466502715267
612.806403201601,0.993085274107749
613.306653326663,0.993610020347286
613.806903451726,0.988947619851166
614.307153576788,0.979025693827726
614.807403701851,0.975382627980822
615.307653826913,0.979333303692283
615.807903951976,0.978929188772179
616.308154077038,0.972143677054021
616.808404202101,0.980847226751178
617.308654327164,0.999810470166189
617.808904452226,1.00213262306529
618.309154577289,1.00079964698555
618.809404702351,1.00120979347162
619.309654827414,1.00281419002009
619.809904952476,1.00712072812388
620.310155077539,0.997560696058747
620.810405202601,0.985678511094506
621.310655327664,0.989412050430986
621.810905452726,0.988845083229647
622.311155577789,0.977300665959821
622.811405702851,0.984049988282149
623.311655827914,1.00544395278375
623.811905952977,1.00623408792605
624.312156078039,0.992976705920258
624.812406203102,0.986142941674327
625.312656328164,0.992548464736268
625.812906453227,1.00146915080841
626.313156578289,1.0036224198603
626.813406703352,1.00529316363446
627.313656828414,0.996915318499775
627.813906953477,0.987934316767921
628.314157078539,0.994098577190994
628.814407203602,0.999828564864104
629.314657328664,0.995600437117946
629.814907453727,0.991619603576627
630.315157578789,0.987252749813119
630.815407703852,0.981468478046263
631.315657828914,0.985503595681327
631.815907953977,0.997578790756662
632.316158079039,0.997560696058747
632.816408204102,0.993591925649371
633.316658329165,0.999062555985699
633.816908454227,1.00082377324943
634.31715857929,0.993947788041701
634.817408704352,0.99187896091341
635.317658829415,0.999382228982199
635.817908954477,1.00308561048882
636.31815907954,0.998573999141992
636.818409204602,0.991601508878712
637.318659329665,0.988272084462335
637.818909454727,0.99504553304855
638.31915957979,1.00468397547132
638.819409704852,0.996203593715115
639.319659829915,0.986076594448638
639.819909954977,0.99860415697185
640.32016008004,1.00537157399209
640.820410205103,0.994858554503427
641.320660330165,0.994170955982654
641.820910455228,1.00241610666596
642.32116058029,1.00376114587765
642.821410705353,0.999159061041246
643.321660830415,0.996704213690766
643.821910955478,0.991498972257193
644.32216108054,0.983368421327347
644.822411205603,0.987687022563081
645.322661330665,0.998501620350331
645.822911455728,0.998326704937152
646.32316158079,0.992132286684221
646.823411705853,0.990461542910061
647.323661830916,0.995696942173493
647.823911955978,1.00900860827303
648.324162081041,1.0090568608008
648.824412206103,0.998767009253086
649.324662331166,0.999436513075944
649.824912456228,0.999786343902303
650.325162581291,1.0118916968075
650.825412706353,1.02344817720926
651.325662831416,1.00089012047512
651.825912956478,0.979616787292952
652.326163081541,0.983820788775224
652.826413206603,0.99433380826389
653.326663331666,0.999189218871105
653.826913456728,0.993320505180645
654.327163581791,0.988603820590779
654.827413706853,0.994291587302088
655.327663831916,0.99341097867022
655.827913956978,0.984779807764724
656.328164082041,0.979610755726981
656.828414207104,0.974996607758633
657.328664332166,0.98163736189347
657.828914457229,0.994930933295088
658.329164582291,0.998157821089945
658.829414707354,0.995353142913106
659.329664832416,1.00008792220089
659.829914957479,1.00377320900959
660.330165082541,0.991016446979457
660.830415207604,0.992132286684221
661.330665332666,1.00710866499194
661.830915457729,1.00835116758211
662.331165582791,1.00141486671466
662.831415707854,0.997940684714964
663.331665832916,1.00399034538457
663.831915957979,1.00456334415189
664.332166083042,1.00084186794735
664.832416208104,1.00209040210349
665.332666333167,0.995654721211691
665.832916458229,0.988983809246996
666.333166583292,0.987699085695025
666.833416708354,0.993869377684069
667.333666833417,1.00060663687445
667.833916958479,0.990238374969108
668.334167083542,0.991891024045353
668.834417208604,1.00993746943267
669.334667333667,1.00396621912069
669.834917458729,0.981770056344848
670.335167583792,0.969773271627145
670.835417708854,0.977897790991019
671.335667833917,0.985491532549384
671.83591795898,0.975883247956473
672.336168084042,0.982433528601734
672.836418209105,0.998875577440577
673.336668334167,1.00120376190565
673.83691845923,1.00336306252352
674.337168584292,1.00657185562046
674.837418709355,1.00368876708599
675.337668834417,0.996179467451229
675.83791895948,0.994641418128446
676.338169084542,0.999768249204388
676.838419209605,1.00195770765211
677.338669334667,1.00100472022859
677.83891945973,1.0004679108571
678.339169584792,1.00456334415189
678.839419709855,1.00446683909634
679.339669834917,0.991903087177296
679.83991995998,0.980020902213056
680.340170085042,0.985606132302846
680.840420210105,1.00265133773886
681.340670335168,1.00539570025598
681.84092046023,0.992807822073051
682.341170585293,0.982294802584385
682.841420710355,0.984719492105007
683.341670835418,0.992892263996654
683.84192096048,0.993139558201494
684.342171085543,0.987560359677675
684.842421210605,0.990606300493382
685.342671335668,1.00224119125278
685.84292146073,1.00204818114169
686.343171585793,0.99821210518369
686.843421710855,1.001981833916
687.343671835918,1.00382146153737
687.843921960981,0.996770560916455
688.344172086043,0.991716108632174
688.844422211106,0.999689838846755
689.344672336168,1.00386971406514
689.844922461231,0.998296547107294
690.345172586293,0.995051564614521
690.845422711356,1.00377320900959
691.345672836418,1.00979874341532
691.845922961481,0.99123961492041
692.346173086543,0.978874904678434
692.846423211606,0.994092545625022
693.346673336668,0.998151789523973
693.846923461731,0.98096182650464
694.347173586793,0.975853090126614
694.847423711856,0.982113855605234
695.347673836918,0.985099480761224
695.847923961981,0.986709908875666
696.348174087044,0.982867801351696
696.848424212106,0.984068082980064
697.348674337169,0.992349423059202
697.848924462231,0.988881272625477
698.349174587294,0.981498635876121
698.849424712356,0.987409570528383
699.349674837419,0.99611312022554
699.849924962481,0.995329016649219
700.350175087544,0.993893503947956
700.850425212606,0.99956317596135
701.350675337669,1.00751881147802
701.850925462731,0.997970842544822
702.351175587794,0.982337023546187
702.851425712856,0.980937700240754
703.351675837919,0.977523833900774
703.851925962981,0.975117239078067
704.352176088044,0.980557711584537
704.852426213107,0.990720900246844
705.352676338169,0.995075690878408
705.852926463232,0.983772536247451
706.353176588294,0.979556471633235
706.853426713357,0.987759401354741
707.353676838419,0.990033301726071
707.853926963482,0.991456751295391
708.354177088544,0.997518475096945
708.854427213607,1.00116154094385
709.354677338669,1.00277800062426
709.854927463732,1.00539570025598
710.355177588794,1.00283228471801
710.855427713857,0.986896887420789
711.355677838919,0.976956866699434
711.855927963982,0.988091137483185
712.356178089045,0.997271180892106
712.856428214107,0.991710077066202
713.35667833917,0.983054779896819
713.856928464232,0.983006527369045
714.357178589295,0.990889784094051
714.857428714357,1.00187326572851
715.35767883942,0.998417178426728
715.857928964482,0.981474509612234
716.358179089545,0.985129638591082
716.858429214607,1.00030505857587
717.35867933967,1.00245832762776
717.858929464732,0.989050156472684
718.359179589795,0.980171691362348
718.859429714857,0.992114191986306
719.35967983992,1.00452715475606
719.859929964982,1.00217484402709
720.360180090045,0.989219040319892
720.860430215107,0.992457991246692
721.36068034017,0.998616220103794
721.860930465233,0.986480709368742
722.361180590295,0.984345535014762
722.861430715358,0.993996040569475
723.36168084042,0.98992473353858
723.861930965483,0.972571918238012
724.362181090545,0.978838715282604
724.862431215608,0.998061316034398
725.36268134067,1.00212659149932
725.862931465733,1.00432208151302
726.363181590795,0.998429241558671
726.863431715858,0.987813685448487
727.36368184092,0.98892952515325
727.863931965983,0.992693222319589
728.364182091046,0.996746434652568
728.864432216108,1.00460556511369
729.364682341171,1.00180088693685
729.864932466233,0.991505003823164
730.365182591296,0.989629186805967
730.865432716358,0.999593333791208
731.365682841421,1.00186723416254
731.865932966483,0.98576295301811
732.366183091546,0.975485164602341
732.866433216608,0.971444015401305
733.366683341671,0.972487476314408
733.866933466733,0.988845083229647
734.367183591796,1.01393036610593
734.867433716858,1.02263391580309
735.367683841921,1.00731373823498
735.867933966984,0.999098745381529
736.368184092046,1.00547411061361
736.868434217109,1.00067901566611
737.368684342171,0.985021070403592
737.868934467234,0.98608262601461
738.369184592296,0.982150045001065
738.869434717359,0.966648920453807
739.369684842421,0.97018341811322
739.869934967484,0.976607035873076
740.370185092546,0.973211264231011
740.870435217609,0.970991647953428
741.370685342671,0.976697509362652
741.870935467734,0.983826820341196
742.371185592796,0.986124846976412
742.871435717859,0.992958611222343
743.371685842921,1.00314592614854
743.871935967984,1.00517253231503
744.372186093046,1.00183104476671
744.872436218109,0.994810301975654
745.372686343172,0.994629354996503
745.872936468234,1.00067901566611
746.373186593297,0.995630594947804
746.873436718359,0.991342151541929
747.373686843422,0.992464022812664
747.873936968484,0.99277163267722
748.374187093547,0.992958611222343
748.874437218609,0.991137078298891
749.374687343672,0.992216728607825
749.874937468734,0.986939108382591
750.375187593797,0.97566008001552
750.875437718859,0.975919437352303
751.375687843922,0.984761713066809
751.875937968985,0.99408651405905
752.376188094047,0.993953819607673
752.87643821911,0.991818645253693
753.376688344172,0.99575725783321
753.876938469235,0.996390572260238
754.377188594297,0.993923661777814
754.87743871936,0.99622168841303
755.377688844422,1.0034957569749
755.877938969485,1.00438239717273
756.378189094547,0.999514923433576
756.87843921961,1.00097456239873
757.378689344672,1.01189772837347
757.878939469735,1.01373132442886
758.379189594797,0.99899620876001
758.87943971986,0.982113855605234
759.379689844922,0.973132853873379
759.879939969985,0.978760304924971
760.380190095048,0.988290179160251
760.88044022011,0.988362557951911
761.380690345173,0.98846509457343
761.880940470235,0.995522026760314
762.381190595298,0.999520954999548
762.88144072036,0.99860415697185
763.381690845423,1.00024474291615
763.881940970485,0.995980425774163
764.382191095548,0.985177891118856
764.88244122061,0.989725691861514
765.382691345673,0.999502860301633
765.882941470735,1.00023871135018
766.383191595798,1.00079361541958
766.88344172086,0.997922590017049
767.383691845923,0.996487077315785
767.883941970985,0.993495420593824
768.384192096048,0.991661824538429
768.884442221111,1.00839942010988
769.384692346173,1.0201368474908
769.884942471236,1.0123380326894
770.385192596298,1.00766356906134
770.885442721361,1.00677089729753
771.385692846423,0.99952698656552
771.885942971486,0.995618531815861
772.386193096548,0.991197393958608
772.886443221611,0.986667687913864
773.386693346673,0.999177155739161
773.886943471736,1.00579378361011
774.387193596798,0.989303482243496
774.887443721861,0.980238038588037
775.387693846923,0.989713628729571
775.887943971986,0.991100888903061
776.388194097049,0.984037925150205
776.888444222111,0.982343055112159
777.388694347174,0.983917293830771
777.888944472236,0.988133358444987
778.389194597299,0.987524170281845
778.889444722361,0.990515827003806
779.389694847424,0.996420730090096
779.889944972486,0.993736683232692
780.390195097549,1.00016633255852
780.890445222611,1.01269389508173
781.390695347674,1.00262721147497
781.890945472736,0.977397171015368
782.391195597799,0.973446495303908
782.891445722861,0.989188882490033
783.391695847924,0.993459231197994
783.891945972986,0.99067264771907
784.392196098049,0.994864586069399
784.892446223112,0.996095025527625
785.392696348174,0.991589445746768
785.892946473237,0.981745930080961
786.393196598299,0.97384457865804
786.893446723362,0.978344126872924
787.393696848424,0.991094857337089
787.893946973487,1.00168628718339
788.394197098549,0.997060076083096
788.894447223612,0.990178059309391
789.394697348674,0.993121463503579
789.894947473737,0.994454439583324
790.395197598799,1.00079361541958
790.895447723862,1.00820037843282
791.395697848924,1.00016633255852
791.895947973987,0.9926268750939
792.39619809905,1.00254880111734
792.896448224112,1.01684361247026
793.396698349175,1.02309231481693
793.896948474237,1.01437067042186
794.3971985993,1.00319417867631
794.897448724362,1.00522681640877
795.397698849425,0.998200042051747
795.897948974487,0.981154836615735
796.39819909955,0.97146211009922
796.898449224612,0.977373044751481
797.398699349675,0.9974641910032
797.898949474737,1.00455731258591
798.3991995998,0.993386852406334
798.899449724862,0.983832851907168
799.399699849925,0.982337023546187
799.899949974988,0.982355118244102
800.40020010005,0.980949763372697
800.900450225113,0.98924919814975
801.400700350175,0.99813972639203
801.900950475238,0.99479823884371
802.4012006003,0.994677607524276
802.901450725363,0.992337359927258
803.401700850425,0.982662728108659
803.901950975488,0.986480709368742
804.40220110055,0.986908950552732
804.902451225613,0.975931500484246
805.402701350675,0.984309345618932
805.902951475738,0.995962331076248
806.4032016008,0.990588205795467
806.903451725863,0.986028341920865
807.403701850925,0.988688262514383
807.903951975988,0.990003143896212
808.40420210105,0.983718252153705
808.904452226113,0.978633642039566
809.404702351176,0.990075522687873
809.904952476238,0.998471462520473
810.405202601301,0.996420730090096
810.905452726363,1.00110122528413
811.405702851426,1.00034727953767
811.905952976488,0.98846509457343
812.406203101551,0.98537090122995
812.906453226613,0.996173435885257
813.406703351676,1.00237991727013
813.906953476738,0.997035949819209
814.407203601801,0.988374621083854
814.907453726863,0.990075522687873
815.407703851926,0.9955461530242
815.907953976988,0.992138318250192
816.408204102051,0.994110640322937
816.908454227114,0.993163684465381
817.408704352176,0.98572676362228
817.908954477239,0.986492772500685
818.409204602301,0.988471126139401
818.909454727364,0.996595645503276
819.409704852426,0.998314641805209
819.909954977489,0.989092377434486
820.410205102551,0.992880200864711
820.910455227614,0.996680087426879
821.410705352676,0.99689722380186
821.910955477739,1.00348972540892
822.411205602801,1.00508809039142
822.911455727864,1.00879750346402
823.411705852927,1.00763341123148
823.911955977989,1.00050410025293
824.412206103052,1.00514237448517
824.912456228114,1.00602901468301
825.412706353177,0.994424281753465
825.912956478239,0.978193337723632
826.413206603302,0.974906134269058
826.913456728364,0.994363966093748
827.413706853427,1.01022095303334
827.913956978489,0.99984665956202
828.414207103552,0.982542096789225
828.914457228614,0.985618195434789
829.414707353677,0.993290347350786
829.914957478739,0.984755681500837
830.415207603802,0.981522762140008
830.915457728864,0.983905230698828
831.415707853927,0.983386516025262
831.915957978989,0.993947788041701
832.416208104052,0.990202185573278
832.916458229115,0.978537136984019
833.416708354177,0.993471294329937
833.91695847924,1.00548617374555
834.417208604302,0.995497900496427
834.917458729365,0.988344463253996
835.417708854427,0.982355118244102
835.91795897949,0.969640577175768
836.418209104552,0.974357261765634
836.918459229615,0.995944236378333
837.418709354677,1.00618583539827
837.91895947974,0.997596885454577
838.419209604802,0.986776256101355
838.919459729865,0.981860529834423
839.419709854927,0.975937532050218
839.91995997999,0.982807485691979
840.420210105053,1.00224722281875
840.920460230115,1.00605314094689
841.420710355178,1.00655376092255
841.92096048024,1.01435860728992
842.421210605303,1.01273008447756
842.921460730365,1.00359829359641
843.421710855428,0.992687190753617
843.92196098049,0.980232007022065
844.422211105553,0.973977273109417
844.922461230615,0.979852018365848
845.422711355678,0.981516730574036
845.92296148074,0.981613235629584
846.423211605803,0.985153764854969
846.923461730865,0.987403538962411
847.423711855928,0.988290179160251
847.92396198099,0.976836235380001
848.424212106053,0.97701115079318
848.924462231116,0.993097337239692
849.424712356178,1.00525697423863
849.924962481241,1.00675883416558
850.425212606303,0.992047844760617
850.925462731366,0.985533753511186
851.425712856428,0.989200945621977
851.925962981491,0.979206640806877
852.426213106553,0.976480372987671
852.926463231616,0.990968194451683
853.426713356678,0.995715036871408
853.926963481741,0.993049084711918
854.427213606803,0.991661824538429
854.927463731866,0.994140798152795
855.427713856928,0.995920110114446
855.927963981991,0.995552184590172
856.428214107054,1.00687343391905
856.928464232116,1.01082410963051
857.428714357179,0.991456751295391
857.928964482241,0.981124678785876
858.429214607304,0.984822028726526
858.929464732366,0.986396267445138
859.429714857429,0.992795758941107
859.929964982491,0.99508172244438
860.430215107554,0.99123961492041
860.930465232616,0.990383132552429
861.430715357679,0.989840291614976
861.930965482741,0.991607540444683
862.431215607804,0.995105848708267
862.931465732866,0.994152861284739
863.431715857929,0.989882512576778
863.931965982992,0.987578454375591
864.432216108054,0.987065771267996
864.932466233117,0.984098240809922
865.432716358179,0.983428736987064
865.932966483242,0.986498804066657
866.433216608304,0.981371972990716
866.933466733367,0.976058163369652
867.433716858429,0.986981329344393
867.933966983492,1.00195770765211
868.434217108554,1.00464778607549
868.934467233617,0.994677607524276
869.434717358679,0.98686672959093
869.934967483742,0.990328848458684
870.435217608804,0.993205905427183
870.935467733867,0.986311825521534
871.435717858929,0.983513178910668
871.935967983992,0.989418081996958
872.436218109054,0.987288939208949
872.936468234117,0.984773776198752
873.43671835918,0.987481949320043
873.936968484242,0.988054948087355
874.437218609305,0.987922253635977
874.937468734367,0.984876312820271
875.43771885943,0.985509627247299
875.937968984492,0.993453199632022
876.438219109555,0.997295307155992
876.938469234617,0.993809062024352
877.43871935968,0.985931836865318
877.938969484742,0.98579914241394
878.439219609805,0.995811541926955
878.939469734867,1.00020855352032
879.43971985993,0.994098577190994
879.939969984992,0.9829522432753
880.440220110055,0.983464926382894
880.940470235118,0.988260021330392
881.44072036018,0.985823268677827
881.940970485243,0.989767912823316
882.441220610305,0.997976874110794
882.941470735368,0.994297618868059
883.44172086043,0.976902582605689
883.941970985493,0.971685278040172
884.442221110555,0.979291082730481
884.942471235618,0.976251173480746
885.44272136068,0.974544240310756
885.942971485743,0.982059571511489
886.443221610805,0.985093449195252
886.943471735868,0.9929465480904
887.443721860931,1.00165009778756
887.943971985993,0.992777664243192
888.444222111056,0.98910444056643
888.944472236118,0.999062555985699
889.444722361181,1.00139074045077
889.944972486243,0.997584822322634
890.445222611306,0.98789812737209
890.945472736368,0.979845986799877
891.445722861431,0.977566054862576
891.945972986493,0.974001399373304
892.446223111556,0.981263404803225
892.946473236618,0.990153933045505
893.446723361681,0.988356526385939
893.946973486743,0.992711317017504
894.447223611806,1.00222912812084
894.947473736868,0.998049252902454
895.447723861931,0.989291419111552
895.947973986993,0.983917293830771
896.448224112056,0.978000327612538
896.948474237119,0.972439223786634
897.448724362181,0.976751793456397
897.948974487244,0.992825916770966
898.449224612306,0.98910444056643
898.949474737369,0.97605213180368
899.449724862431,0.985582006038959
899.949974987494,1.00139677201675
900.450225112556,1.00117360407579
900.950475237619,0.990509795437835
901.450725362681,0.977517802334802
901.950975487744,0.972059235130418
902.451225612806,0.983163348084309
902.951475737869,0.991800550555778
903.451725862931,0.990545984833665
903.951975987994,0.985841363375742
904.452226113057,0.980991984334499
904.952476238119,0.98192084549414
905.452726363182,0.988422873611628
905.952976488244,0.992934484958456
906.453226613307,0.989333640073354
906.953476738369,0.983193505914168
907.453726863432,0.982186234396895
907.953976988494,0.982710980636432
908.454227113557,0.98643848840694
908.954477238619,0.992385612455032
909.454727363682,1.00022664821824
909.954977488744,1.00726548570721
910.455227613807,0.994351902961805
910.955477738869,0.985195985816771
911.455727863932,0.996933413197691
911.955977988995,0.998736851423228
912.456228114057,0.989840291614976
912.95647823912,0.98981616535109
913.456728364182,0.989635218371939
913.956978489245,0.986293730823619
914.457228614307,0.996070899263738
914.95747873937,1.00117963564176
915.457728864432,0.996758497784511
915.957978989495,0.993224000125098
916.458229114557,0.982361149810074
916.95847923962,0.979713292348499
917.458729364682,0.992952579656371
917.958979489745,1.0049433328081
918.459229614807,1.00116154094385
918.95947973987,0.989357766337241
919.459729864932,0.98565438483062
919.959979989995,0.990473606042005
920.460230115058,1.00028696387795
920.96048024012,1.00601695155106
921.460730365183,0.994955059558974
921.960980490245,0.97576864820301
922.461230615308,0.971618930814484
922.96148074037,0.978693957699283
923.461730865433,0.981052299994216
923.961980990495,0.988549536497034
924.462231115558,0.993585894083399
924.96248124062,0.988272084462336
925.462731365683,0.992427833416834
925.962981490745,0.994074450927107
926.463231615808,0.993404947104249
926.96348174087,1.00137867731883
927.463731865933,0.995497900496427
927.963981990996,0.98088944771298
928.464232116058,0.978959346602037
928.964482241121,0.987023550306195
929.464732366183,0.992476085944607
929.964982491246,0.993181779163296
930.465232616308,0.993429073368135
930.965482741371,0.990696773982957
931.465732866433,0.986679751045808
931.965982991496,0.986824508629129
932.466233116558,0.987385444264496
932.966483241621,0.981999255851772
933.466733366683,0.981257373237253
933.966983491746,0.984031893584233
934.467233616808,0.981287531067112
934.967483741871,0.982059571511489
935.467733866933,0.991143109864863
935.967983991996,0.997174675836558
936.468234117059,0.994605228732616
936.968484242121,0.990630426757269
937.468734367184,0.980750721695631
937.968984492246,0.970641817127069
938.469234617309,0.980805005789376
938.969484742371,0.996082962395681
939.469734867434,1.00019045882241
939.969984992496,0.996511203579672
940.470235117559,0.990117743649674
940.970485242621,0.99657755080536
941.470735367684,0.99742800160737
941.970985492746,0.989170787792118
942.471235617809,0.992777664243192
942.971485742871,0.998845419610718
943.471735867934,0.999738091374529
943.971985992996,1.00396018755472
944.472236118059,1.00724135944332
944.972486243122,0.993043053145947
945.472736368184,0.970497059543748
945.972986493247,0.964821355964383
946.473236618309,0.978712052397198
946.973486743372,0.988024790257496
947.473736868434,0.988917462021307
947.973986993497,0.994213176944456
948.474237118559,0.991734203330089
948.974487243622,0.9835915892683
949.474737368684,0.987765432920713
949.974987493747,0.993133526635522
950.475237618809,0.989122535264345
950.975487743872,0.990045364858014
951.475737868935,1.00307957892285
951.975987993997,1.0120183596929
952.47623811906,1.01015460580765
952.976488244122,1.00316402084645
953.476738369185,0.998905735270435
953.976988494247,0.99447856584721
954.47723861931,0.989442208260845
954.977488744372,0.997747674603869
955.477738869435,0.994309682000003
955.977988994497,0.978446663494443
956.47823911956,0.989478397656675
956.978489244622,1.00561886819693
957.478739369685,1.01480494317182
957.978989494747,1.02133712911917
958.47923961981,1.0012580459994
958.979489744872,0.979170451411047
959.479739869935,0.979809797404047
959.979989994997,0.980786911091461
960.48024012006,0.980412954001216
960.980490245123,0.981926877060112
961.480740370185,0.97665528840085
961.980990495248,0.984912502216101
962.48124062031,1.00347766227698
962.981490745373,1.0064994768288
963.481740870435,0.999038429721812
963.981990995498,0.999870785825906
964.48224112056,0.998742882989199
964.982491245623,0.984870281254299
965.482741370685,0.984242998393243
965.982991495748,0.988911430455335
966.48324162081,0.984460134768224
966.983491745873,0.992837979902909
967.483741870935,1.00102884649247
967.983991995998,0.989327608507382
968.484242121061,0.983169379650281
968.984492246123,0.989767912823316
969.484742371186,0.998586062273935
969.984992496248,1.00373701961376
970.485242621311,1.00214468619724
970.985492746373,0.999267629228737
971.485742871436,0.992940516524428
971.985992996498,0.984502355730026
972.486243121561,0.979839955233905
972.986493246623,0.991354214673872
973.486743371686,1.00890004008553
973.986993496748,1.01116187732492
974.487243621811,1.00917749212023
974.987493746873,1.00447287066231
975.487743871936,0.995395363874908
975.987993996999,0.992391644021004
976.488244122061,0.988953651417137
976.988494247124,0.982361149810074
977.488744372186,0.970135165585447
977.988994497249,0.96111194289179
978.489244622311,0.977246381866076
978.989494747374,0.99821210518369
979.489744872436,1.00176469754102
979.989994997499,1.00303132639507
980.490245122561,1.00604107781495
980.990495247624,0.999502860301633
981.490745372686,0.992053876326589
981.990995497749,0.995817573492927
982.491245622811,0.994116671888909
982.991495747874,0.985159796420941
983.491745872936,0.988000663993609
983.991995997999,0.991263741184297
984.492246123061,0.988410810479684
984.992496248124,0.986245478295846
985.492746373187,0.981703709119159
985.992996498249,0.987391475830468
986.493246623312,0.99579344722904
986.993496748374,0.985171859552884
987.493746873437,0.979116167317302
987.993996998499,0.981094520956018
988.494247123562,0.976667351532793
988.994497248624,0.975430880508595
989.494747373687,0.980232007022065
989.994997498749,0.988935556719222
990.495247623812,0.992958611222343
990.995497748874,0.993453199632022
991.495747873937,0.996969602593521
991.995997999,0.997035949819209
992.496248124062,0.987783527618628
992.996498249125,0.982554159921168
993.496748374187,0.987680990997109
993.99699849925,0.988555568063005
994.497248624312,0.986209288900016
994.997498749375,0.987813685448487
995.497748874437,0.996631834899106
995.9979989995,1.00479254365881
996.498249124562,0.997934653148992
996.998499249625,0.988344463253996
997.498749374687,0.984255061525186
997.99899949975,0.981963066455942
998.499249624812,0.993417010236192
998.999499749875,1.00024474291615
999.499749874937,0.987916222070006
1000,0.982960285363262
