0,0.890942714899073
0.500250125062531,0.895392000064194
1.00050025012506,0.890494368495177
1.50075037518759,0.885355474287292
2.00100050025013,0.890054064179243
2.50125062531266,0.887086533721169
3.00150075037519,0.891833376140893
3.50175087543772,0.898938560855551
4.00200100050025,0.891447355918705
4.50225112556278,0.885675147283792
5.00250125062531,0.889125203019602
5.50275137568784,0.894215844699713
6.00300150075037,0.890108348272989
6.50325162581291,0.885319284891462
7.00350175087544,0.887870637297489
7.50375187593797,0.887617311526678
8.0040020010005,0.892840647658167
8.50425212606303,0.906598649639605
9.00450225112556,0.902008627935144
9.50475237618809,0.880566410905766
10.0050025012506,0.86966133962894
10.5052526263132,0.888491888592574
11.0055027513757,0.913836528805639
11.5057528764382,0.911411839285018
12.0060030015007,0.891272440505526
12.5062531265633,0.876531293270702
13.0065032516258,0.876048767992966
13.5067533766883,0.880276895739125
14.0070035017509,0.886754797592726
14.5072536268134,0.890488336929205
15.0075037518759,0.887774132241942
15.5077538769385,0.890198821762564
16.008004002001,0.899813137921447
16.5082541270635,0.905772325101482
17.0085042521261,0.903510487862096
17.5087543771886,0.897907163074391
18.0090045022511,0.896369113751609
18.5092546273137,0.899668380338126
19.0095047523762,0.892822552960252
19.5097548774387,0.882448259488935
20.0100050025013,0.883835519662425
20.5102551275638,0.888775372193244
21.0105052526263,0.896097693282882
21.5107553776888,0.898136362581315
22.0110055027514,0.884517086617227
22.5112556278139,0.881338451350143
23.0115057528764,0.894336476019147
23.511755877939,0.898317309560466
24.0120060030015,0.898546509067391
24.512256128064,0.904831400809898
25.0125062531266,0.906502144584057
25.5127563781891,0.899065223740957
26.0130065032516,0.890048032613272
26.5132566283142,0.894457107338581
27.0135067533767,0.903830160858596
27.5137568784392,0.901194366528965
28.0140070035017,0.905452652104982
28.5142571285643,0.909361106854641
29.0145072536268,0.903353667146832
29.5147573786893,0.912931793909885
30.0150075037519,0.921430270364004
30.5152576288144,0.911761670111376
31.0155077538769,0.899101413136787
31.5157578789395,0.895138674293383
32.016008004002,0.899402991435372
32.5162581290645,0.897889068376476
33.0165082541271,0.896242450866203
33.5167583791896,0.90259972140037
34.0170085042521,0.902412742855248
34.5172586293147,0.89569960992875
35.0175087543772,0.890283263686168
35.5177588794397,0.88861855147798
36.0180090045023,0.895784051852354
36.5182591295648,0.902237827442068
37.0185092546273,0.904288559872445
37.5187593796898,0.909771253340716
38.0190095047524,0.915320294034676
38.5192596298149,0.914089854576451
39.0195097548774,0.913933033861186
39.51975987994,0.913142898718894
40.0200100050025,0.903884444952341
40.520260130065,0.897346227439023
41.0205102551276,0.892147017571422
41.5207603801901,0.893673003762261
42.0210105052526,0.902310206233729
42.5212606303152,0.907159585274972
43.0215107553777,0.911622944094027
43.5217608804402,0.90886048687899
44.0220110055028,0.905440588973039
44.5222611305653,0.909270633365066
45.0225112556278,0.912853383552253
45.5227613806903,0.911707386017631
46.0230115057529,0.910084894771245
46.5232616308154,0.914186359631998
47.0235117558779,0.913746055316064
47.5237618809405,0.908908739406764
48.024012006003,0.913402256055677
48.5242621310655,0.921617248909127
49.0245122561281,0.920646166787684
49.5247623811906,0.905332020785548
50.0250125062531,0.886157672561528
50.5252626313157,0.888799498457131
51.0255127563782,0.903474298466266
51.5257628814407,0.912690531271017
52.0260130065032,0.921955016603542
52.5262631315658,0.917901804270562
53.0265132566283,0.905862798591058
53.5267633816908,0.902352427195531
54.0270135067534,0.904210149514813
54.5272636318159,0.910090926337216
55.0275137568784,0.915072999829837
55.527763881941,0.917606257537949
56.0280140070035,0.919771589721788
56.528264132066,0.916200902666544
57.0285142571286,0.918553213395505
57.5287643821911,0.9235835394159
58.0290145072536,0.910675988236471
58.5292646323162,0.901900059747654
59.0295147573787,0.902346395629559
59.5297648824412,0.90501837935502
60.0300150075037,0.915471083183969
60.5302651325663,0.921128692065419
61.0305152576288,0.914530158892384
61.5307653826913,0.906996732993736
62.0310155077539,0.908299551243623
62.5312656328164,0.916206934232516
63.0315157578789,0.922407384051419
63.5317658829415,0.916074239781138
64.032016008004,0.906110092795897
64.5322661330665,0.905953272080633
65.0325162581291,0.910742335462159
65.5327663831916,0.908625255806094
66.0330165082541,0.913721929052177
66.5332666333167,0.924391769256107
67.0335167583792,0.91465682177779
67.5337668834417,0.901097861473418
68.0340170085043,0.903582866653757
68.5342671335668,0.903582866653757
69.0345172586293,0.898823961102089
69.5347673836918,0.904222212646756
70.0350175087544,0.911019787496857
70.5352676338169,0.921502649155664
71.0355177588794,0.923058793176362
71.535767883942,0.912980046437659
72.0360180090045,0.913167024982781
72.536268134067,0.913788276277866
73.0365182591296,0.912340700444659
73.5367683841921,0.902696226455917
74.0370185092546,0.894432981074694
74.5372686343172,0.90704498552151
75.0375187593797,0.912497521159923
75.5377688844422,0.905518999330671
76.0380190095048,0.905718041007737
76.5382691345673,0.909168096743547
77.0385192596298,0.919108117464901
77.5387693846923,0.918957328315609
78.0390195097549,0.902798763077436
78.5392696348174,0.905325989219577
79.0395197598799,0.917829425478902
79.5397698849425,0.918921138919779
80.040020010005,0.923227677023569
80.5402701350675,0.931744248175604
81.0405202601301,0.93059221907501
81.5407703851926,0.924259074804729
82.0410205102551,0.921659469870929
82.5412706353177,0.92067029305157
83.0415207603802,0.917744983555298
83.5417708854427,0.918088782815685
84.0420210105053,0.918800507600345
84.5422711355678,0.913800339409809
85.0425212606303,0.915555525107573
85.5427713856928,0.921189007725136
86.0430215107554,0.913016235833489
86.5432716358179,0.900162968747805
87.0435217608804,0.901688954938644
87.543771885943,0.916834217093572
88.0440220110055,0.924958736457446
88.544272136068,0.911610880962084
89.0445222611306,0.896972270348778
89.5447723861931,0.904137770723153
90.0450225112556,0.915042841999978
90.5452726363182,0.907889404757547
91.0455227613807,0.903450172202379
91.5457728864432,0.904734895754351
92.0460230115058,0.901628639278927
92.5462731365683,0.904807274546011
93.0465232616308,0.907418942611755
93.5467733866933,0.90949983287199
94.0470235117559,0.915947576895733
94.5472736368184,0.923571476283956
95.0475237618809,0.921888669377853
95.5477738869435,0.914361275045177
96.048024012006,0.906984669861793
96.5482741370685,0.904083486629407
97.0485242621311,0.914415559138922
97.5487743871936,0.911924522392612
98.0490245122561,0.904077455063436
98.5492746373187,0.911043913760744
99.0495247623812,0.913402256055677
99.5497748874437,0.913927002295215
100.050025012506,0.915374578128422
100.550275137569,0.914035570482705
101.050525262631,0.918800507600345
101.550775387694,0.918450676773987
102.051025512756,0.910911219309367
102.551275637819,0.909897916226122
103.051525762881,0.920067136454401
103.551775887944,0.934989230668376
104.052026013006,0.934711778633678
104.552276138069,0.917600225971977
105.052526263132,0.909234443969235
105.552776388194,0.908305582809594
106.053026513257,0.900687714987343
106.553276638319,0.90259972140037
107.053526763382,0.918293856058722
107.553776888444,0.920616008957825
108.054027013507,0.898739519178485
108.554277138569,0.893841887609468
109.054527263632,0.912967983305715
109.554777388694,0.916677396378308
110.055027513757,0.916062176649195
110.555277638819,0.917021195638695
111.055527763882,0.909156033611603
111.555777888944,0.91159881783014
112.056028014007,0.919675084666241
112.55627813907,0.912328637312715
113.056528264132,0.907817025965887
113.556778389195,0.9174675315206
114.057028514257,0.914554285156271
114.55727863932,0.906912291070133
115.057528764382,0.913167024982781
115.557778889445,0.915410767524252
116.058029014507,0.914361275045177
116.55827913957,0.921231228686938
117.058529264632,0.914210485895884
117.558779389695,0.905724072573709
118.059029514757,0.921840416850079
118.55927963982,0.93439813720315
119.059529764882,0.933529591703226
119.559779889945,0.922956256554843
120.060030015007,0.908106541132528
120.56028014007,0.907798931267972
121.060530265133,0.917364994899081
121.560780390195,0.925411103905323
122.061030515258,0.921834385284108
122.56128064032,0.910018547545556
123.061530765383,0.905609472820246
123.561780890445,0.908703666163726
124.062031015508,0.918064656551798
124.56228114057,0.924675252856776
125.062531265633,0.917907835836534
125.562781390695,0.917564036576147
126.063031515758,0.930429366793774
126.56328164082,0.924325422030418
127.063531765883,0.90174323903239
127.563781890945,0.894125371210138
128.064032016008,0.903033994150332
128.564282141071,0.915278073072875
129.064532266133,0.917551973444204
129.564782391196,0.912551805253668
130.065032516258,0.921502649155664
130.565282641321,0.942492498737165
131.065532766383,0.946979983820107
131.565782891446,0.932112173699877
132.066033016508,0.925000957419248
132.566283141571,0.925598082450446
133.066533266633,0.914680948041677
133.566783391696,0.906604681205576
134.067033516758,0.910712177632301
134.567283641821,0.907087206483312
135.067533766883,0.889710264918857
135.567783891946,0.884498991919312
136.068034017009,0.904143802289124
136.568284142071,0.91849892930176
137.068534267134,0.920266178131467
137.568784392196,0.920145546812033
138.069034517259,0.9181068775136
138.569284642321,0.92465112659289
139.069534767384,0.922250563336155
139.569784892446,0.907123395879142
140.070035017509,0.90153213422338
140.570285142571,0.904740927320322
141.070535267634,0.908944928802594
141.570785392696,0.908190983056132
142.071035517759,0.908323677507509
142.571285642821,0.913046393663347
143.071535767884,0.921623280475098
143.571785892946,0.927739288370398
144.072036018009,0.923505129058267
144.572286143072,0.917744983555298
145.072536268134,0.915459020052025
145.572786393197,0.916659301680393
146.073036518259,0.922015332263259
146.573286643322,0.922039458527145
147.073536768384,0.916538670360959
147.573786893447,0.912045153712046
148.074037018509,0.91145406024682
148.574287143572,0.911996901184272
149.074537268634,0.915772661482554
149.574787393697,0.927051689849624
150.075037518759,0.926321870367049
150.575287643822,0.923342276777032
151.075537768884,0.932793740654679
151.575787893947,0.926098702426097
152.07603801901,0.908981118198424
152.576288144072,0.906532302413916
153.076538269135,0.908842392181075
153.576788394197,0.907901467889491
154.07703851926,0.914530158892384
154.577288644322,0.92568252437405
155.077538769385,0.927208510564889
155.577788894447,0.920658229919627
156.07803901951,0.916870406489402
156.578289144572,0.916255186760289
157.078539269635,0.920036978624542
157.578789394697,0.933873390963612
158.07903951976,0.938318655084752
158.579289644822,0.934874630914914
159.079539769885,0.940713186775515
159.579789894947,0.945767639059796
160.08004002001,0.936165386032857
160.580290145073,0.911900396128725
161.080540270135,0.903196846431568
161.580790395198,0.907624015854793
162.08104052026,0.906242787247274
162.581290645323,0.913384161357762
163.081540770385,0.919759526589844
163.581790895448,0.909632527323367
164.08204102051,0.906900227938189
164.582291145573,0.923438781832579
165.082541270635,0.929771926102859
165.582791395698,0.925495545828927
166.08304152076,0.928873222773077
166.583291645823,0.926985342623936
167.083541770885,0.915863134972129
167.583791895948,0.91462063238196
168.084042021011,0.917811330780987
168.584292146073,0.914469843232667
169.084542271136,0.919162401558647
169.584792396198,0.930182072588935
170.085042521261,0.928740528321699
170.585292646323,0.916870406489402
171.085542771386,0.911429933982933
171.585792896448,0.917443405256713
172.086043021511,0.918245603530949
172.586293146573,0.911092166288518
173.086543271636,0.910302031146226
173.586793396698,0.916761838301912
174.087043521761,0.916882469621346
174.587293646823,0.90854081388249
175.087543771886,0.902400679723304
175.587793896948,0.901351187244229
176.088044022011,0.911514375906537
176.588294147074,0.924108285655437
177.088544272136,0.922359131523645
177.588794397199,0.914837768756941
178.089044522261,0.921291544346655
178.589294647324,0.927365331280153
179.089544772386,0.927582467655134
179.589794897449,0.930471587755576
180.090045022511,0.923740360131164
180.590295147574,0.916972943110921
181.090545272636,0.915477114749941
181.590795397699,0.924657158158861
182.091045522761,0.937733593185498
182.591295647824,0.92931352708901
183.091545772886,0.918517023999675
183.591795897949,0.923312118947173
184.092046023012,0.92408415939155
184.592296148074,0.91504887356595
185.092546273137,0.913782244711894
185.592796398199,0.915290136204818
186.093046523262,0.908106541132528
186.593296648324,0.91465682177779
187.093546773387,0.926056481464295
187.593796898449,0.9229441934229
188.094047023512,0.919675084666241
188.594297148574,0.911327397361414
189.094547273637,0.909529990701849
189.594797398699,0.918728128808684
190.095047523762,0.915060936697893
190.595297648824,0.904330780834247
191.095547773887,0.904596169737002
191.595797898949,0.912153721899536
192.096048024012,0.917660541631694
192.596298149075,0.92205755322506
193.096548274137,0.92226865803407
193.5967983992,0.915983766291563
194.097048524262,0.906502144584057
194.597298649325,0.903160657035738
195.097548774387,0.906924354202076
195.59779889945,0.906864038542359
196.098049024512,0.912563868385611
196.598299149575,0.924777789478295
197.098549274637,0.922968319686786
197.5987993997,0.912045153712046
198.099049524762,0.899511559622862
198.599299649825,0.899963927070739
199.099549774887,0.915127283923582
199.59979989995,0.91668342794428
200.100050025013,0.917732920423355
200.600300150075,0.922841656801381
201.100550275138,0.917443405256713
201.6008004002,0.914910147548601
202.101050525263,0.918028467155968
202.601300650325,0.919705242496099
203.101550775388,0.924168601315154
203.60180090045,0.925242220058116
204.102051025513,0.913812402541752
204.602301150575,0.903009867886446
205.102551275638,0.89804588909174
205.6028014007,0.901079766775503
206.103051525763,0.913601297732743
206.603301650825,0.921737880228561
207.103551775888,0.917280552975478
207.60380190095,0.91568821955895
208.104052026013,0.924240980106814
208.604302151076,0.918903044221864
209.104552276138,0.902865110303125
209.604802401201,0.905808514497312
210.105052526263,0.922431510315306
210.605302651326,0.931490922404792
211.105552776388,0.923239740155513
211.605802901451,0.905898987986888
212.106053026513,0.903715561105134
212.606303151576,0.905742167271624
213.106553276638,0.904421254323822
213.606803401701,0.914753326833337
214.107053526763,0.925405072339352
214.607303651826,0.927021532019766
215.107553776888,0.923674012905475
215.607803901951,0.92436764299222
216.108054027014,0.931515048668679
216.608304152076,0.934162906130254
217.108554277139,0.923149266665937
217.608804402201,0.907624015854793
218.109054527264,0.901791491560163
218.609304652326,0.900530894272079
219.109554777389,0.903299383053087
219.609804902451,0.914469843232667
220.110055027514,0.9281011823287
220.610305152576,0.93137632265133
221.110555277639,0.919355411669741
221.610805402701,0.906327229170878
222.111055527764,0.90490981116753
222.611305652826,0.914493969496554
223.111555777889,0.922847688367353
223.611805902951,0.921128692065419
224.112056028014,0.907334500688151
224.612306153077,0.897756373925099
225.112556278139,0.910308062712197
225.612806403202,0.928312287137709
226.113056528264,0.933185792442839
226.613306653327,0.924645095026918
227.113556778389,0.910724240764244
227.613806903452,0.904499664681454
228.114057028514,0.905874861723001
228.614307153577,0.909258570233122
229.114557278639,0.904457443719653
229.614807403702,0.892400343342233
230.115057528764,0.901652765542814
230.615307653827,0.916448196871383
231.115557778889,0.91821544570109
231.615807903952,0.914807610927082
232.116058029015,0.904089518195379
232.616308154077,0.906580554941689
233.11655827914,0.926056481464295
233.616808404202,0.933197855574782
234.117058529265,0.923553381586041
234.617308654327,0.922461668145164
235.11755877939,0.923149266665937
235.617808904452,0.910844872083678
236.118059029515,0.906749438788897
236.618309154577,0.9129498886078
237.11855927964,0.911785796375263
237.618809404702,0.910555356917037
238.119059529765,0.917407215860883
238.619309654827,0.9235835394159
239.11955977989,0.921707722398702
239.619809904952,0.917877678006675
240.120060030015,0.918788444468401
240.620310155078,0.921442333495948
241.12056028014,0.923414655568692
241.620810405203,0.922534046936824
242.121060530265,0.915694251124922
242.621310655328,0.91081471425382
243.12156078039,0.917304679239364
243.621810905453,0.924096222523494
244.122061030515,0.918052593419855
244.622311155578,0.915989797857535
245.12256128064,0.93368641241849
245.622811405703,0.940471924136647
246.123061530765,0.925592050884474
246.623311655828,0.913004172701545
247.12356178089,0.912449268632149
247.623811905953,0.922455636579192
248.124062031016,0.925175872832427
248.624312156078,0.916840248659544
249.124562281141,0.913655581826488
249.624812406203,0.911176608212122
250.125062531266,0.913317814132073
250.625312656328,0.917883709572647
251.125562781391,0.910332188976084
251.625812906453,0.904638390698803
252.126063031516,0.91465682177779
252.626313156578,0.919946505134967
253.126563281641,0.910072831639301
253.626813406703,0.91088709304548
254.127063531766,0.917027227204666
254.627313656828,0.91924684348225
255.127563781891,0.923312118947173
255.627813906953,0.919542390214863
256.128064032016,0.910078863205273
256.628314157079,0.896646565786307
257.128564282141,0.882134618058407
257.628814407204,0.883708856777019
258.129064532266,0.899517591188834
258.629314657329,0.911405807719046
259.129564782391,0.914831737190969
259.629814907454,0.911502312774593
260.130065032516,0.913360035093875
260.630315157579,0.91771482572544
261.130565282641,0.910060768507358
261.630815407704,0.90533805235152
262.131065532766,0.910314094278169
262.631315657829,0.91675580673594
263.131565782891,0.918082751249713
263.631815907954,0.917135795392157
264.132066033016,0.926436470120512
264.632316158079,0.934657494539933
265.132566283142,0.923963528072116
265.632816408204,0.915314262468705
266.133066533267,0.921961048169513
266.633316658329,0.929802083932718
267.133566783392,0.931629648422142
267.633816908454,0.923957496506145
268.134067033517,0.917925930534449
268.634317158579,0.91433714878129
269.134567283642,0.907798931267972
269.634817408704,0.904783148282124
270.135067533767,0.905959303646605
270.635317658829,0.91077852485799
271.135567783892,0.914644758645846
271.635817908954,0.914879989718743
272.136068034017,0.913408287621649
272.63631815908,0.915808850878384
273.136568284142,0.923348308343003
273.636818409205,0.917925930534449
274.137068534267,0.906248818813246
274.63731865933,0.913160993416809
275.137568784392,0.918661781582996
275.637818909455,0.914162233368111
276.138069034517,0.917226268881732
276.63831915958,0.913130835586951
277.138569284642,0.895060263935751
277.638819409705,0.895524694515571
278.139069534767,0.912069279975932
278.63931965983,0.914240643725743
279.139569784892,0.911701354451659
279.639819909955,0.913721929052177
280.140070035018,0.922328973693787
280.64032016008,0.927576436089162
281.140570285143,0.915139347055526
281.640820410205,0.909125875781745
282.141070535268,0.91846273990593
282.64132066033,0.923233708589541
283.141570785393,0.920429030412703
283.641820910455,0.91718404791993
284.142071035518,0.910609641010782
284.64232116058,0.906393576396567
285.142571285643,0.914849831888884
285.642821410705,0.920766798107118
286.143071535768,0.917570068142119
286.64332166083,0.917811330780987
287.143571785893,0.919162401558647
287.643821910955,0.912382921406461
288.144072036018,0.905669788479963
288.644322161081,0.910724240764244
289.144572286143,0.922564204766683
289.644822411206,0.925127620304654
290.145072536268,0.922148026714636
290.645322661331,0.927383425978068
291.145572786393,0.928312287137709
291.645822911456,0.923927338676286
292.146073036518,0.923891149280456
292.646323161581,0.920362683187014
293.146573286643,0.920073168020373
293.646823411706,0.918716065676741
294.147073536768,0.904451412153681
294.647323661831,0.90138737664006
295.147573786893,0.908950960368566
295.647823911956,0.912974014871687
296.148074037018,0.911448028680848
296.648324162081,0.897967478734108
297.148574287144,0.887472553943357
297.648824412206,0.89285271079011
298.149074537269,0.896103724848854
298.649324662331,0.893841887609468
299.149574787394,0.906526270847944
299.649824912456,0.919198590954477
300.150075037519,0.914807610927082
300.650325162581,0.902147353952493
301.150575287644,0.891025146300686
301.650825412706,0.895578978609316
302.151075537769,0.903444140636408
302.651325662831,0.899945832372824
303.151575787894,0.897304006477222
303.651825912956,0.898817929536117
304.152076038019,0.900259473803352
304.652326163082,0.898070015355627
305.152576288144,0.903938729046087
305.652826413207,0.912123564069678
306.153076538269,0.908552877014434
306.653326663332,0.9129498886078
307.153576788394,0.921128692065419
307.653826913457,0.918776381336458
308.154077038519,0.919512232385005
308.654327163582,0.927751351502341
309.154577288644,0.927341205016266
309.654827413707,0.911797859507206
310.155077538769,0.902557500438568
310.655327663832,0.912696562836989
311.155577788894,0.915097126093724
311.655827913957,0.906918322636104
312.15607803902,0.918311950756638
312.656328164082,0.92465112659289
313.156578289145,0.912407047670347
313.656828414207,0.910404567767744
314.15707853927,0.916653270114421
314.657328664332,0.922117868884778
315.157578789395,0.921291544346655
315.657828914457,0.918474803037873
316.15807903952,0.918342108586496
316.658329164582,0.909089686385915
317.158579289645,0.899523622754805
317.658829414707,0.903606992917643
318.15907953977,0.907455132007585
318.659329664832,0.905235515730001
319.159579789895,0.899493464924947
319.659829914957,0.894306318189289
320.16008004002,0.901743239032389
320.660330165083,0.911429933982933
321.160580290145,0.915579651371459
321.660830415208,0.917570068142119
322.16108054027,0.91821544570109
322.661330665333,0.919277001312109
323.161580790395,0.918866854826033
323.661830915458,0.922528015370853
324.16208104052,0.92504317838105
324.662331165583,0.918396392680241
325.162581290645,0.91355304520497
325.662831415708,0.909174128309518
326.16308154077,0.905531062462614
326.663331665833,0.908583034844292
327.163581790895,0.911152481948235
327.663831915958,0.922286752731985
328.16408204102,0.931032523390944
328.664332166083,0.918523055565647
329.164582291146,0.909095717951886
329.664832416208,0.903413982806549
330.165082541271,0.901972438539314
330.665332666333,0.914548253590299
331.165582791396,0.911484218076678
331.665832916458,0.909771253340716
332.166083041521,0.927045658283653
332.666333166583,0.928251971477992
333.166583291646,0.918149098475402
333.666833416708,0.923529255322154
334.167083541771,0.934325758411489
334.667333666833,0.931913132022811
335.167583791896,0.917811330780987
335.667833916959,0.898039857525768
336.168084042021,0.889064887359885
336.668334167084,0.890801978359734
337.168584292146,0.898697298216683
337.668834417209,0.909861726830292
338.169084542271,0.910929314007282
338.669334667334,0.911749606979433
339.169584792396,0.906658965299321
339.669834917459,0.898389688352127
340.170085042521,0.901405471337974
340.670335167584,0.904541885643256
341.170585292646,0.904614264434917
341.670835417709,0.906526270847944
342.171085542771,0.911472154944735
342.671335667834,0.915519335711742
343.171585792896,0.914506032628498
343.671835917959,0.919168433124618
344.172086043022,0.92963320008551
344.672336168084,0.920977902916127
345.172586293147,0.89772621609524
345.672836418209,0.8894026550543
346.173086543272,0.898540477501419
346.673336668334,0.903757782066936
347.173586793397,0.906291039775048
347.673836918459,0.908993181330368
348.174087043522,0.903269225223229
348.674337168584,0.905042505618907
349.174587293647,0.912805131024479
349.674837418709,0.916912627451204
350.175087543772,0.916647238548449
350.675337668834,0.911351523625301
351.175587793897,0.917980214628194
351.675837918959,0.929042106620284
352.176088044022,0.935881902432187
352.676338169085,0.940676997379685
353.176588294147,0.927172321169058
353.67683841921,0.914325085649347
354.177088544272,0.91330575100013
354.677338669335,0.907340532254123
355.177588794397,0.898516351237532
355.67783891946,0.889698201786913
356.178089044522,0.892002259988101
356.678339169585,0.907479258271472
357.178589294647,0.919198590954477
357.67883941971,0.916677396378308
358.179089544772,0.907786868136029
358.679339669835,0.913649550260517
359.179589794897,0.920839176898778
359.67983991996,0.919005580843382
360.180090045022,0.918010372458053
360.680340170085,0.909071591688
361.180590295148,0.912473394896036
361.68084042021,0.92365591820756
362.181090545273,0.923167361363852
362.681340670335,0.918438613642043
363.181590795398,0.912141658767593
363.68184092046,0.91494030537846
364.182091045523,0.917159921656044
364.682341170585,0.915977734725591
365.182591295648,0.920091262718288
365.68284142071,0.920507440770335
366.183091545773,0.916605017586648
366.683341670835,0.918221477267062
367.183591795898,0.91995856826691
367.683841920961,0.911176608212122
368.184092046023,0.895603104873203
368.684342171086,0.89288890018594
369.184592296148,0.904143802289124
369.684842421211,0.905724072573709
370.185092546273,0.905066631882794
370.685342671336,0.915664093295063
371.185592796398,0.920851240030721
371.685842921461,0.921888669377853
372.186093046523,0.925350788245606
372.686343171586,0.919892221041222
373.186593296648,0.916122492308912
373.686843421711,0.918486866169817
374.187093546773,0.915905355933931
374.687343671836,0.91287750981614
375.187593796898,0.909204286139377
375.687843921961,0.89623038773426
376.188094047024,0.888292846915508
376.688344172086,0.89904109747707
377.188594297149,0.912871478250168
377.688844422211,0.919904284173165
378.189094547274,0.920712514013372
378.689344672336,0.922057553225061
379.189594797399,0.91981381068359
379.689844922461,0.906188503153529
380.190095047524,0.90398698157386
380.690345172586,0.914379369743092
381.190595297649,0.912974014871687
381.690845422711,0.909336980590754
382.191095547774,0.913902876031328
382.691345672836,0.915977734725591
383.191595797899,0.912612120913385
383.691845922961,0.914144138670196
384.192096048024,0.921575027947325
384.692346173087,0.914319054083375
385.192596298149,0.910766461726046
385.692846423212,0.927154226471143
386.193096548274,0.936696163838366
386.693346673337,0.932775645956764
387.193596798399,0.926738048419096
387.693846923462,0.922063584791032
388.194097048524,0.924271137936673
388.694347173587,0.931050618088859
389.194597298649,0.923921307110315
389.694847423712,0.911212797607952
390.195097548774,0.901411502903946
390.695347673837,0.893926329533072
391.195597798899,0.899921706108937
391.695847923962,0.904771085150181
392.196098049024,0.89733416430708
392.696348174087,0.897177343591816
393.19659829915,0.909174128309518
393.696848424212,0.90903540229217
394.197098549275,0.899330612643711
394.697348674337,0.909578243229622
395.1975987994,0.922666741388202
395.697848924462,0.918486866169817
396.198099049525,0.911472154944735
396.698349174587,0.908667476767896
397.19859929965,0.903974918441917
397.698849424712,0.894252034095543
398.199099549775,0.904819337677954
398.699349674837,0.928107213894671
399.1995997999,0.927799604030115
399.699849924963,0.915483146315912
400.200100050025,0.911080103156574
400.700350175088,0.909264601799094
401.20060030015,0.904686643226577
401.700850425213,0.901091829907446
402.201100550275,0.899234107588164
402.701350675338,0.905917082684803
403.2016008004,0.911381681455159
403.701850925463,0.909867758396264
404.202101050525,0.919059864937128
404.702351175588,0.919747463457901
405.20260130065,0.897201469855703
405.702851425713,0.884318044940161
406.203101550775,0.898932529289579
406.703351675838,0.91753991031226
407.2036018009,0.927262794658634
407.703851925963,0.931394417349245
408.204102051026,0.927624688616936
408.704352176088,0.918963359881581
409.204602301151,0.903884444952341
409.704852426213,0.89420378156777
410.205102551276,0.903775876764851
410.705352676338,0.906984669861793
411.205602801401,0.893256825710214
411.705852926463,0.889070918925857
412.206103051526,0.899529654320777
412.706353176588,0.909729032378915
413.206603301651,0.909765221774745
413.706853426713,0.905235515730001
414.207103551776,0.906200566285473
414.707353676838,0.905012347789048
415.207603801901,0.906104061229925
415.707853926963,0.909119844215773
416.208104052026,0.903347635580861
416.708354177089,0.903836192424568
417.208604302151,0.902545437306625
417.708854427214,0.900603273063739
418.209104552276,0.906025650872293
418.709354677339,0.903793971462766
419.209604802401,0.908450340392915
419.709854927464,0.916176776402657
420.210105052526,0.91703929033661
420.710355177589,0.913492729545253
421.210605302651,0.903359698712804
421.710855427714,0.896344987487722
422.211105552776,0.890228979592423
422.711355677839,0.89217717540128
423.211605802901,0.9039146027822
423.711855927964,0.91362542399663
424.212106053027,0.91529616777079
424.712356178089,0.910470914993433
425.212606303152,0.918004340892081
425.712856428214,0.927160258037115
426.213106553277,0.926400280724681
426.713356678339,0.923565444717984
427.213606803402,0.921170913027221
427.713856928464,0.919765558155816
428.214107053527,0.92123726025291
428.714357178589,0.924005749033918
429.214607303652,0.915730440520752
429.714857428714,0.907201806236774
430.215107553777,0.908335740639453
430.715357678839,0.913619392430658
431.215607803902,0.917262458277562
431.715857928965,0.915109189225667
432.216108054027,0.908305582809594
432.71635817909,0.904837432375869
433.216608304152,0.908570971712349
433.716858429215,0.911068040024631
434.217108554277,0.911062008458659
434.71735867934,0.908215109320019
435.217608804402,0.910229652354565
435.717858929465,0.91433714878129
436.218109054527,0.906007556174378
436.71835917959,0.900603273063739
437.218609304652,0.916237092062374
437.718859429715,0.929271306127209
438.219109554777,0.91750372091643
438.71935967984,0.908643350504009
439.219609804902,0.912027059014131
439.719859929965,0.907943688851293
440.220110055028,0.909041433858141
440.72036018009,0.918305919190666
441.220610305153,0.917057385034525
441.720860430215,0.916677396378308
442.221110555278,0.925525703658786
442.72136068034,0.930574124377095
443.221610805403,0.934591147314244
443.721860930465,0.929946841516038
444.222111055528,0.909825537434462
444.72236118059,0.904547917209228
445.222611305653,0.911725480715546
445.722861430715,0.906984669861793
446.223111555778,0.916822153961629
446.72336168084,0.933740696512235
447.223611805903,0.919379537933628
447.723861930965,0.901055640511616
448.224112056028,0.901097861473418
448.724362181091,0.90601358774035
449.224612306153,0.908498592920689
449.724862431216,0.907877341625604
450.225112556278,0.905579314990388
450.725362681341,0.908046225472811
451.225612806403,0.90764814211868
451.725862931466,0.902931457528814
452.226113056528,0.910669956670499
452.726363181591,0.914282864687545
453.226613306653,0.906833880712501
453.726863431716,0.903588898219728
454.227113556778,0.908034162340868
454.727363681841,0.913806370975781
455.227613806903,0.907702426212425
455.727863931966,0.900404231386673
456.228114057029,0.901182303397022
456.728364182091,0.902931457528814
457.228614307154,0.899439180831202
457.728864432216,0.894010771456676
458.229114557279,0.902822889341323
458.729364682341,0.90804019390684
459.229614807404,0.899324581077739
459.729864932466,0.894722496241336
460.230115057529,0.89847413027573
460.730365182591,0.90871572929567
461.230615307654,0.917057385034525
461.730865432716,0.916285344590148
462.231115557779,0.913124804020979
462.731365682841,0.908408119431113
463.231615807904,0.896031346057194
463.731865932966,0.895796114984298
464.232116058029,0.914849831888884
464.732366183092,0.923366403040918
465.232616308154,0.917901804270562
465.732866433217,0.914101917708394
466.233116558279,0.913800339409809
466.733366683342,0.918082751249713
467.233616808404,0.914849831888884
467.733866933467,0.917027227204666
468.234117058529,0.92845704472103
468.734367183592,0.919632863704439
469.234617308654,0.908981118198424
469.734867433717,0.914807610927082
470.235117558779,0.924681284422748
470.735367683842,0.930537934981265
471.235617808904,0.921418207232061
471.735867933967,0.909397296250471
472.23611805903,0.913154961850838
472.736368184092,0.918028467155968
473.236618309155,0.912787036326564
473.736868434217,0.910543293785093
474.23711855928,0.912720689100876
474.737368684342,0.911924522392612
475.237618809405,0.916942785281063
475.737868934467,0.917811330780987
476.23811905953,0.90320287799754
476.738369184592,0.892297806720714
477.238619309655,0.899764885393673
477.738869434717,0.907847183795745
478.23911955978,0.904674580094634
478.739369684842,0.913649550260517
479.239619809905,0.92305276161039
479.739869934967,0.913329877264017
480.24012006003,0.903793971462766
480.740370185093,0.900398199820701
481.240620310155,0.905078695014737
481.740870435218,0.911930553958583
482.24112056028,0.911514375906537
482.741370685343,0.912008964316215
483.241620810405,0.910519167521207
483.741870935468,0.905096789712652
484.24212106053,0.902774636813549
484.742371185593,0.909994421281669
485.242621310655,0.922069616357004
485.742871435718,0.923746391697135
486.24312156078,0.919747463457901
486.743371685843,0.913028298965432
487.243621810905,0.908251298715849
487.743871935968,0.912750846930734
488.244122061031,0.912268321652998
488.744372186093,0.906387544830595
489.244622311156,0.903546677257926
489.744872436218,0.910392504635801
490.245122561281,0.921189007725136
490.745372686343,0.914192391197969
491.245622811406,0.90558534655636
491.745872936468,0.909692842983084
492.246123061531,0.916146618572799
492.746373186593,0.924856199835927
493.246623311656,0.925019052117163
493.746873436718,0.917220237315761
494.247123561781,0.905567251858445
494.747373686843,0.900120747786003
495.247623811906,0.902877173435068
495.747873936968,0.905796451365369
496.248124062031,0.916249155194317
496.748374187094,0.915410767524252
497.248624312156,0.907352595386066
497.748874437219,0.911435965548904
498.249124562281,0.918293856058722
498.749374687344,0.922009300697287
499.249624812406,0.927238668394747
499.749874937469,0.927136131773228
500.250125062531,0.916900564319261
500.750375187594,0.907159585274972
501.250625312656,0.899409023001343
501.750875437719,0.908203046188076
502.251125562781,0.915097126093724
502.751375687844,0.904101581327323
503.251625812906,0.904457443719653
503.751875937969,0.904385064927992
504.252126063032,0.898781740140287
504.752376188094,0.89914966566456
505.252626313157,0.899885516713107
505.752876438219,0.896821481199486
506.253126563282,0.899511559622862
506.753376688344,0.912304511048829
507.253626813407,0.917799267649043
507.753876938469,0.91053123065315
508.254127063532,0.90668912312918
508.754377188594,0.916291376156119
509.254627313657,0.912509584291866
509.754877438719,0.901363250376173
510.255127563782,0.903956823744002
510.755377688844,0.913746055316064
511.255627813907,0.930580155943066
511.755877938969,0.935363187758621
512.256128064032,0.92298038281873
512.756378189095,0.918921138919779
513.256628314157,0.915235852111073
513.75687843922,0.900138842483919
514.257128564282,0.898709361348627
514.757378689345,0.90224385900804
515.257628814407,0.898938560855551
515.75787893947,0.905332020785548
516.258129064532,0.910078863205273
516.758379189595,0.913631455562602
517.258629314657,0.91789577270459
517.75887943972,0.90014487404989
518.259129564782,0.887370017321839
518.759379689845,0.895741830890552
519.259629814907,0.89868523508474
519.75987993997,0.908106541132528
520.260130065033,0.921550901683438
520.760380190095,0.912871478250168
521.260630315158,0.891115619790262
521.76088044022,0.888154120898159
522.261130565283,0.908402087865141
522.761380690345,0.928800843981416
523.261630815408,0.931997573946415
523.76188094047,0.919638895270411
524.262131065533,0.916556765058874
524.762381190595,0.919397632631543
525.262631315658,0.914813642493054
525.76288144072,0.908178919924189
526.263131565783,0.904421254323822
526.763381690845,0.908263361847792
527.263631815908,0.914445716968781
527.76388194097,0.917708794159468
528.264132066033,0.913227340642498
528.764382191096,0.912105469371763
529.264632316158,0.915356483430507
529.764882441221,0.907026890823595
530.265132566283,0.905464715236926
530.765382691346,0.919638895270411
531.265632816408,0.924976831155361
531.765882941471,0.913227340642498
532.266133066533,0.904783148282124
532.766383191596,0.910718209198273
533.266633316658,0.909988389715697
533.766883441721,0.909505864437962
534.267133566783,0.916978974676893
534.767383691846,0.915814882444355
535.267633816908,0.920199830905778
535.767883941971,0.919047801805184
536.268134067034,0.903546677257926
536.768384192096,0.900910882928295
537.268634317159,0.912455300198121
537.768884442221,0.918897012655892
538.269134567284,0.915633935465205
538.769384692346,0.909083654819943
539.269634817409,0.909312854326868
539.769884942471,0.920465219808533
540.270135067534,0.928161497988417
540.770385192596,0.926177112783729
541.270635317659,0.917919898968477
541.770885442721,0.907804962833944
542.271135567784,0.902201638046238
542.771385692846,0.895615168005147
543.271635817909,0.894360602283034
543.771885942971,0.907111332747199
544.272136068034,0.918999549277411
544.772386193097,0.917449436822685
545.272636318159,0.912744815364762
545.772886443222,0.919470011423203
546.273136568284,0.920851240030721
546.773386693347,0.91604408195128
547.273636818409,0.916182807968629
547.773886943472,0.913275593170272
548.274137068534,0.908733823993585
548.774387193597,0.903003836320474
549.274637318659,0.899427117699258
549.774887443722,0.906272945077133
550.275137568784,0.914753326833337
550.775387693847,0.915483146315912
551.275637818909,0.923704170735333
551.775887943972,0.931225533502038
552.276138069035,0.921158849895278
552.776388194097,0.919301127575996
553.27663831916,0.932486130790122
553.776888444222,0.929783989234803
554.277138569285,0.914331117215318
554.777388694347,0.915314262468705
555.27763881941,0.915561556673544
555.777888944472,0.906960543597906
556.278139069535,0.908770013389415
556.778389194597,0.912268321652998
557.27863931966,0.921062344839731
557.778889444722,0.924222885408899
558.279139569785,0.917371026465053
558.779389694847,0.917117700694242
559.27963981991,0.919313190707939
559.779889944973,0.926683764325351
560.280140070035,0.928451013155058
560.780390195098,0.923281961117315
561.28064032016,0.917178016353959
561.780890445223,0.910748367028131
562.281140570285,0.91476538996528
562.781390695348,0.916267249892233
563.28164082041,0.909584274795594
563.781890945473,0.908528750750547
564.282141070535,0.912992109569602
564.782391195598,0.9132695616043
565.28264132066,0.914988557906233
565.782891445723,0.92020586247175
566.283141570785,0.915302199336761
566.783391695848,0.913480666413309
567.28364182091,0.926370122894823
567.783891945973,0.935682860755121
568.284142071035,0.926496785780228
568.784392196098,0.906375481698652
569.284642321161,0.893570467140742
569.784892446223,0.899276328549966
570.285142571286,0.909686811417113
570.785392696348,0.915639967031176
571.285642821411,0.917310710805336
571.785892946473,0.904409191191879
572.286143071536,0.898311277994495
572.786393196598,0.911894364562753
573.286643321661,0.914910147548601
573.786893446723,0.906116124361869
574.287143571786,0.902473058514965
574.787393696848,0.908016067642953
575.287643821911,0.911960711788442
575.787893946973,0.90850462448666
576.288144072036,0.914029538916734
576.788394197099,0.917901804270562
577.288644322161,0.914379369743092
577.788894447224,0.91753991031226
578.289144572286,0.920893460992523
578.789394697349,0.915145378621497
579.289644822411,0.912413079236319
579.789894947474,0.913426382319564
580.290145072536,0.910386473069829
580.790395197599,0.907515447667302
581.290645322661,0.89701449131058
581.790895447724,0.892804458262336
582.291145572786,0.902497184778851
582.791395697849,0.911906427694697
583.291645822912,0.913933033861186
583.791895947974,0.910090926337216
584.292146073037,0.909566180097679
584.792396198099,0.906031682438265
585.292646323162,0.905494873066784
585.792896448224,0.907919562587406
586.293146573287,0.910229652354565
586.793396698349,0.910000452847641
587.293646823412,0.902660037060087
587.793896948474,0.906152313757699
588.294147073537,0.924108285655437
588.794397198599,0.928855128075162
589.294647323662,0.91430095938546
589.794897448724,0.903444140636408
590.295147573787,0.899915674542966
590.795397698849,0.902913362830898
591.295647823912,0.901242619056739
591.795897948974,0.895319621272534
592.296148074037,0.901972438539314
592.7963981991,0.906067871834095
593.296648324162,0.901508007959493
593.796898449225,0.902340364063587
594.297148574287,0.907599889590906
594.79739869935,0.908323677507509
595.297648824412,0.906351355434765
595.797898949475,0.909909979358065
596.298149074537,0.915959640027676
596.7983991996,0.917069448166468
597.298649324662,0.908269393413764
597.798899449725,0.897991604997995
598.299149574787,0.897623679473721
598.79939969985,0.903003836320474
599.299649824912,0.905506936198728
599.799899949975,0.914186359631998
600.300150075038,0.922129932016721
600.8004002001,0.912889572948083
601.300650325163,0.904336812400219
601.800900450225,0.901121987737305
602.301150575288,0.893425709557421
602.80140070035,0.894420917942751
603.301650825413,0.903727624237077
603.801900950475,0.909174128309518
604.302151075538,0.911532470604452
604.8024012006,0.909349043722698
605.302651325663,0.912437205500206
605.802901450725,0.918197351003175
606.303151575788,0.920543630166165
606.80340170085,0.923360371474947
607.303651825913,0.918878917957977
607.803901950976,0.913468603281366
608.304152076038,0.911285176399612
608.804402201101,0.904771085150181
609.304652326163,0.898323341126438
609.804902451226,0.898516351237532
610.305152576288,0.910482978125376
610.805402701351,0.921032187009872
611.305652826413,0.90839605629917
611.805902951476,0.891682586991601
612.306153076538,0.895566915477373
612.806403201601,0.906526270847944
613.306653326663,0.915133315489554
613.806903451726,0.918649718451052
614.307153576788,0.915235852111073
614.807403701851,0.914668884909733
615.307653826913,0.91440952757295
615.807903951976,0.909620464191424
616.308154077038,0.912684499705045
616.808404202101,0.925760934731682
617.308654327164,0.924560653103314
617.808904452226,0.916339628683893
618.309154577289,0.91668342794428
618.809404702351,0.918354171718439
619.309654827414,0.91504887356595
619.809904952476,0.914313022517403
620.310155077539,0.925465387999069
620.810405202601,0.924391769256107
621.310655327664,0.913987317954932
621.810905452726,0.913004172701545
622.311155577789,0.913752086882036
622.811405702851,0.910169336694848
623.311655827914,0.909192223007434
623.811905952977,0.916985006242864
624.312156078039,0.926159018085814
624.812406203102,0.935031451630178
625.312656328164,0.928215782082162
625.812906453227,0.904608232868945
626.313156578289,0.887134786248943
626.813406703352,0.884818664915811
627.313656828414,0.902925425962842
627.813906953477,0.913643518694545
628.314157078539,0.90665293373335
628.814407203602,0.903353667146832
629.314657328664,0.898534445935447
629.814907453727,0.894728527807307
630.315157578789,0.899571875282579
630.815407703852,0.898558572199334
631.315657828914,0.889655980825111
631.815907953977,0.901236587490767
632.316158079039,0.921731848662589
632.816408204102,0.921611217343155
633.316658329165,0.916110429176969
633.816908454227,0.910645830406612
634.31715857929,0.905163136938341
634.817408704352,0.910760430160074
635.317658829415,0.913299719434158
635.817908954477,0.90462632756686
636.31815907954,0.898733487612513
636.818409204602,0.904300623004388
637.318659329665,0.923927338676286
637.818909454727,0.939440526355487
638.31915957979,0.932413751998462
638.819409704852,0.918028467155968
639.319659829915,0.912497521159923
639.819909954977,0.906188503153529
640.32016008004,0.898160488845202
640.820410205103,0.905398368011237
641.320660330165,0.916598986020676
641.820910455228,0.915977734725591
642.32116058029,0.911616912528055
642.821410705353,0.908534782316519
643.321660830415,0.905868830157029
643.821910955478,0.906206597851444
644.32216108054,0.914168264934083
644.822411205603,0.917033258770638
645.322661330665,0.918963359881581
645.822911455728,0.925652366544191
646.32316158079,0.916001860989478
646.823411705853,0.907563700195076
647.323661830916,0.915579651371459
647.823911955978,0.913335908829989
648.324162081041,0.896158008942599
648.824412206103,0.89758145851192
649.324662331166,0.911671196621801
649.824912456228,0.907617984288821
650.325162581291,0.900904851362324
650.825412706353,0.904481569983539
651.325662831416,0.905856767025086
651.825912956478,0.905380273313322
652.326163081541,0.913830497239668
652.826413206603,0.913818434107724
653.326663331666,0.90313049920588
653.826913456728,0.899662348772154
654.327163581791,0.901580386751154
654.827413706853,0.906658965299321
655.327663831916,0.905181231636256
655.827913956978,0.902195606480267
656.328164082041,0.897816689584816
656.828414207104,0.894788843467024
657.328664332166,0.906550397111831
657.828914457229,0.906128187493812
658.329164582291,0.893154289088695
658.829414707354,0.901960375407371
659.329664832416,0.914403496006979
659.829914957479,0.910289968014282
660.330165082541,0.903359698712804
660.830415207604,0.9003559788589
661.330665332666,0.903263193657257
661.830915457729,0.901405471337975
662.331165582791,0.891730839519375
662.831415707854,0.892931121147742
663.331665832916,0.908281456545708
663.831915957979,0.912974014871687
664.332166083042,0.9032752567892
664.832416208104,0.898811897970145
665.332666333167,0.896893859991146
665.832916458229,0.895796114984298
666.333166583292,0.899529654320777
666.833416708354,0.903317477751002
667.333666833417,0.910862966781593
667.833916958479,0.915187599583299
668.334167083542,0.910410599333716
668.834417208604,0.915103157659695
669.334667333667,0.920163641509948
669.834917458729,0.915947576895733
670.335167583792,0.926364091328851
670.835417708854,0.931285849161755
671.335667833917,0.915845040274214
671.83591795898,0.908685571465811
672.336168084042,0.909330949024783
672.836418209105,0.907702426212425
673.336668334167,0.903094309810049
673.83691845923,0.901441660733805
674.337168584292,0.909017307594254
674.837418709355,0.914873958152771
675.337668834417,0.911255018569754
675.83791895948,0.906079934966039
676.338169084542,0.906212629417416
676.838419209605,0.904970126827247
677.338669334667,0.901628639278927
677.83891945973,0.903962855309973
678.339169584792,0.909578243229622
678.839419709855,0.908558908580406
679.339669834917,0.905724072573709
679.83991995998,0.913438445451507
680.340170085042,0.920416967280759
680.840420210105,0.915869166538101
681.340670335168,0.90501837935502
681.84092046023,0.903606992917643
682.341170585293,0.907063080219425
682.841420710355,0.904704737924492
683.341670835418,0.906490081452114
683.84192096048,0.897671932001495
684.342171085543,0.885192622006057
684.842421210605,0.896200229904401
685.342671335668,0.914735232135422
685.84292146073,0.924325422030418
686.343171585793,0.921635343607042
686.843421710855,0.914530158892384
687.343671835918,0.918263698228864
687.843921960981,0.917696731027525
688.344172086043,0.905712009441765
688.844422211106,0.904385064927992
689.344672336168,0.913402256055677
689.844922461231,0.917835457044873
690.345172586293,0.911303271097527
690.845422711356,0.903866350254426
691.345672836418,0.899662348772154
691.845922961481,0.900579146799852
692.346173086543,0.9126302156113
692.846423211606,0.911942617090527
693.346673336668,0.901489913261578
693.846923461731,0.902177511782352
694.347173586793,0.905181231636256
694.847423711856,0.904964095261275
695.347673836918,0.907449100441614
695.847923961981,0.907792899702
696.348174087044,0.898003668129938
696.848424212106,0.894324412887204
697.348674337169,0.899493464924947
697.848924462231,0.902973678490615
698.349174587294,0.909566180097679
698.849424712356,0.909481738174075
699.349674837419,0.903347635580861
699.849924962481,0.901610544581012
700.350175087544,0.895886588473873
700.850425212606,0.887122723116999
701.350675337669,0.887345891057952
701.850925462731,0.899161728796504
702.351175587794,0.909831569000433
702.851425712856,0.905531062462614
703.351675837919,0.896598313258533
703.851925962981,0.896429429411326
704.352176088044,0.899029034345126
704.852426213107,0.905175200070284
705.352676338169,0.909385233118528
705.852926463232,0.905850735459114
706.353176588294,0.909741095510858
706.853426713357,0.916496449399157
707.353676838419,0.914825705624997
707.853926963482,0.918191319437204
708.354177088544,0.928644023266152
708.854427213607,0.929066232884171
709.354677338669,0.922027395395202
709.854927463732,0.911858175166923
710.355177588794,0.901936249143484
710.855427713857,0.904005076271775
711.355677838919,0.904710769490464
711.855927963982,0.90018106344572
712.356178089045,0.900772156910946
712.856428214107,0.909234443969235
713.35667833917,0.918167193173317
713.856928464232,0.911182639778093
714.357178589295,0.899101413136787
714.857428714357,0.902828920907295
715.35767883942,0.919120180596845
715.857928964482,0.923854959884626
716.358179089545,0.920350620055071
716.858429214607,0.921731848662589
717.35867933967,0.912575931517555
717.858929464732,0.903245098959342
718.359179589795,0.903100341376021
718.859429714857,0.898817929536117
719.35967983992,0.897201469855703
719.859929964982,0.901399439772003
720.360180090045,0.900271536935296
720.860430215107,0.90010868465406
721.36068034017,0.905277736691803
721.860930465233,0.903733655803049
722.361180590295,0.904958063695303
722.861430715358,0.908390024733198
723.36168084042,0.90042835765056
723.861930965483,0.901694986504616
724.362181090545,0.913420350753592
724.862431215608,0.91533235716662
725.36268134067,0.903830160858596
725.862931465733,0.899258233852051
726.363181590795,0.915241883677044
726.863431715858,0.92547141956504
727.36368184092,0.918860823260062
727.863931965983,0.910157273562905
728.364182091046,0.913384161357762
728.864432216108,0.927136131773228
729.364682341171,0.935236524873216
729.864932466233,0.934174969262197
730.365182591296,0.930037315005614
730.865432716358,0.924711442252607
731.365682841421,0.915911387499903
731.865932966483,0.897913194640363
732.366183091546,0.885198653572028
732.866433216608,0.894046960852506
733.366683341671,0.908794139653302
733.866933466733,0.916912627451204
734.367183591796,0.917045321902581
734.867433716858,0.917702762593496
735.367683841921,0.918595434357307
735.867933966984,0.904330780834247
736.368184092046,0.897683995133438
736.868434217109,0.908215109320019
737.368684342171,0.915302199336761
737.868934467234,0.921357891572344
738.369184592296,0.921231228686938
738.869434717359,0.906785628184727
739.369684842421,0.899053160609013
739.869934967484,0.911972774920385
740.370185092546,0.921538838551495
740.870435217609,0.911683259753744
741.370685342671,0.896127851112741
741.870935467734,0.899451243963145
742.371185592796,0.908589066410264
742.871435717859,0.904831400809898
743.371685842921,0.907581794892991
743.871935967984,0.911695322885687
744.372186093046,0.908902707840792
744.872436218109,0.906882133240274
745.372686343172,0.911146450382263
745.872936468234,0.915030778868035
746.373186593297,0.910796619555905
746.873436718359,0.91077852485799
747.373686843422,0.911550565302367
747.873936968484,0.910392504635801
748.374187093547,0.910941377139225
748.874437218609,0.906502144584057
749.374687343672,0.911484218076678
749.874937468734,0.928143403290501
750.375187593797,0.933191824008811
750.875437718859,0.924138443485296
751.375687843922,0.909710937680999
751.875937968985,0.904318717702304
752.376188094047,0.906206597851444
752.87643821911,0.905283768257775
753.376688344172,0.909946168753896
753.876938469235,0.906598649639604
754.377188594297,0.896170072074543
754.87743871936,0.900235347539466
755.377688844422,0.909765221774745
755.877938969485,0.906749438788897
756.378189094547,0.902189574914295
756.87843921961,0.908721760861641
757.378689344672,0.909529990701849
757.878939469735,0.910024579111528
758.379189594797,0.919988726096769
758.87943971986,0.915875198104072
759.379689844922,0.904397128059936
759.879939969985,0.897575426945948
760.380190095048,0.895880556907901
760.88044022011,0.909131907347717
761.380690345173,0.917153890090072
761.880940470235,0.918185287871232
762.381190595298,0.923661949773532
762.88144072036,0.919234780350307
763.381690845423,0.910561388483009
763.881940970485,0.912364826708546
764.382191095548,0.907467195139529
764.88244122061,0.900331852595013
765.382691345673,0.90672531252501
765.882941470735,0.903046057282276
766.383191595798,0.894360602283034
766.88344172086,0.901622607712956
767.383691845923,0.908299551243623
767.883941970985,0.911580723132225
768.384192096048,0.919337316971826
768.884442221111,0.922805467405551
769.384692346173,0.919765558155816
769.884942471236,0.906580554941689
770.385192596298,0.899975990202683
770.885442721361,0.908739855559556
771.385692846423,0.911236923871838
771.885942971486,0.903257162091285
772.386193096548,0.904403159625907
772.886443221611,0.913933033861186
773.386693346673,0.914252706857686
773.886943471736,0.917642446933779
774.387193596798,0.912039122146074
774.887443721861,0.896127851112741
775.387693846923,0.89591071473776
775.887943971986,0.902062912028889
776.388194097049,0.909005244462311
776.888444222111,0.909650622021283
777.388694347174,0.902406711289276
777.888944472236,0.906019619306322
778.389194597299,0.910965503403112
778.889444722361,0.903287319921144
779.389694847424,0.903064151980191
779.889944972486,0.90814876209433
780.390195097549,0.90363111918153
780.890445222611,0.906019619306322
781.390695347674,0.919970631398854
781.890945472736,0.924627000329003
782.391195597799,0.916737712038025
782.891445722861,0.918088782815685
783.391695847924,0.917171984787987
783.891945972986,0.898015731261882
784.392196098049,0.88524087453383
784.892446223112,0.892514943095695
785.392696348174,0.897129091064042
785.892946473237,0.895289463442675
786.393196598299,0.905151073806397
786.893446723362,0.912208005993281
787.393696848424,0.914029538916734
787.893946973487,0.912774973194621
788.394197098549,0.911037882194772
788.894447223612,0.915181568017327
789.394697348674,0.91334194039596
789.894947473737,0.910386473069829
790.395197598799,0.912334668878687
790.895447723862,0.912835288854338
791.395697848924,0.903812066160681
791.895947973987,0.895741830890552
792.39619809905,0.896158008942599
792.896448224112,0.896634502654363
793.396698349175,0.893805698213638
793.896948474237,0.891284503637469
794.3971985993,0.894837095994798
794.897448724362,0.901007387983843
795.397698849425,0.898184615109089
795.897948974487,0.890126442970904
796.39819909955,0.896260545564118
796.898449224612,0.908390024733198
797.398699349675,0.910579483180924
797.898949474737,0.913824465673696
798.3991995998,0.919837936947477
798.899449724862,0.908528750750547
799.399699849925,0.884034561339491
799.899949974988,0.882731743089605
800.40020010005,0.909662685153226
800.900450225113,0.920682356183514
801.400700350175,0.915422830656195
801.900950475238,0.914855863454856
802.4012006003,0.910694082934386
802.901450725363,0.90949983287199
803.401700850425,0.911755638545404
803.901950975488,0.913788276277866
804.40220110055,0.924518432141512
804.902451225613,0.933867359397641
805.402701350675,0.920857271596693
805.902951475738,0.900681683421371
806.4032016008,0.892864773922053
806.903451725863,0.890946735943054
807.403701850925,0.896447524109241
807.903951975988,0.904210149514813
808.40420210105,0.90071184125123
808.904452226113,0.896254513998146
809.404702351176,0.900965167022041
809.904952476238,0.912388952972432
810.405202601301,0.919204622520448
810.905452726363,0.917974183062222
811.405702851426,0.919144306860731
811.905952976488,0.922787372707636
812.406203101551,0.928969727828624
812.906453226613,0.923517192190211
813.406703351676,0.913444477017479
813.906953476738,0.911864206732895
814.407203601801,0.90818495149016
814.907453726863,0.906592618073633
815.407703851926,0.903341604014889
815.907953976988,0.898088110053542
816.408204102051,0.899668380338126
816.908454227114,0.911647070357914
817.408704352176,0.919765558155816
817.908954477239,0.911906427694697
818.409204602301,0.91113438725032
818.909454727364,0.917835457044873
819.409704852426,0.91401747578479
819.909954977489,0.911785796375263
820.410205102551,0.915875198104072
820.910455227614,0.917925930534449
821.410705352676,0.914699042739592
821.910955477739,0.908227172451962
822.411205602801,0.912636247177272
822.911455727864,0.926460596384398
823.411705852927,0.922455636579192
823.911955977989,0.908577003278321
824.412206103052,0.905917082684803
824.912456228114,0.904463475285624
825.412706353177,0.910326157410112
825.912956478239,0.916918659017176
826.413206603302,0.907461163573557
826.913456728364,0.896700849880052
827.413706853427,0.897497016588316
827.913956978489,0.906248818813246
828.414207103552,0.909282696497009
828.914457228614,0.909976326583754
829.414707353677,0.912437205500206
829.914957478739,0.902696226455917
830.415207603802,0.891272440505526
830.915457728864,0.897925257772306
831.415707853927,0.90537424174735
831.915957978989,0.898661108820853
832.416208104052,0.895880556907901
832.916458229115,0.908474466656802
833.416708354177,0.917407215860883
833.91695847924,0.906574523375718
834.417208604302,0.895530726081543
834.917458729365,0.898582698463221
835.417708854427,0.913510824243168
835.91795897949,0.924826042006069
836.418209104552,0.914391432875035
836.918459229615,0.91060360944481
837.418709354677,0.929295432391095
837.91895947974,0.939567189240893
838.419209604802,0.932389625734575
838.919459729865,0.91156262843431
839.419709854927,0.897291943345278
839.91995997999,0.906815786014586
840.420210105053,0.915465051617997
840.920460230115,0.904511727813398
841.420710355178,0.890675315474328
841.92096048024,0.902991773188531
842.421210605303,0.914928242246516
842.921460730365,0.902038785765003
843.421710855428,0.896924017821005
843.92196098049,0.904077455063436
844.422211105553,0.911423902416961
844.922461230615,0.910084894771245
845.422711355678,0.895844367512071
845.92296148074,0.893570467140742
846.423211605803,0.906803722882642
846.923461730865,0.920555693298108
847.423711855928,0.925393009207408
847.92396198099,0.916948816847034
848.424212106053,0.913824465673696
848.924462231116,0.919041770239213
849.424712356178,0.918963359881581
849.924962481241,0.911448028680848
850.425212606303,0.901073735209531
850.925462731366,0.89082610462362
851.425712856428,0.889607728297338
851.925962981491,0.903600961351672
852.426213106553,0.913794307843837
852.926463231616,0.915483146315912
853.426713356678,0.91216578503148
853.926963481741,0.909210317705349
854.427213606803,0.912612120913385
854.927463731866,0.914101917708394
855.427713856928,0.905163136938341
855.927963981991,0.889197581811263
856.428214107054,0.892605416585271
856.928464232116,0.903769845198879
857.428714357179,0.906061840268124
857.928964482241,0.903040025716304
858.429214607304,0.899191886626362
858.929464732366,0.911731512281517
859.429714857429,0.917123732260213
859.929964982491,0.904867590205728
860.430215107554,0.903395888108634
860.930465232616,0.910917250875339
861.430715357679,0.906128187493812
861.930965482741,0.893775540383779
862.431215607804,0.892931121147742
862.931465732866,0.903208909563512
863.431715857929,0.907624015854793
863.931965982992,0.90224385900804
864.432216108054,0.905362178615407
864.932466233117,0.915609809201318
865.432716358179,0.910096957903188
865.932966483242,0.897587490077891
866.433216608304,0.902328300931644
866.933466733367,0.909741095510858
867.433716858429,0.907244027198576
867.933966983492,0.906870070108331
868.434217108554,0.904397128059936
868.934467233617,0.907961783549208
869.434717358679,0.916725648906082
869.934967483742,0.91565203016312
870.435217608804,0.907678299948538
870.935467733867,0.887430332981556
871.435717858929,0.883057447652076
871.935967983992,0.90942745408033
872.436218109054,0.924590810933173
872.936468234117,0.920073168020373
873.43671835918,0.904053328799549
873.936968484242,0.887731911280141
874.437218609305,0.89078991522779
874.937468734367,0.898142394147287
875.43771885943,0.907491321403415
875.937968984492,0.912708625968932
876.438219109555,0.901278808452569
876.938469234617,0.900066463692258
877.43871935968,0.907051017087482
877.938969484742,0.910609641010782
878.439219609805,0.908070351736698
878.939469734867,0.899053160609013
879.43971985993,0.900542957404022
879.939969984992,0.900868661966494
880.440220110055,0.893051752467176
880.940470235118,0.892949215845657
881.44072036018,0.905362178615407
881.940970485243,0.918589402791335
882.441220610305,0.921611217343155
882.941470735368,0.919518263950977
883.44172086043,0.922160089846579
883.941970985493,0.931382354217302
884.442221110555,0.92895766469668
884.942471235618,0.915416799090224
885.44272136068,0.909168096743547
885.942971485743,0.902274016837899
886.443221610805,0.890301358384083
886.943471735868,0.886043072808066
887.443721860931,0.891067367262488
887.943971985993,0.896097693282882
888.444222111056,0.897376385268882
888.944472236118,0.895012011407977
889.444722361181,0.902545437306625
889.944972486243,0.912425142368263
890.445222611306,0.906526270847944
890.945472736368,0.904873621771699
891.445722861431,0.913854623503554
891.945972986493,0.920145546812033
892.446223111556,0.915639967031176
892.946473236618,0.905712009441765
893.446723361681,0.9081125726985
893.946973486743,0.9139089075973
894.447223611806,0.914524127326413
894.947473736868,0.91330575100013
895.447723861931,0.909415390948386
895.947973986993,0.91703929033661
896.448224112056,0.925513640526842
896.948474237119,0.92337243460689
897.448724362181,0.923076887874277
897.948974487244,0.91362542399663
898.449224612306,0.902002596369172
898.949474737369,0.911122324118376
899.449724862431,0.91995856826691
899.949974987494,0.914011444218819
900.450225112556,0.911834048903036
900.950475237619,0.914910147548601
901.450725362681,0.901827680955993
901.950975487744,0.885289127061604
902.451225612806,0.898775708574315
902.951475737869,0.9135892346008
903.451725862931,0.90387841338637
903.951975987994,0.89562723113709
904.452226113057,0.89761764790775
904.952476238119,0.909433485646301
905.452726363182,0.919970631398854
905.952976488244,0.916134555440855
906.453226613307,0.916405975909582
906.953476738369,0.925187935964371
907.453726863432,0.926804395644785
907.953976988494,0.923432750266607
908.454227113557,0.923101014138164
908.954477238619,0.918161161607345
909.454727363682,0.908776044955387
909.954977488744,0.905748198837595
910.455227613807,0.913939065427158
910.955477738869,0.928511328814775
911.455727863932,0.934856536216999
911.955977988995,0.929621136953567
912.456228114057,0.918824633864232
912.95647823912,0.903305414619059
913.456728364182,0.897943352470221
913.956978489245,0.905157105372369
914.457228614307,0.901308966282427
914.95747873937,0.896821481199486
915.457728864432,0.908311614375566
915.957978989495,0.9139089075973
916.458229114557,0.903697466407219
916.95847923962,0.899849327317277
917.458729364682,0.910730272330216
917.958979489745,0.915905355933931
918.459229614807,0.904469506851596
918.95947973987,0.901688954938644
919.459729864932,0.920609977391853
919.959979989995,0.930121756929218
920.460230115058,0.926116797124012
920.96048024012,0.923698139169362
921.460730365183,0.915573619805488
921.960980490245,0.906128187493812
922.461230615308,0.906894196372218
922.96148074037,0.91913827529476
923.461730865433,0.923631791943673
923.961980990495,0.911055976892688
924.462231115558,0.907714489344368
924.96248124062,0.910259810184424
925.462731365683,0.90352255099404
925.962981490745,0.900723904383173
926.463231615808,0.899511559622862
926.96348174087,0.904053328799549
927.463731865933,0.921448365061919
927.963981990996,0.923963528072116
928.464232116058,0.901863870351823
928.964482241121,0.892828584526223
929.464732366183,0.907690363080481
929.964982491246,0.915356483430507
930.465232616308,0.911128355684348
930.965482741371,0.90981950586849
931.465732866433,0.907231964066633
931.965982991496,0.903456203768351
932.466233116558,0.907231964066633
932.966483241621,0.91152643903848
933.466733366683,0.913547013638998
933.966983491746,0.914638727079875
934.467233616808,0.906833880712501
934.967483741871,0.898172551977146
935.467733866933,0.901194366528965
935.967983991996,0.905295831389718
936.468234117059,0.904264433608558
936.968484242121,0.901266745320626
937.468734367184,0.898836024234032
937.968984492246,0.904740927320322
938.469234617309,0.910639798840641
938.969484742371,0.914035570482705
939.469734867434,0.919536358648892
939.969984992496,0.90732846912218
940.470235117559,0.895211053085043
940.970485242621,0.898377625220183
941.470735367684,0.897961447168136
941.970985492746,0.903552708823898
942.471235617809,0.911466123378763
942.971485742871,0.911713417583602
943.471735867934,0.910380441503858
943.971985992996,0.912141658767593
944.472236118059,0.913450508583451
944.972486243122,0.904795211414067
945.472736368184,0.896495776637014
945.972986493247,0.898172551977146
946.473236618309,0.899596001546466
946.973486743372,0.904264433608558
947.473736868434,0.913884781333413
947.973986993497,0.914837768756941
948.474237118559,0.907316405990236
948.974487243622,0.901984501671257
949.474737368684,0.902056880462918
949.974987493747,0.899583938414522
950.475237618809,0.900766125344975
950.975487743872,0.910609641010782
951.475737868935,0.920097294284259
951.975987993997,0.929584947557737
952.47623811906,0.928963696262652
952.976488244122,0.919554453346807
953.476738369185,0.918046561853883
953.976988494247,0.91540473595828
954.47723861931,0.909397296250471
954.977488744372,0.910724240764244
955.477738869435,0.905790419799397
955.977988994497,0.897478921890401
956.47823911956,0.901580386751154
956.978489244622,0.903751750500964
957.478739369685,0.903691434841247
957.978989494747,0.904952032129332
958.47923961981,0.905669788479963
958.979489744872,0.911303271097527
959.479739869935,0.915941545329761
959.979989994997,0.914361275045177
960.48024012006,0.91053123065315
960.980490245123,0.912057216843989
961.480740370185,0.913782244711894
961.980990495248,0.910639798840641
962.48124062031,0.90398698157386
962.981490745373,0.907026890823595
963.481740870435,0.92123726025291
963.981990995498,0.916586922888732
964.48224112056,0.899294423247881
964.982491245623,0.893570467140742
965.482741370685,0.901393408206031
965.982991495748,0.91017536826082
966.48324162081,0.912485458027979
966.983491745873,0.913860655069526
967.483741870935,0.915253946808988
967.983991995998,0.908341772205425
968.484242121061,0.899415054567315
968.984492246123,0.910060768507358
969.484742371186,0.916804059263714
969.984992496248,0.904077455063436
970.485242621311,0.89285271079011
970.985492746373,0.892490816831808
971.485742871436,0.901701018070588
971.985992996498,0.914849831888884
972.486243121561,0.915187599583299
972.986493246623,0.90629707134102
973.486743371686,0.908082414868642
973.986993496748,0.905259641993888
974.487243621811,0.899342675775655
974.987493746873,0.899300454813853
975.487743871936,0.90466251696269
975.987993996999,0.926725985287153
976.488244122061,0.943560085914156
976.988494247124,0.932600730543584
977.488744372186,0.911749606979433
977.988994497249,0.900060432126286
978.489244622311,0.898275088598664
978.989494747374,0.902690194889946
979.489744872436,0.899867422015192
979.989994997499,0.890958799074998
980.490245122561,0.890633094512526
980.990495247624,0.898866182063891
981.490745372686,0.911912459260668
981.990995497749,0.913818434107724
982.491245622811,0.90050073644222
982.991495747874,0.89708687010224
983.491745872936,0.907587826458963
983.991995997999,0.909982358149726
984.492246123061,0.905687883177879
984.992496248124,0.911996901184272
985.492746373187,0.915284104638846
985.992996498249,0.904161896987039
986.493246623312,0.902587658268427
986.993496748374,0.913028298965432
987.493746873437,0.914753326833337
987.993996998499,0.911007724364914
988.494247123562,0.910289968014282
988.994497248624,0.914011444218819
989.494747373687,0.916605017586648
989.994997498749,0.909258570233122
990.495247623812,0.89800969969591
990.995497748874,0.888956319172395
991.495747873937,0.896984333480722
991.995997999,0.916749775169968
992.496248124062,0.922751183311806
992.996498249125,0.918378297982326
993.496748374187,0.909228412403264
993.99699849925,0.904783148282124
994.497248624312,0.91056742004898
994.997498749375,0.91525997837496
995.497748874437,0.915778693048525
995.9979989995,0.914174296500054
996.498249124562,0.911972774920385
996.998499249625,0.90974712707683
997.498749374687,0.914361275045177
997.99899949975,0.920187767773835
998.499249624812,0.915483146315912
998.999499749875,0.906664996865293
999.499749874937,0.901628639278927
1000,0.902274016837899
