0,0.889744443792696
0.500250125062531,0.885385632117151
1.00050025012506,0.883473625704123
1.50075037518759,0.883413310044406
2.00100050025013,0.878165847649031
2.50125062531266,0.864142456764839
3.00150075037519,0.867984564288809
3.50175087543772,0.883328868120803
4.00200100050025,0.88381742496451
4.50225112556278,0.874528813368099
5.00250125062531,0.87346725775708
5.50275137568784,0.880319116700926
6.00300150075037,0.882327628169501
6.50325162581291,0.892285743588771
7.00350175087544,0.901345155678258
7.50375187593797,0.894553612394128
8.0040020010005,0.882997131992359
8.50425212606303,0.879305813617682
9.00450225112556,0.882954911030557
9.50475237618809,0.888980445436281
10.0050025012506,0.900790251608862
10.5052526263132,0.904053328799549
11.0055027513757,0.89480693816494
11.5057528764382,0.885699273547679
12.0060030015007,0.876470977610985
12.5062531265633,0.879251529523936
13.0065032516258,0.891332756165243
13.5067533766883,0.891863533970752
14.0070035017509,0.887538901169046
14.5072536268134,0.892020354686016
15.0075037518759,0.895144705859354
15.5077538769385,0.887273512266292
16.008004002001,0.886845271082301
16.5082541270635,0.896537997598816
17.0085042521261,0.893630782800459
17.5087543771886,0.877749669596984
18.0090045022511,0.869118498691488
18.5092546273137,0.873135521628637
19.0095047523762,0.881193693766822
19.5097548774387,0.889107108321687
20.0100050025013,0.893479993651166
20.5102551275638,0.891736871085346
21.0105052526263,0.890277232120196
21.5107553776888,0.895928809435675
22.0110055027514,0.895808178116241
22.5112556278139,0.890247074290338
23.0115057528764,0.89523517934893
23.511755877939,0.894505359866355
24.0120060030015,0.888473793894659
24.512256128064,0.892804458262336
25.0125062531266,0.891803218311035
25.5127563781891,0.882948879464586
26.0130065032516,0.873171711024467
26.5132566283142,0.874486592406297
27.0135067533767,0.884818664915811
27.5137568784392,0.884342171204047
28.0140070035017,0.887177007210744
28.5142571285643,0.893691098460176
29.0145072536268,0.892919058015799
29.5147573786893,0.893335236067846
30.0150075037519,0.89697830191475
30.5152576288144,0.902768605247578
31.0155077538769,0.899029034345126
31.5157578789395,0.886513534953858
32.016008004002,0.877864269350446
32.5162581290645,0.882689522127803
33.0165082541271,0.895512631383628
33.5167583791896,0.898703329782655
34.0170085042521,0.903528582560011
34.5172586293147,0.907014827691651
35.0175087543772,0.897472890324429
35.5177588794397,0.895078358633666
36.0180090045023,0.904083486629407
36.5182591295648,0.911273113267669
37.0185092546273,0.917045321902581
37.5187593796898,0.91433714878129
38.0190095047524,0.909934105621952
38.5192596298149,0.906598649639605
39.0195097548774,0.899897579845051
39.51975987994,0.901906091313625
40.0200100050025,0.894004739890704
40.520260130065,0.881881292287596
41.0205102551276,0.886224019787217
41.5207603801901,0.890096285141045
42.0210105052526,0.893293015106044
42.5212606303152,0.893660940630317
43.0215107553777,0.895005979842005
43.5217608804402,0.906622775903491
44.0220110055028,0.906918322636104
44.5222611305653,0.901538165789352
45.0225112556278,0.910368378371914
45.5227613806903,0.914536190458356
46.0230115057529,0.904692674792549
46.5232616308154,0.904692674792549
47.0235117558779,0.903456203768351
47.5237618809405,0.893063815599119
48.024012006003,0.895404063196137
48.5242621310655,0.904873621771699
49.0245122561281,0.908414150997085
49.5247623811906,0.910283936448311
50.0250125062531,0.910362346805943
50.5252626313157,0.913088614625149
51.0255127563782,0.923867023016569
51.5257628814407,0.922322942127815
52.0260130065032,0.912799099458508
52.5262631315658,0.911146450382263
53.0265132566283,0.911369618323216
53.5267633816908,0.911333428927386
54.0270135067534,0.908486529788745
54.5272636318159,0.905512967764699
55.0275137568784,0.916285344590148
55.527763881941,0.929753831404944
56.0280140070035,0.925772997863625
56.528264132066,0.921798195888278
57.0285142571286,0.918722097242713
57.5287643821911,0.910784556423961
58.0290145072536,0.91647232313527
58.5292646323162,0.93023635668268
59.0295147573787,0.939392273827714
59.5297648824412,0.938035171484082
60.0300150075037,0.93098427086317
60.5302651325663,0.927015500453794
61.0305152576288,0.930580155943066
61.5307653826913,0.929717642009114
62.0310155077539,0.922027395395202
62.5312656328164,0.929428126842473
63.0315157578789,0.937612961866064
63.5317658829415,0.942806140167694
64.032016008004,0.954441030927095
64.5322661330665,0.959127557687102
65.0325162581291,0.950924627965596
65.5327663831916,0.930387145831972
66.0330165082541,0.921725817096617
66.5332666333167,0.93589396556413
67.0335167583792,0.937347572963309
67.5337668834417,0.922986414384702
68.0340170085043,0.927733256804426
68.5342671335668,0.94009193548043
69.0345172586293,0.943445486160693
69.5347673836918,0.947945034375578
70.0350175087544,0.945791765323683
70.5352676338169,0.944060705889806
71.0355177588794,0.955406081482566
71.535767883942,0.958572653617706
72.0360180090045,0.946509521674315
72.536268134067,0.945291145348032
73.0365182591296,0.9510090698892
73.5367683841921,0.94695585755622
74.0370185092546,0.948988495288682
74.5372686343172,0.955924796156132
75.0375187593797,0.954887366809
75.5377688844422,0.958566622051734
76.0380190095048,0.962740465704148
76.5382691345673,0.958210759659404
77.0385192596298,0.954989903430519
77.5387693846923,0.957830771003187
78.0390195097549,0.956328911076235
78.5392696348174,0.941467132521977
79.0395197598799,0.931177280974264
79.5397698849425,0.935713018584979
80.040020010005,0.944338157924504
80.5402701350675,0.954802924885396
81.0405202601301,0.950574797139238
81.5407703851926,0.938360876046554
82.0410205102551,0.94624413277156
82.5412706353177,0.953234717732755
83.0415207603802,0.951539847694709
83.5417708854427,0.947884718715861
84.0420210105053,0.947372035608267
84.5422711355678,0.954145484194481
85.0425212606303,0.952191256819652
85.5427713856928,0.946075248924353
86.0430215107554,0.940845881226892
86.5432716358179,0.945188608726513
87.0435217608804,0.959344694062083
87.543771885943,0.960955122176526
88.0440220110055,0.959549767305121
88.544272136068,0.959236125874593
89.0445222611306,0.950617018101039
89.5447723861931,0.95599114338182
90.0450225112556,0.976468309855727
90.5452726363182,0.990190122441335
91.0455227613807,0.991378340937759
91.5457728864432,0.974894071137115
92.0460230115058,0.952685845229331
92.5462731365683,0.949706251639313
93.0465232616308,0.957396498253225
93.5467733866933,0.957794581607357
94.0470235117559,0.965792438085826
94.5472736368184,0.974158220088568
95.0475237618809,0.962909349551355
95.5477738869435,0.955924796156132
96.048024012006,0.962475076801393
96.5482741370685,0.962420792707648
97.0485242621311,0.962945538947185
97.5487743871936,0.971431952269361
98.0490245122561,0.965080713301166
98.5492746373187,0.958681221805197
99.0495247623812,0.969592324647994
99.5497748874437,0.974254725144115
100.050025012506,0.977391139449397
100.550275137569,0.979990744383197
101.050525262631,0.974333135501747
101.550775387694,0.979369493088113
102.051025512756,0.983615715532187
102.551275637819,0.978368253136811
103.051525762881,0.985093449195252
103.551775887944,0.993224000125098
104.052026013006,0.9865108671986
104.552276138069,0.980316448945669
105.052526263132,0.978549200115962
105.552776388194,0.977005119227208
106.053026513257,0.986649593215949
106.553276638319,0.999659681016897
107.053526763382,1.00171041344727
107.553776888444,0.994569039336786
108.054027013507,0.985189954250799
108.554277138569,0.979104104185358
109.054527263632,0.975207712567643
109.554777388694,0.976703540928623
110.055027513757,0.991034541677372
110.555277638819,1.00137264575286
111.055527763882,0.988917462021307
111.555777888944,0.975334375453048
112.056028014007,0.98220432909481
112.55627813907,0.995395363874908
113.056528264132,0.994044293097248
113.556778389195,0.978133022063915
114.057028514257,0.973187137967125
114.55727863932,0.978217463987519
115.057528764382,0.975418817376652
115.557778889445,0.9790739463555
116.058029014507,0.983042716764875
116.55827913957,0.975907374220359
117.058529264632,0.980382796171358
117.558779389695,0.99060026892741
118.059029514757,0.981390067688631
118.55927963982,0.965352133769892
119.059529764882,0.973325863984474
119.559779889945,0.998411146860756
120.060030015007,1.01067935204719
120.56028014007,1.00546807904764
121.060530265133,0.987294970774921
121.560780390195,0.97348871626571
122.061030515258,0.979966618119311
122.56128064032,0.988042884955411
123.061530765383,0.987168307889515
123.561780890445,0.984858218122356
124.062031015508,0.980931668674782
124.56228114057,0.978778399622887
125.062531265633,0.982475749563536
125.562781390695,0.992868137732768
126.063031515758,1.00029299544393
126.56328164082,0.994961091124946
127.063531765883,0.986715940441638
127.563781890945,0.984574734521686
128.064032016008,0.984236966827271
128.564282141071,0.983470957948866
129.064532266133,0.990648521455184
129.564782391196,1.00299513699924
130.065032516258,1.00410494513804
130.565282641321,0.997657201114294
131.065532766383,0.991137078298891
131.565782891446,0.987572422809619
132.066033016508,0.99333859987856
132.566283141571,0.997880369055247
133.066533266633,0.995980425774163
133.566783391696,0.998145757958001
134.067033516758,1.00128217226328
134.567283641821,1.001981833916
135.067533766883,1.00079361541958
135.567783891946,0.996782624048398
136.068034017009,0.999677775714812
136.568284142071,1.00779626351271
137.068534267134,1.01244660087689
137.568784392196,1.00794102109604
138.069034517259,0.998598125405879
138.569284642321,0.996921350065747
139.069534767384,1.00111931998205
139.569784892446,1.01043808940832
140.070035017509,1.01675917054665
140.570285142571,1.0118916968075
141.070535267634,1.00451509162411
141.570785392696,0.999647617884954
142.071035517759,1.00165612935353
142.571285642821,1.00420145019358
143.071535767884,1.00520269014489
143.571785892946,1.00605917251287
144.072036018009,0.999201282003048
144.572286143072,0.987662896299194
145.072536268134,0.982228455358697
145.572786393197,0.990841531566278
146.073036518259,0.998477494086445
146.573286643322,1.00037743736753
147.073536768384,1.00687343391905
147.573786893447,1.01192185463735
148.074037018509,1.01043205784235
148.574287143572,1.00868893527653
149.074537268634,1.01098093034577
149.574787393697,1.01652393947376
150.075037518759,1.01833944083124
150.575287643822,1.02394276561894
151.075537768884,1.02885849188588
151.575787893947,1.01117394045686
152.07603801901,1.01204851752276
152.576288144072,1.03627128646509
153.076538269135,1.03291170421886
153.576788394197,1.01079395180065
154.07703851926,1.0031760839784
154.577288644322,1.01121012985269
155.077538769385,1.01368307190109
155.577788894447,1.01508239520652
156.07803901951,1.02856897671923
156.578289144572,1.03183808547589
157.078539269635,1.02149998140041
157.578789394697,1.02118633996988
158.07903951976,1.02089682480324
158.579289644822,1.0090990817626
159.079539769885,1.01034761591874
159.579789894947,1.02625888695207
160.08004002001,1.02244090569199
160.580290145073,1.01022698459931
161.080540270135,1.01862292443191
161.580790395198,1.01718741173064
162.08104052026,0.993163684465381
162.581290645323,0.980425017133159
163.081540770385,0.988851114795618
163.581790895448,1.00272371653052
164.08204102051,1.00984699594309
164.582291145573,1.01624648743906
165.082541270635,1.02259772640726
165.582791395698,1.01852038781039
166.08304152076,1.00669851850587
166.583291645823,1.00802546301964
167.083541770885,1.01893053429646
167.583791895948,1.02066762529631
168.084042021011,1.02110189804627
168.584292146073,1.02014287905678
169.084542271136,1.01645759224807
169.584792396198,1.01564333084189
170.085042521261,1.01808008349446
170.585292646323,1.01814643072014
171.085542771386,1.01186757054361
171.585792896448,1.00578775204414
172.086043021511,1.00565505759276
172.586293146573,1.01177106548806
173.086543271636,1.01412940778299
173.586793396698,1.01110759323118
174.087043521761,1.00828482035642
174.587293646823,1.00639694020728
175.087543771886,1.00396621912069
175.587793896948,1.00690962331488
176.088044022011,1.02253741074754
176.588294147074,1.02786328350055
177.088544272136,1.02020922628246
177.588794397199,1.02036604699773
178.089044522261,1.0251671735112
178.589294647324,1.02981751087538
179.089544772386,1.02812264083733
179.589794897449,1.0184962615465
180.090045022511,1.01628870840086
180.590295147574,1.02224186401493
181.090545272636,1.01224152763385
181.590795397699,0.996951507895606
182.091045522761,1.0029408529055
182.591295647824,1.01252501123452
183.091545772886,1.00372495648182
183.591795897949,0.996475014183842
184.092046023012,1.00850798829737
184.592296148074,1.0190089446541
185.092546273137,1.01987749015402
185.592796398199,1.02104761395253
186.093046523262,1.02564969878893
186.593296648324,1.0293651434275
187.093546773387,1.01961813281724
187.593796898449,1.00620393009619
188.094047023512,1.01604744576199
188.594297148574,1.02674141222981
189.094547273637,1.01744676906743
189.594797398699,1.01458780679684
190.095047523762,1.01575793059535
190.595297648824,1.01533572097733
191.095547773887,1.02718774811172
191.595797898949,1.03738712616985
192.096048024012,1.02977528991357
192.596298149075,1.01470240655031
193.096548274137,1.01028126869305
193.5967983992,1.0174528006334
194.097048524262,1.02075206721992
194.597298649325,1.02727219003532
195.097548774387,1.04656716957877
195.59779889945,1.04173588523545
196.098049024512,1.02280883121627
196.598299149575,1.02970291112191
197.098549274637,1.03661508572548
197.5987993997,1.03248346303486
198.099049524762,1.03130127610441
198.599299649825,1.0316872963266
199.099549774887,1.03232061075363
199.59979989995,1.02982957400732
200.100050025013,1.02729028473323
200.600300150075,1.03181395921201
201.100550275138,1.02934101716361
201.6008004002,1.02438306993488
202.101050525263,1.0281708933651
202.601300650325,1.02431069114322
203.101550775388,1.01904513404993
203.60180090045,1.01994986894568
204.102051025513,1.02146379200458
204.602301150575,1.02321897770234
205.102551275638,1.02350246130301
205.6028014007,1.02446148029251
206.103051525763,1.01830928300138
206.603301650825,1.00890607165151
207.103551775888,1.0188581555048
207.60380190095,1.03771283073232
208.104052026013,1.04175397993336
208.604302151076,1.04113272863828
209.104552276138,1.04245364158608
209.604802401201,1.03790584084342
210.105052526263,1.03615065514566
210.605302651326,1.03081271926071
211.105552776388,1.01607157202588
211.605802901451,1.018815934543
212.106053026513,1.03355105021186
212.606303151576,1.04040894072167
213.106553276638,1.04024608844044
213.606803401701,1.0296425954622
214.107053526763,1.02569191975074
214.607303651826,1.03548718288877
215.107553776888,1.04045116168347
215.607803901951,1.03540274096517
216.108054027014,1.0328393254272
216.608304152076,1.03350279768408
217.108554277139,1.03761029411081
217.608804402201,1.04407613283246
218.109054527264,1.04263458856523
218.609304652326,1.0481595029953
219.109554777389,1.04823188178696
219.609804902451,1.03467895304856
220.110055027514,1.03705539004141
220.610305152576,1.03826773480172
221.110555277639,1.03692269559003
221.610805402701,1.04893757500565
222.111055527764,1.04885916464802
222.611305652826,1.03761632567678
223.111555777889,1.03637985465258
223.611805902951,1.04417866945398
224.112056028014,1.04391328055123
224.612306153077,1.03847883961073
225.112556278139,1.04172985366947
225.612806403202,1.0425561782076
226.113056528264,1.04211587389166
226.613306653327,1.04082511877372
227.113556778389,1.0338405653785
227.613806903452,1.03499259447909
228.114057028514,1.03953436365578
228.614307153577,1.0366090541595
229.114557278639,1.02543256241395
229.614807403702,1.02235646376839
230.115057528764,1.03718808449279
230.615307653827,1.04698334763082
231.115557778889,1.03662714885742
231.615807903952,1.02751345267419
232.116058029015,1.03402754392362
232.616308154077,1.03956452148564
233.11655827914,1.03892517549264
233.616808404202,1.03931119571482
234.117058529265,1.04115082333619
234.617308654327,1.03523385711796
235.11755877939,1.03523385711796
235.617808904452,1.04280347241244
236.118059029515,1.04101812888481
236.618309154577,1.05201970521719
237.11855927964,1.06863063790324
237.618809404702,1.06407077402864
238.119059529765,1.04946232124519
238.619309654827,1.03472117401036
239.11955977989,1.03181999077798
239.619809904952,1.03651858066993
240.120060030015,1.03893723862458
240.620310155078,1.04374439670402
241.12056028014,1.0448361101449
241.620810405203,1.03855121840239
242.121060530265,1.0323266423196
242.621310655328,1.03402754392362
243.12156078039,1.03776711482607
243.621810905453,1.04016164651683
244.122061030515,1.04065020336054
244.622311155578,1.04517990940528
245.12256128064,1.04870234393275
245.622811405703,1.04354535502695
246.123061530765,1.03407579645139
246.623311655828,1.02618047659444
247.12356178089,1.02553509903547
247.623811905953,1.03144000212176
248.124062031016,1.04614495996076
248.624312156078,1.05292444011294
249.124562281141,1.04436564799911
249.624812406203,1.03193459053144
250.125062531266,1.027127432452
250.625312656328,1.03776711482607
251.125562781391,1.04896170126954
251.625812906453,1.04531863542263
252.126063031516,1.04379264923179
252.626313156578,1.04525228819694
253.126563281641,1.03807472469063
253.626813406703,1.0403184672321
254.127063531766,1.04327393455823
254.627313656828,1.04273712518675
255.127563781891,1.04443199522479
255.627813906953,1.04348503936724
256.128064032016,1.04905820632508
256.628314157079,1.04635606476976
257.128564282141,1.0344799113715
257.628814407204,1.03544496192697
258.129064532266,1.04321361889851
258.629314657329,1.0500353200125
259.129564782391,1.04786998782866
259.629814907454,1.040125457121
260.130065032516,1.04495674146433
260.630315157579,1.04517387783931
261.130565282641,1.03350882925005
261.630815407704,1.0336897762292
262.131065532766,1.04374439670402
262.631315657829,1.04277331458258
263.131565782891,1.03776711482607
263.631815907954,1.03992038387797
264.132066033016,1.04224253677707
264.632316158079,1.0403606881939
265.132566283142,1.03429896439235
265.632816408204,1.02835787191022
266.133066533267,1.02335167215372
266.633316658329,1.02585477203197
267.133566783392,1.03672365391297
267.633816908454,1.04661542210655
268.134067033517,1.04759856735993
268.634317158579,1.04347900780127
269.134567283642,1.04545132987401
269.634817408704,1.04017370964878
270.135067533767,1.02646396019511
270.635317658829,1.02989592123301
271.135567783892,1.04320155576657
271.635817908954,1.04586750792606
272.136068034017,1.03830995576352
272.63631815908,1.03055939348989
273.136568284142,1.03210950594462
273.636818409205,1.03633763369078
274.137068534267,1.03823757697186
274.63731865933,1.03955848991966
275.137568784392,1.03648842284007
275.637818909455,1.02970894268788
276.138069034517,1.02940133282333
276.63831915958,1.03808678782257
277.138569284642,1.04581322383231
277.638819409705,1.04394946994706
278.139069534767,1.04650685391906
278.63931965983,1.06308159720928
279.139569784892,1.06206226256006
279.639819909955,1.03563194047209
280.140070035018,1.03390088103821
280.64032016008,1.05447455256767
281.140570285143,1.05185082136998
281.640820410205,1.04288791433604
282.141070535268,1.04786998782866
282.64132066033,1.05878712223743
283.141570785393,1.06022263493869
283.641820910455,1.04671795872807
284.142071035518,1.04166350644379
284.64232116058,1.05136829609224
285.142571285643,1.05753858808129
285.642821410705,1.05539135059536
286.143071535768,1.05241175700535
286.64332166083,1.05218858906439
287.143571785893,1.04511959374557
287.643821910955,1.04027021470432
288.144072036018,1.05306316613029
288.644322161081,1.05668210571331
289.144572286143,1.04349710249918
289.644822411206,1.03919659596136
290.145072536268,1.04867821766887
290.645322661331,1.05437804751212
291.145572786393,1.05071085540133
291.645822911456,1.05002928844653
292.146073036518,1.05120544381101
292.646323161581,1.05226096785606
293.146573286643,1.05877505910549
293.646823411706,1.06504788771605
294.147073536768,1.0562779907932
294.647323661831,1.03490212098951
295.147573786893,1.02419609138975
295.647823911956,1.03234473701752
296.148074037018,1.0468808110093
296.648324162081,1.05022229855762
297.148574287144,1.04375042826999
297.648824412206,1.04906423789106
298.149074537269,1.05728526231048
298.649324662331,1.05676051607094
299.149574787394,1.06309366034122
299.649824912456,1.06167624233787
300.150075037519,1.04590972888786
300.650325162581,1.04759856735993
301.150575287644,1.05667004258136
301.650825412706,1.04729698906135
302.151075537769,1.03534242530545
302.651325662831,1.03970927906896
303.151575787894,1.05648909560221
303.651825912956,1.06243621965031
304.152076038019,1.05040324553677
304.652326163082,1.04003498363143
305.152576288144,1.04242951532219
305.652826413207,1.05858808056036
306.153076538269,1.0668694206395
306.653326663332,1.05721288351882
307.153576788394,1.05539135059536
307.653826913457,1.05621767513349
308.154077038519,1.05142861175196
308.654327163582,1.04969755231808
309.154577288644,1.0504816558944
309.654827413707,1.05265301964422
310.155077538769,1.05141654862002
310.655327663832,1.0471160420822
311.155577788894,1.04829822901265
311.655827913957,1.0548726359218
312.15607803902,1.05138035922419
312.656328164082,1.04995690965487
313.156578289145,1.05409456391145
313.656828414207,1.04686874787736
314.15707853927,1.04827410274876
314.657328664332,1.05374473308509
315.157578789395,1.0513562329603
315.657828914457,1.05393171163021
316.15807903952,1.04882297525219
316.658329164582,1.03738712616985
317.158579289645,1.04241142062428
317.658829414707,1.05654941126193
318.15907953977,1.05878712223743
318.659329664832,1.05149495897765
319.159579789895,1.04456468967617
319.659829914957,1.0449205520685
320.16008004002,1.04866012297095
320.660330165083,1.05449264726558
321.160580290145,1.05849157550482
321.660830415208,1.0451980041032
322.16108054027,1.03692269559003
322.661330665333,1.0478820509606
323.161580790395,1.06797319721232
323.661830915458,1.07361874296183
324.16208104052,1.05528278240787
324.662331165583,1.0512295700749
325.162581290645,1.05850967020273
325.662831415708,1.05788238734168
326.16308154077,1.06300318685164
326.663331665833,1.0639079217474
327.163581790895,1.0469230319711
327.663831915958,1.03690460089212
328.16408204102,1.04223047364512
328.664332166083,1.04461897376992
329.164582291146,1.04416057475607
329.664832416208,1.04352726032904
330.165082541271,1.04405200656858
330.665332666333,1.04654304331489
331.165582791396,1.04358757598876
331.665832916458,1.04790014565852
332.166083041521,1.06223114640727
332.666333166583,1.06314191286899
333.166583291646,1.05608498068211
333.666833416708,1.04945025811324
334.167083541771,1.04202540040209
334.667333666833,1.04251395724579
335.167583791896,1.05339490225873
335.667833916959,1.06926395233026
336.168084042021,1.07049439178849
336.668334167084,1.05338283912679
337.168584292146,1.04627162284616
337.668834417209,1.05374473308509
338.169084542271,1.06410696342447
338.669334667334,1.06645927415343
339.169584792396,1.05999343543177
339.669834917459,1.05766525096669
340.170085042521,1.05929377377905
340.670335167584,1.06185115775105
341.170585292646,1.06213464135172
341.670835417709,1.06025882433452
342.171085542771,1.05442026847392
342.671335667834,1.05605482285225
343.171585792896,1.05928774221308
343.671835917959,1.05075307636313
344.172086043022,1.04843092346403
344.672336168084,1.05381108031078
345.172586293147,1.05715859942507
345.672836418209,1.0512717910367
346.173086543272,1.04472754195741
346.673336668334,1.04927534270007
347.173586793397,1.06124800115388
347.673836918459,1.06618182211873
348.174087043522,1.05349743888025
348.674337168584,1.05054197155412
349.174587293647,1.0607111917824
349.674837418709,1.05893187982075
350.175087543772,1.05936615257071
350.675337668834,1.06410093185849
351.175587793897,1.06104895947682
351.675837918959,1.06657990547286
352.176088044022,1.07924016244745
352.676338169085,1.07556693877069
353.176588294147,1.06521677156326
353.67683841921,1.06349777526132
354.177088544272,1.06398030053906
354.677338669335,1.06602500140346
355.177588794397,1.06950521496913
355.67783891946,1.06608531706318
356.178089044522,1.05537325589745
356.678339169585,1.05092799177631
357.178589294647,1.06004771952551
357.67883941971,1.06259304036557
358.179089544772,1.04755634639813
358.679339669835,1.04402788030469
359.179589794897,1.05191716859567
359.67983991996,1.05005944627639
360.180090045022,1.05262286181436
360.680340170085,1.06008994048732
361.180590295148,1.06235780929267
361.68084042021,1.06957759376079
362.181090545273,1.0773764085622
362.681340670335,1.07795543889548
363.181590795398,1.07337748032296
363.68184092046,1.05911885836587
364.182091045523,1.04502308869002
364.682341170585,1.04430533233939
365.182591295648,1.04448627931854
365.68284142071,1.04019180434669
366.183091545773,1.04139811754103
366.683341670835,1.04552370866567
367.183591795898,1.04823188178696
367.683841920961,1.05591006526893
368.184092046023,1.06583802285834
368.684342171086,1.05645893777236
369.184592296148,1.03814710348229
369.684842421211,1.04315933480477
370.185092546273,1.0541488480052
370.685342671336,1.05218255749842
371.185592796398,1.05151908524154
371.685842921461,1.04781570373492
372.186093046523,1.04549355083581
372.686343171586,1.06250859844197
373.186593296648,1.07958396170784
373.686843421711,1.07532567613182
374.187093546773,1.06551834986184
374.687343671836,1.06552438142781
375.187593796898,1.0591128267999
375.687843921961,1.05569292889395
376.188094047024,1.06472218315358
376.688344172086,1.05858204899439
377.188594297149,1.05038515083886
377.688844422211,1.05808746058471
378.189094547274,1.06442663642096
378.689344672336,1.06425775257376
379.189594797399,1.06337111237592
379.689844922461,1.06429394196959
380.190095047524,1.05763509313684
380.690345172586,1.04552370866567
381.190595297649,1.04792427192241
381.690845422711,1.05371457525523
382.191095547774,1.05253841989075
382.691345672836,1.05791857673751
383.191595797899,1.06290065023013
383.691845922961,1.06106705417473
384.192096048024,1.06730972495544
384.692346173087,1.07228576688208
385.192596298149,1.06740623001098
385.692846423212,1.0681903335873
386.193096548274,1.06501772988619
386.693346673337,1.05601260189045
387.193596798399,1.05785222951182
387.693846923462,1.06012009831717
388.194097048524,1.05877505910549
388.694347173587,1.06316603913288
389.194597298649,1.06541581324032
389.694847423712,1.0613927587372
390.195097548774,1.05540944529328
390.695347673837,1.05092799177631
391.195597798899,1.05302094516849
391.695847923962,1.05600053875851
392.196098049024,1.06206226256006
392.696348174087,1.07288892347925
393.19659829915,1.07525329734016
393.696848424212,1.07625453729146
394.197098549275,1.07329303839936
394.697348674337,1.06423965787584
395.1975987994,1.06161592667815
395.697848924462,1.06472821471955
396.198099049525,1.06791288155261
396.698349174587,1.06798526034427
397.19859929965,1.06617579055276
397.698849424712,1.06826874394494
398.199099549775,1.07629675825326
398.699349674837,1.07321462804173
399.1995997999,1.06152545318858
399.699849924963,1.05429360558852
400.200100050025,1.05407043764756
400.700350175088,1.061434979699
401.20060030015,1.06772590300748
401.700850425213,1.06594659104583
402.201100550275,1.05785826107779
402.701350675338,1.05446248943572
403.2016008004,1.0513984539221
403.701850925463,1.05090386551242
404.202101050525,1.06685132594159
404.702351175588,1.07794940732951
405.20260130065,1.07229179844806
405.702851425713,1.06655577920897
406.203101550775,1.07141722138216
406.703351675838,1.0813813683674
407.2036018009,1.08138739993337
407.703851925963,1.0738177846389
408.204102051026,1.07321462804173
408.704352176088,1.0740288894479
409.204602301151,1.06559676021947
409.704852426213,1.05900425861241
410.205102551276,1.05413678487325
410.705352676338,1.04950454220699
411.205602801401,1.05716463099104
411.705852926463,1.06793097625052
412.206103051526,1.0665075266812
412.706353176588,1.06858841694144
413.206603301651,1.076779283531
413.706853426713,1.07139912668425
414.207103551776,1.05970392026513
414.707353676838,1.05358791236983
415.207603801901,1.05894394295269
415.707853926963,1.07373937428126
416.208104052026,1.07674309413517
416.708354177089,1.06489709856676
417.208604302151,1.05667004258136
417.708854427214,1.05594625466476
418.209104552276,1.06473424628552
418.709354677339,1.07004202434061
419.209604802401,1.06881761644836
419.709854927464,1.07595899055885
420.210105052526,1.07896271041275
420.710355177589,1.07442697280204
421.210605302651,1.07099501176414
421.710855427714,1.07083215948291
422.211105552776,1.06591643321597
422.711355677839,1.0567906739008
423.211605802901,1.05867252248397
423.711855927964,1.06505391928202
424.212106053027,1.06730972495544
424.712356178089,1.06860048007338
425.212606303152,1.06063278142477
425.712856428214,1.04803887167587
426.213106553277,1.05133210669641
426.713356678339,1.06224924110518
427.213606803402,1.06518058216743
427.713856928464,1.06712877797628
428.214107053527,1.06643514788954
428.714357178589,1.06697798882699
429.214607303652,1.07509647662489
429.714857428714,1.08018108673903
430.215107553777,1.0788239843954
430.715357678839,1.07560915973249
431.215607803902,1.07852240609682
431.715857928965,1.06982488796563
432.216108054027,1.05242382013729
432.71635817909,1.05605482285225
433.216608304152,1.06589833851806
433.716858429215,1.05974614122693
434.217108554277,1.04682652691556
434.71735867934,1.04576497130454
435.217608804402,1.06137466403929
435.717858929465,1.07091056984054
436.218109054527,1.07328700683339
436.71835917959,1.08494602385667
437.218609304652,1.07751513457954
437.718859429715,1.05778588228613
438.219109554777,1.05724304134868
438.71935967984,1.06658593703883
439.219609804902,1.07062708623987
439.719859929965,1.06355809092104
440.220110055028,1.06096451755321
440.72036018009,1.07022297131976
441.220610305153,1.0712604006669
441.720860430215,1.06451107834457
442.221110555278,1.06837731213243
442.72136068034,1.07639326330881
443.221610805403,1.07990363470434
443.721860930465,1.07679737822891
444.222111055528,1.07225560905223
444.72236118059,1.07254512421887
445.222611305653,1.07811225961074
445.722861430715,1.08635137872808
446.223111555778,1.07655008402407
446.72336168084,1.06310572347316
447.223611805903,1.05957122581375
447.723861930965,1.0553189718037
448.224112056028,1.05960138364361
448.724362181091,1.0657837387646
449.224612306153,1.07132674789258
449.724862431216,1.08291941769018
450.225112556278,1.08411366775258
450.725362681341,1.07969252989533
451.225612806403,1.08175532545765
451.725862931466,1.08387240511371
452.226113056528,1.07961411953769
452.726363181591,1.06405267933072
453.226613306653,1.05684495799454
453.726863431716,1.05961344677555
454.227113556778,1.0541488480052
454.727363681841,1.04863599670707
455.227613806903,1.0557472129877
455.727863931966,1.07076581225722
456.228114057029,1.07510250819087
456.728364182091,1.0723883035036
457.228614307154,1.06964997255245
457.728864432216,1.07137500042036
458.229114557279,1.08219562977358
458.729364682341,1.08286513359644
459.229614807404,1.07536186552765
459.729864932466,1.06575358093474
460.230115057529,1.05956519424778
460.730365182591,1.07097088550025
461.230615307654,1.07791924949965
461.730865432716,1.06457742557026
462.231115557779,1.05096418117214
462.731365682841,1.05569292889395
463.231615807904,1.06762939795194
463.731865932966,1.06311778660511
464.232116058029,1.05575324455367
464.732366183092,1.06081372840392
465.232616308154,1.05744811459171
465.732866433217,1.04542720361012
466.233116558279,1.0460725811691
466.733366683342,1.05663385318553
467.233616808404,1.06592246478195
467.733866933467,1.06598881200763
468.234117058529,1.0584734808069
468.734367183592,1.06415521595224
469.234617308654,1.0667849787159
469.734867433717,1.0587087118798
470.235117558779,1.06977060387189
470.735367683842,1.08185786207917
471.235617808904,1.08375177379428
471.735867933967,1.08373971066233
472.23611805903,1.08096519031535
472.736368184092,1.07495171904157
473.236618309155,1.0685100065838
473.736868434217,1.0710673905558
474.23711855928,1.06392601644531
474.737368684342,1.0525927039845
475.237618809405,1.05768937723058
475.737868934467,1.06119974862611
476.23811905953,1.06410696342447
476.738369184592,1.07428824678469
477.238619309655,1.06715290424017
477.738869434717,1.04774935650923
478.23911955978,1.05024642482151
478.739369684842,1.06660403173675
479.239619809905,1.07250290325707
479.739869934967,1.06805160756995
480.24012006003,1.06954743593093
480.740370185093,1.07905318390233
481.240620310155,1.07691800954835
481.740870435218,1.06964997255245
482.24112056028,1.06975854073994
482.741370685343,1.06323238635857
483.241620810405,1.05916107932767
483.741870935468,1.06272573481695
484.24212106053,1.06070516021643
484.742371185593,1.0568751158244
485.242621310655,1.06183306305314
485.742871435718,1.07614596910397
486.24312156078,1.07230989314597
486.743371685843,1.06185718931702
487.243621810905,1.06619388525067
487.743871935968,1.06579580189654
488.244122061031,1.05701384184175
488.744372186093,1.04890741717579
489.244622311156,1.04747190447453
489.744872436218,1.05906457427213
490.245122561281,1.07603136935051
490.745372686343,1.08051282286748
491.245622811406,1.07884207909332
491.745872936468,1.08541045443649
492.246123061531,1.08625487367253
492.746373186593,1.07082612791693
493.246623311656,1.06663418956661
493.746873436718,1.07702054616987
494.247123561781,1.08076011707232
494.747373686843,1.07387206873264
495.247623811906,1.06194163124063
495.747873936968,1.06557263395559
496.248124062031,1.07056677058015
496.748374187094,1.06005375109149
497.248624312156,1.06236384085865
497.748874437219,1.07072962286139
498.249124562281,1.07223751435431
498.749374687344,1.07054867588224
499.249624812406,1.06349174369535
499.749874937469,1.06220098857741
500.250125062531,1.06999377181284
500.750375187594,1.07664658907962
501.250625312656,1.06986710892743
501.750875437719,1.0603915187859
502.251125562781,1.05963757303944
502.751375687844,1.06106705417473
503.251625812906,1.05992708820608
503.751875937969,1.06173655799759
504.252126063032,1.07456569881939
504.752376188094,1.08698469315511
505.252626313157,1.08848052151609
505.752876438219,1.08430667786367
506.253126563282,1.07694213581223
506.753376688344,1.0641853737821
507.253626813407,1.05657956909179
507.753876938469,1.06020454024078
508.254127063532,1.06553041299379
508.754377188594,1.07218926182654
509.254627313657,1.07025916071559
509.754877438719,1.05688114739037
510.255127563782,1.05045752963052
510.755377688844,1.05058419251592
511.255627813907,1.05330442876916
511.755877938969,1.06634467439996
512.256128064032,1.07991569783628
512.756378189095,1.07688785171849
513.256628314157,1.07656214715602
513.75687843922,1.07981316121476
514.257128564282,1.06417934221613
514.757378689345,1.05286412445322
515.257628814407,1.06177877895939
515.75787893947,1.06888999524002
516.258129064532,1.06402252150086
516.758379189595,1.05932393160891
517.258629314657,1.05477009930028
517.75887943972,1.05416694270311
518.259129564782,1.05920330028948
518.759379689845,1.06081372840392
519.259629814907,1.06030104529633
519.75987993997,1.05818396564026
520.260130065033,1.06391395331337
520.760380190095,1.07371524801738
521.260630315158,1.07043407612877
521.76088044022,1.06293683962596
522.261130565283,1.06545803420213
522.761380690345,1.06675482088604
523.261630815408,1.0645050467786
523.76188094047,1.06636276909788
524.262131065533,1.06631451657011
524.762381190595,1.06800938660815
525.262631315658,1.07544027588528
525.76288144072,1.07336541719102
526.263131565783,1.06151339005664
526.763381690845,1.06212257821978
527.263631815908,1.07112770621552
527.76388194097,1.07571772791998
528.264132066033,1.08089281152369
528.764382191096,1.07565138069429
529.264632316158,1.06019247710883
529.764882441221,1.05624783296335
530.265132566283,1.06479456194524
530.765382691346,1.07556090720472
531.265632816408,1.0900125392729
531.765882941471,1.09577871634184
532.266133066533,1.08098328501327
532.766383191596,1.07051851805238
533.266633316658,1.0751386975867
533.766883441721,1.08326321695057
534.267133566783,1.08706310351274
534.767383691846,1.08902939401951
535.267633816908,1.09115853680752
535.767883941971,1.08503046578028
536.268134067034,1.07495171904157
536.768384192096,1.0739444475243
537.268634317159,1.08090487465564
537.768884442221,1.08292544925616
538.269134567284,1.07490949807977
538.769384692346,1.06738813531307
539.269634817409,1.07423396269094
539.769884942471,1.07649579993033
540.270135067534,1.06585008599029
540.770385192596,1.06420950004598
541.270635317659,1.06377522729602
541.770885442721,1.06638086379579
542.271135567784,1.07756941867329
542.771385692846,1.07474664579854
543.271635817909,1.06625420091039
543.771885942971,1.07699641990598
544.272136068034,1.08902939401951
544.772386193097,1.08582060092257
545.272636318159,1.07237020880569
545.772886443222,1.06521677156326
546.273136568284,1.07525329734016
546.773386693347,1.07858272175653
547.273636818409,1.07208672520502
547.773886943472,1.06529518192089
548.274137068534,1.063992363671
548.774387193597,1.06907094221917
549.274637318659,1.07288892347925
549.774887443722,1.07676118883308
550.275137568784,1.07570566478804
550.775387693847,1.07360064826391
551.275637818909,1.06787669215678
551.775887943972,1.0609464228553
552.276138069035,1.06704433605268
552.776388194097,1.06797319721232
553.27663831916,1.06285842926832
553.776888444222,1.063992363671
554.277138569285,1.07192387292378
554.777388694347,1.08529585468303
555.27763881941,1.0803379074543
555.777888944472,1.06887793210808
556.278139069535,1.07028931854545
556.778389194597,1.07137500042036
557.27863931966,1.07228576688208
557.778889444722,1.06737607218112
558.279139569785,1.05708018906744
558.779389694847,1.06106102260876
559.27963981991,1.07816654370449
559.779889944973,1.08178548328751
560.280140070035,1.06833509117062
560.780390195098,1.06246034591419
561.28064032016,1.05948678389015
561.780890445223,1.05162162186306
562.281140570285,1.05812364998054
562.781390695348,1.06688751533742
563.28164082041,1.06499963518828
563.781890945473,1.06859444850741
564.282141070535,1.06761130325402
564.782391195598,1.06300318685164
565.28264132066,1.06539771854241
565.782891445723,1.06746051410473
566.283141570785,1.07431237304857
566.783391695848,1.07769004999272
567.28364182091,1.07934873063494
567.783891945973,1.08177945172153
568.284142071035,1.07081406478499
568.784392196098,1.06654371607703
569.284642321161,1.06615166428887
569.784892446223,1.06455933087234
570.285142571286,1.07095279080234
570.785392696348,1.07305177576049
571.285642821411,1.08086265369384
571.785892946473,1.08667105172458
572.286143071536,1.0759469274269
572.786393196598,1.07153785270159
573.286643321661,1.07283463938551
573.786893446723,1.06540375010838
574.287143571786,1.06373903790019
574.787393696848,1.06952330966705
575.287643821911,1.07359461669794
575.787893946973,1.07291908130911
576.288144072036,1.06964394098648
576.788394197099,1.07261750301053
577.288644322161,1.07832336441975
577.788894447224,1.07635104234701
578.289144572286,1.07890842631901
578.789394697349,1.08556727515176
579.289644822411,1.07397460535416
579.789894947474,1.06294287119193
580.290145072536,1.06036136095604
580.790395197599,1.06227939893504
581.290645322661,1.08062742262094
581.790895447724,1.0920994610991
582.291145572786,1.08528982311706
582.791395697849,1.06975250917397
583.291645822912,1.0511210018874
583.791895947974,1.05358188080386
584.292146073037,1.07448728846175
584.792396198099,1.07756941867329
585.292646323162,1.07969252989533
585.792896448224,1.09056744334229
586.293146573287,1.07299146010077
586.793396698349,1.04876265959247
587.293646823412,1.05042134023469
587.793896948474,1.06063278142477
588.294147073537,1.06556057082364
588.794397198599,1.0690649106532
589.294647323662,1.0700661506045
589.794897448724,1.07153785270159
590.295147573787,1.08336575357209
590.795397698849,1.08732849241549
591.295647823912,1.0790169945065
591.795897948974,1.07995188723211
592.296148074037,1.07838971164544
592.7963981991,1.08117026355839
593.296648324162,1.08766626010991
593.796898449225,1.08010870794737
594.297148574287,1.07921603618356
594.79739869935,1.08117629512436
595.297648824412,1.07656817872199
595.797898949475,1.08395081547134
596.298149074537,1.08870972102301
596.7983991996,1.07539202335751
597.298649324662,1.06454123617443
597.798899449725,1.06260510349751
598.299149574787,1.07131468476064
598.79939969985,1.08066361201677
599.299649824912,1.07838971164544
599.799899949975,1.07670690473934
600.300150075038,1.08114010572853
600.8004002001,1.08203277749234
601.300650325163,1.07770211312467
601.800900450225,1.08130898957574
602.301150575288,1.0867735883461
602.80140070035,1.07391428969444
603.301650825413,1.05730335700839
603.801900950475,1.06097054911918
604.302151075538,1.06536756071255
604.8024012006,1.06211051508783
605.302651325663,1.06572945467085
605.802901450725,1.07268988180219
606.303151575788,1.07423396269094
606.80340170085,1.07068740189959
607.303651825913,1.0779071863677
607.803901950976,1.08340797453389
608.304152076038,1.07870938464194
608.804402201101,1.08291338612421
609.304652326163,1.08030774962444
609.804902451226,1.07606755874634
610.305152576288,1.08450571954074
610.805402701351,1.08610408452324
611.305652826413,1.08231626109301
611.805902951476,1.08279878637075
612.306153076538,1.07671896787128
612.806403201601,1.05811761841457
613.306653326663,1.06024072963661
613.806903451726,1.0791436573919
614.307153576788,1.07630278981923
614.807403701851,1.06490313013273
615.307653826913,1.06182703148716
615.807903951976,1.06423965787584
616.308154077038,1.06242415651836
616.808404202101,1.06093435972335
617.308654327164,1.06005375109149
617.808904452226,1.06199591533437
618.309154577289,1.08141755776323
618.809404702351,1.08998841300901
619.309654827414,1.08212928254789
619.809904952476,1.07933063593703
620.310155077539,1.07325081743756
620.810405202601,1.06332889141412
621.310655327664,1.05944456292834
621.810905452726,1.0655485076917
622.311155577789,1.07097088550025
622.811405702851,1.06606119079929
623.311655827914,1.06671259992424
623.811905952977,1.07685769388863
624.312156078039,1.08281688106867
624.812406203102,1.08427048846784
625.312656328164,1.08005442385363
625.812906453227,1.07529551830196
626.313156578289,1.07514472915267
626.813406703352,1.07372731114932
627.313656828414,1.07025916071559
627.813906953477,1.06633261126802
628.314157078539,1.06361237501479
628.814407203602,1.0633107967162
629.314657328664,1.06667641052841
629.814907453727,1.07459585664924
630.315157578789,1.08489173976293
630.815407703852,1.08447556171088
631.315657828914,1.07977094025296
631.815907953977,1.08522347589137
632.316158079039,1.0770989565275
632.816408204102,1.0606689708206
633.316658329165,1.06150132692469
633.816908454227,1.06516851903548
634.31715857929,1.07474664579854
634.817408704352,1.07600724308662
635.317658829415,1.06101880164696
635.817908954477,1.0652288346952
636.31815907954,1.0762243794616
636.818409204602,1.07039185516697
637.318659329665,1.05924552125128
637.818909454727,1.05744811459171
638.31915957979,1.06921569980249
638.819409704852,1.08360701621096
639.319659829915,1.08396287860329
639.819909954977,1.07510250819087
640.32016008004,1.06725544086169
640.820410205103,1.06720115676795
641.320660330165,1.0722616406182
641.820910455228,1.07588661176719
642.32116058029,1.07774433408647
642.821410705353,1.07555487563874
643.321660830415,1.07517488698253
643.821910955478,1.07542821275334
644.32216108054,1.07952364604812
644.822411205603,1.08571806430105
645.322661330665,1.08293148082213
645.822911455728,1.07995791879808
646.32316158079,1.07791321793368
646.823411705853,1.06476440411538
647.323661830916,1.04865409140498
647.823911955978,1.04726079966552
648.324162081041,1.05662179005359
648.824412206103,1.06227939893504
649.324662331166,1.06299715528567
649.824912456228,1.07073565442736
650.325162581291,1.07255718735081
650.825412706353,1.06068103395254
651.325662831416,1.06224320953921
651.825912956478,1.06638689536177
652.326163081541,1.05759890374101
652.826413206603,1.05928774221308
653.326663331666,1.07144737921202
653.826913456728,1.07512663445475
654.327163581791,1.0760977165762
654.827413706853,1.07405301571179
655.327663831916,1.06687545220547
655.827913956978,1.06797319721232
656.328164082041,1.08367939500262
656.828414207104,1.09781738564027
657.328664332166,1.08198452496457
657.828914457229,1.06491519326467
658.329164582291,1.07249084012512
658.829414707354,1.07331716466324
659.329664832416,1.07249687169109
659.829914957479,1.08694850375928
660.330165082541,1.08956620339099
660.830415207604,1.07648373679838
661.330665332666,1.07777449191633
661.830915457729,1.08295560708601
662.331165582791,1.07451141472564
662.831415707854,1.0710673905558
663.331665832916,1.07771417625661
663.831915957979,1.08135121053754
664.332166083042,1.07894461571484
664.832416208104,1.07524726577419
665.332666333167,1.07468633013882
665.832916458229,1.08054901226331
666.333166583292,1.07985538217656
666.833416708354,1.06865476416712
667.333666833417,1.06840746996228
667.833916958479,1.07132071632661
668.334167083542,1.0680636707019
668.834417208604,1.06533740288269
669.334667333667,1.06263526132737
669.834917458729,1.0674243247089
670.335167583792,1.07429427835066
670.835417708854,1.0759047064651
671.335667833917,1.07203244111127
671.83591795898,1.06635673753191
672.336168084042,1.06847984875394
672.836418209105,1.06629642187219
673.336668334167,1.06788875528872
673.83691845923,1.07799162829131
674.337168584292,1.07597708525676
674.837418709355,1.07448728846175
675.337668834417,1.07564534912832
675.83791895948,1.07197212545156
676.338169084542,1.07277432372579
676.838419209605,1.080615359489
677.338669334667,1.09158677799151
677.83891945973,1.09427685641489
678.339169584792,1.08331750104432
678.839419709855,1.07360667982989
679.339669834917,1.06971028821217
679.83991995998,1.07436062557635
680.340170085042,1.08509681300597
680.840420210105,1.08475904531155
681.340670335168,1.07729196663859
681.84092046023,1.07521710794433
682.341170585293,1.08037409685013
682.841420710355,1.07273210276399
683.341670835418,1.05850967020273
683.84192096048,1.062713671685
684.342171085543,1.07480696145825
684.842421210605,1.07617009536786
685.342671335668,1.06653165294509
685.84292146073,1.06494535109453
686.343171585793,1.07256925048275
686.843421710855,1.07533773926376
687.343671835918,1.07003599277464
687.843921960981,1.05937218413668
688.344172086043,1.05937821570266
688.844422211106,1.07249687169109
689.344672336168,1.07949348821826
689.844922461231,1.07826304876003
690.345172586293,1.0752231395103
690.845422711356,1.06808176539981
691.345672836418,1.06496947735842
691.845922961481,1.07594089586093
692.346173086543,1.08235848205482
692.846423211606,1.07555487563874
693.346673336668,1.07183943100018
693.846923461731,1.06912522631292
694.347173586793,1.06730972495544
694.847423711856,1.07499394000338
695.347673836918,1.08389049981163
695.847923961981,1.08454190893657
696.348174087044,1.07961411953769
696.848424212106,1.08399303643315
697.348674337169,1.09278102805391
697.848924462231,1.08539839130455
698.349174587294,1.06752082976444
698.849424712356,1.05894997451867
699.349674837419,1.06609134862915
699.849924962481,1.07919794148565
700.350175087544,1.08736468181132
700.850425212606,1.09121885246724
701.350675337669,1.09182804063038
701.850925462731,1.08438508822131
702.351175587794,1.07752719771149
702.851425712856,1.07323272273964
703.351675837919,1.06609738019512
703.851925962981,1.06525899252506
704.352176088044,1.06922776293443
704.852426213107,1.0698309195316
705.352676338169,1.06232765146282
705.852926463232,1.05236953604355
706.353176588294,1.06285239770235
706.853426713357,1.08135724210351
707.353676838419,1.07348001694448
707.853926963482,1.06436632076125
708.354177088544,1.06692370473325
708.854427213607,1.05861823839022
709.354677338669,1.05929980534502
709.854927463732,1.07113976934746
710.355177588794,1.07712308279138
710.855427713857,1.07964427736755
711.355677838919,1.07509647662489
711.855927963982,1.05625989609529
712.356178089045,1.04719445243983
712.856428214107,1.06527708722297
713.35667833917,1.06963187785454
713.856928464232,1.05977629905679
714.357178589295,1.0639079217474
714.857428714357,1.06469202532372
715.35767883942,1.06427584727167
715.857928964482,1.0764596105345
716.358179089545,1.08738277650924
716.858429214607,1.08560346454759
717.35867933967,1.07565741226026
717.858929464732,1.0733051015313
718.359179589795,1.08048266503762
718.859429714857,1.07360064826391
719.35967983992,1.06709258858045
719.859929964982,1.07351620634031
720.360180090045,1.06922173136846
720.860430215107,1.05518024578636
721.36068034017,1.04932962679381
721.860930465233,1.06043977131367
722.361180590295,1.07387810029861
722.861430715358,1.07470442483673
723.36168084042,1.07469839327076
723.861930965483,1.0822981663951
724.362181090545,1.08057917009317
724.862431215608,1.08096519031535
725.36268134067,1.08600757946769
725.862931465733,1.07807607021491
726.363181590795,1.07127849536481
726.863431715858,1.07384191090278
727.36368184092,1.0761821584998
727.863931965983,1.07072359129542
728.364182091046,1.0681481126255
728.864432216108,1.06815414419147
729.364682341171,1.06672466305618
729.864932466233,1.06664625269855
730.365182591296,1.06328063888634
730.865432716358,1.06799129191024
731.365682841421,1.07802178612117
731.865932966483,1.07601327465259
732.366183091546,1.07339557502088
732.866433216608,1.07169467341686
733.366683341671,1.06297302902179
733.866933466733,1.06836524900048
734.367183591796,1.08088677995772
734.867433716858,1.07836558538155
735.367683841921,1.07043407612877
735.867933966984,1.06899253186154
736.368184092046,1.07597708525676
736.868434217109,1.07611581127411
737.368684342171,1.07575994888178
737.868934467234,1.0874129343391
738.369184592296,1.09246738662338
738.869434717359,1.08297370178393
739.369684842421,1.06889602680599
739.869934967484,1.06948712027122
740.370185092546,1.0803801284161
740.870435217609,1.08930684605421
741.370685342671,1.09159280955748
741.870935467734,1.08392668920746
742.371185592796,1.07457776195133
742.871435717859,1.06930014172609
743.371685842921,1.07924619401342
743.871935967984,1.08649010474543
744.372186093046,1.07859478488848
744.872436218109,1.08007251855154
745.372686343172,1.08327528008251
745.872936468234,1.0888605101723
746.373186593297,1.09478953952248
746.873436718359,1.0890535202834
747.373686843422,1.0894998561653
747.873936968484,1.09004269710276
748.374187093547,1.08793164901266
748.874437218609,1.0743063414826
749.374687343672,1.0596255099075
749.874937468734,1.07581423297553
750.375187593797,1.07996395036405
750.875437718859,1.05846744924093
751.375687843922,1.04773729337728
751.875937968985,1.05062038191175
752.376188094047,1.06282827143847
752.87643821911,1.07817860683643
753.376688344172,1.07876366873569
753.876938469235,1.07031947637531
754.377188594297,1.07507838192698
754.87743871936,1.08234641892287
755.377688844422,1.08272037601312
755.877938969485,1.06861857477129
756.378189094547,1.05697162087995
756.87843921961,1.07008424530242
757.378689344672,1.07871541620791
757.878939469735,1.07580216984358
758.379189594797,1.07414952076734
758.87943971986,1.0635882487509
759.379689844922,1.05569292889395
759.879939969985,1.06673069462215
760.380190095048,1.07705070399972
760.88044022011,1.08456603520046
761.380690345173,1.08708722977663
761.880940470235,1.06617579055276
762.381190595298,1.05458915232113
762.88144072036,1.0762243794616
763.381690845423,1.08779292299531
763.881940970485,1.07704467243375
764.382191095548,1.06577167563265
764.88244122061,1.06215876761561
765.382691345673,1.06892618463585
765.882941470735,1.07281051312162
766.383191595798,1.07223751435431
766.88344172086,1.06497550892439
767.383691845923,1.06163402137607
767.883941970985,1.07436665714232
768.384192096048,1.07802781768714
768.884442221111,1.07110357995163
769.384692346173,1.06709258858045
769.884942471236,1.06201401003229
770.385192596298,1.06004168795954
770.885442721361,1.05924552125128
771.385692846423,1.0552345298801
771.885942971486,1.06170036860176
772.386193096548,1.07169467341686
772.886443221611,1.07904112077038
773.386693346673,1.0870932613426
773.886943471736,1.08509078143999
774.387193596798,1.0767370625692
774.887443721861,1.07026519228157
775.387693846923,1.07703260930181
775.887943971986,1.08316068032905
776.388194097049,1.06232765146282
776.888444222111,1.04805696637378
777.388694347174,1.06147720066081
777.888944472236,1.08330543791237
778.389194597299,1.09556761153283
778.889444722361,1.08698469315511
779.389694847424,1.07810622804477
779.889944972486,1.08368542656859
780.390195097549,1.08835385863068
780.890445222611,1.0848977713289
781.390695347674,1.07765989216287
781.890945472736,1.0732628805695
782.391195597799,1.0732628805695
782.891445722861,1.06963790942051
783.391695847924,1.06773796613943
783.891945972986,1.07100707489609
784.392196098049,1.07748497674969
784.892446223112,1.08373971066233
785.392696348174,1.08853480560983
785.892946473237,1.08603170573158
786.393196598299,1.07476474049645
786.893446723362,1.07632691608312
787.393696848424,1.08470476121781
787.893946973487,1.0891801831688
788.394197098549,1.09758818613335
788.894447223612,1.10016969636923
789.394697348674,1.08715960856829
789.894947473737,1.07596502212482
790.395197598799,1.07347398537851
790.895447723862,1.07169467341686
791.395697848924,1.07218323026057
791.895947973987,1.07042201299683
792.39619809905,1.07304574419452
792.896448224112,1.08167088353404
793.396698349175,1.08334765887417
793.896948474237,1.07284067095148
794.3971985993,1.06255081940377
794.897448724362,1.06072928648032
795.397698849425,1.06129022211568
795.897948974487,1.07371524801738
796.39819909955,1.08505459204416
796.898449224612,1.07814844900657
797.398699349675,1.06249050374405
797.898949474737,1.05807539745277
798.3991995998,1.07476474049645
798.899449724862,1.07875160560374
799.399699849925,1.06571739153891
799.899949974988,1.06492725639662
800.40020010005,1.0684255646602
800.900450225113,1.0752653604721
801.400700350175,1.08604376886352
801.900950475238,1.08642375751974
802.4012006003,1.0854948963601
802.901450725363,1.08774467046754
803.401700850425,1.08758784975228
803.901950975488,1.0887338472869
804.40220110055,1.08028362336055
804.902451225613,1.06160386354621
805.402701350675,1.06212860978575
805.902951475738,1.0733051015313
806.4032016008,1.06625420091039
806.903451725863,1.05924552125128
807.403701850925,1.06588627538612
807.903951975988,1.07233401940986
808.40420210105,1.07762973433301
808.904452226113,1.07835955381558
809.404702351176,1.07303971262855
809.904952476238,1.06645927415343
810.405202601301,1.06460155183414
810.905452726363,1.07506028722906
811.405702851426,1.08117629512436
811.905952976488,1.07846812200307
812.406203101551,1.07448125689578
812.906453226613,1.06740623001098
813.406703351676,1.06456536243831
813.906953476738,1.0685100065838
814.407203601801,1.07898080511067
814.907453726863,1.0828952914263
815.407703851926,1.07663452594768
815.907953976988,1.07946936195437
816.408204102051,1.0826178393916
816.908454227114,1.06966806725037
817.408704352176,1.05919123715753
817.908954477239,1.0622673358031
818.409204602301,1.06136260090734
818.909454727364,1.06305747094539
819.409704852426,1.07449332002773
819.909954977489,1.07777449191633
820.410205102551,1.07503616096518
820.910455227614,1.07143531608008
821.410705352676,1.06305747094539
821.910955477739,1.05860617525828
822.411205602801,1.06178481052536
822.911455727864,1.06984901422952
823.411705852927,1.0832149644228
823.911955977989,1.0827022813152
824.412206103052,1.06724337772975
824.912456228114,1.06727353555961
825.412706353177,1.07274416589593
825.912956478239,1.07296733383689
826.413206603302,1.07913762582593
826.913456728364,1.08205087219026
827.413706853427,1.07793131263159
827.913956978489,1.06922173136846
828.414207103552,1.0653132766188
828.914457228614,1.07376350054515
829.414707353677,1.07670087317337
829.914957478739,1.07963221423561
830.415207603802,1.09200898760953
830.915457728864,1.08991000265138
831.415707853927,1.07374540584723
831.915957978989,1.06730972495544
832.416208104052,1.07461395134716
832.916458229115,1.08115216886048
833.416708354177,1.08395081547134
833.91695847924,1.08139343149934
834.417208604302,1.06308159720928
834.917458729365,1.0493537530577
835.417708854427,1.06241812495239
835.91795897949,1.08013886577723
836.418209104552,1.08646597848154
836.918459229615,1.0832994063464
837.418709354677,1.07529551830196
837.91895947974,1.07422793112497
838.419209604802,1.06901665812543
838.919459729865,1.06164005294204
839.419709854927,1.0691493525768
839.91995997999,1.07921603618356
840.420210105053,1.07980712964879
840.920460230115,1.07445713063189
841.420710355178,1.07120611657315
841.92096048024,1.07215307243071
842.421210605303,1.06806970226787
842.921460730365,1.06121181175805
843.421710855428,1.06525899252506
843.92196098049,1.07255718735081
844.422211105553,1.07400476318402
844.922461230615,1.07702054616987
845.422711355678,1.08141755776323
845.92296148074,1.07662849438171
846.423211605803,1.06645927415343
846.923461730865,1.0681903335873
847.423711855928,1.07363683765974
847.92396198099,1.07219529339251
848.424212106053,1.06882364801433
848.924462231116,1.06469202532372
849.424712356178,1.06788272372275
849.924962481241,1.07819670153435
850.425212606303,1.07670087317337
850.925462731366,1.0683833436984
851.425712856428,1.06831699647271
851.925962981491,1.07479489832631
852.426213106553,1.08746118686687
852.926463231616,1.09086299007491
853.426713356678,1.08338987983598
853.926963481741,1.08331750104432
854.427213606803,1.09103187392211
854.927463731866,1.09991033903245
855.427713856928,1.09807071141108
855.927963981991,1.08126676861394
856.428214107054,1.06668847366035
856.928464232116,1.06140482186915
857.428714357179,1.05967979400124
857.928964482241,1.0632685757544
858.429214607304,1.06642911632357
858.929464732366,1.06389585861546
859.429714857429,1.0597943937547
859.929964982491,1.05606688598419
860.430215107554,1.05472184677251
860.930465232616,1.05424535306074
861.430715357679,1.05927567908114
861.930965482741,1.06708052544851
862.431215607804,1.07215307243071
862.931465732866,1.08132105270768
863.431715857929,1.08275656540895
863.931965982992,1.07100707489609
864.432216108054,1.05856998586245
864.932466233117,1.05346124948442
865.432716358179,1.06474027785149
865.932966483242,1.08144771559309
866.433216608304,1.08173723075973
866.933466733367,1.06740623001098
867.433716858429,1.05703796810564
867.933966983492,1.06080769683795
868.434217108554,1.07078390695513
868.934467233617,1.07368509018752
869.434717358679,1.06288255553221
869.934967483742,1.05876902753951
870.435217608804,1.07489140338186
870.935467733867,1.0873707133773
871.435717858929,1.08113407416256
871.935967983992,1.06917347884069
872.436218109054,1.06551834986184
872.936468234117,1.07066930720167
873.43671835918,1.07522917107627
873.936968484242,1.07962015110367
874.437218609305,1.08711738760648
874.937468734367,1.07975887712102
875.43771885943,1.06320826009468
875.937968984492,1.05512596169261
876.438219109555,1.05946868919223
876.938469234617,1.06662212643466
877.43871935968,1.06963790942051
877.938969484742,1.07389016343056
878.439219609805,1.06430600510153
878.939469734867,1.05741192519588
879.43971985993,1.0730698704584
879.939969984992,1.08065154888483
880.440220110055,1.07389016343056
880.940470235118,1.07171879968075
881.44072036018,1.07255718735081
881.940970485243,1.08404128896092
882.441220610305,1.0965326620883
882.941470735368,1.08798593310641
883.44172086043,1.07185752569809
883.941970985493,1.07001789807673
884.442221110555,1.07864906898222
884.942471235618,1.07763576589898
885.44272136068,1.07601930621856
885.942971485743,1.07489743494783
886.443221610805,1.06095245442127
886.943471735868,1.05296062950877
887.443721860931,1.06192956810868
887.943971985993,1.07072962286139
888.444222111056,1.07821479623226
888.944472236118,1.08551902262399
889.444722361181,1.08211118784998
889.944972486243,1.08735865024535
890.445222611306,1.09838435284161
890.945472736368,1.09135154691861
891.445722861431,1.07826908032601
891.945972986493,1.06984298266355
892.446223111556,1.0707054965975
892.946473236618,1.07686975702057
893.446723361681,1.0767370625692
893.946973486743,1.07341366971879
894.447223611806,1.07291908130911
894.947473736868,1.07566344382623
895.447723861931,1.07682753605877
895.947973986993,1.07176705220852
896.448224112056,1.07395651065624
896.948474237119,1.07875763716971
897.448724362181,1.06538565541046
897.948974487244,1.05600657032448
898.449224612306,1.06441457328902
898.949474737369,1.0704702655246
899.449724862431,1.07378159524306
899.949974987494,1.08387843667968
900.450225112556,1.0809350324855
900.950475237619,1.07111564308358
901.450725362681,1.08016902360709
901.950975487744,1.09249754445324
902.451225612806,1.09343243717885
902.951475737869,1.08985571855763
903.451725862931,1.09086902164088
903.951975987994,1.085941232242
904.452226113057,1.07823289093018
904.952476238119,1.07928841497522
905.452726363182,1.075500591545
905.952976488244,1.06790684998663
906.453226613307,1.06548819203198
906.953476738369,1.06632054813608
907.453726863432,1.06879952175044
907.953976988494,1.06975854073994
908.454227113557,1.06713480954226
908.954477238619,1.07156197896548
909.454727363682,1.07819670153435
909.954977488744,1.06434219449736
910.455227613807,1.04985437303335
910.955477738869,1.05497517254332
911.455727863932,1.05846744924093
911.955977988995,1.05483041496
912.456228114057,1.05735764110214
912.95647823912,1.06208638882395
913.456728364182,1.06217083074755
913.956978489245,1.06257494566765
914.457228614307,1.06272573481695
914.95747873937,1.06706846231657
915.457728864432,1.069746477608
915.957978989495,1.06791288155261
916.458229114557,1.07350414320837
916.95847923962,1.08028362336055
917.458729364682,1.08978333976597
917.958979489745,1.09604410524459
918.459229614807,1.08699675628705
918.95947973987,1.06477646724732
919.459729864932,1.04905820632508
919.959979989995,1.05904647957421
920.460230115058,1.07230989314597
920.96048024012,1.07827511189198
921.460730365183,1.08253942903397
921.960980490245,1.07977697181893
922.461230615308,1.08007251855154
922.96148074037,1.08623677897462
923.461730865433,1.08936113014796
923.961980990495,1.0886916263251
924.462231115558,1.0773764085622
924.96248124062,1.07645357896853
925.462731365683,1.09279912275182
925.962981490745,1.08899923618965
926.463231615808,1.0803801284161
926.96348174087,1.08627899993642
927.463731865933,1.08159850474238
927.963981990996,1.0729854285348
928.464232116058,1.08566981177328
928.964482241121,1.09330577429344
929.464732366183,1.0749879084374
929.964982491246,1.07092263297248
930.465232616308,1.08556727515176
930.965482741371,1.09030808600551
931.465732866433,1.08668311485652
931.965982991496,1.07832336441975
932.466233116558,1.06960775159065
932.966483241621,1.07291304974314
933.466733366683,1.07785290227396
933.966983491746,1.07651389462824
934.467233616808,1.0849822132525
934.967483741871,1.08255149216591
935.467733866933,1.06469805688969
935.967983991996,1.06571135997294
936.468234117059,1.07996998193002
936.968484242121,1.08611011608921
937.468734367184,1.07583835923941
937.968984492246,1.06086801249766
938.469234617309,1.06174258956356
938.969484742371,1.06692370473325
939.469734867434,1.06281017674055
939.969984992496,1.058666490918
940.470235117559,1.05873886970966
940.970485242621,1.06048802384145
941.470735367684,1.06723734616378
941.970985492746,1.08007251855154
942.471235617809,1.08678565147804
942.971485742871,1.0822559454333
943.471735867934,1.07299749166674
943.971985992996,1.07069946503153
944.472236118059,1.07597708525676
944.972486243122,1.07554884407277
945.472736368184,1.0782268593642
945.972986493247,1.08343210079778
946.473236618309,1.07781068131216
946.973486743372,1.06707449388254
947.473736868434,1.06201401003229
947.973986993497,1.06566310744516
948.474237118559,1.06831699647271
948.974487243622,1.07407714197568
949.474737368684,1.08463238242615
949.974987493747,1.08439111978728
950.475237618809,1.07879985813152
950.975487743872,1.08227404013121
951.475737868935,1.08315464876308
951.975987993997,1.07281051312162
952.47623811906,1.07504822409712
952.976488244122,1.08704500881482
953.476738369185,1.07743069265594
953.976988494247,1.06471012002163
954.47723861931,1.07068740189959
954.977488744372,1.07377556367709
955.477738869435,1.07623644259355
955.977988994497,1.08399303643315
956.47823911956,1.0893731932799
956.978489244622,1.09108615801586
957.478739369685,1.0775875133712
957.978989494747,1.06588627538612
958.47923961981,1.0706632756357
958.979489744872,1.07143531608008
959.479739869935,1.06996361398298
959.979989994997,1.07341970128476
960.48024012006,1.06952330966705
960.980490245123,1.07161023149325
961.480740370185,1.08378193162414
961.980990495248,1.07741259795803
962.48124062031,1.063353017678
962.981490745373,1.06529518192089
963.481740870435,1.07189371509392
963.981990995498,1.07784687070799
964.48224112056,1.08446349857894
964.982491245623,1.08311242780128
965.482741370685,1.07630882138521
965.982991495748,1.07808210178088
966.48324162081,1.08393272077343
966.983491745873,1.07909540486413
967.483741870935,1.07823289093018
967.983991995998,1.08750943939464
968.484242121061,1.08072995924246
968.984492246123,1.06640499005968
969.484742371186,1.07356445886808
969.984992496248,1.0785465323607
970.485242621311,1.07069343346556
970.985492746373,1.07303971262855
971.485742871436,1.08954810869308
971.985992996498,1.1029261220183
972.486243121561,1.09089314790477
972.986493246623,1.07343176441671
973.486743371686,1.06978266700383
973.986993496748,1.07200228328141
974.487243621811,1.07922809931551
974.987493746873,1.07838971164544
975.487743871936,1.07243052446541
975.987993996999,1.07446919376384
976.488244122061,1.07612184284008
976.988494247124,1.08364320560679
977.488744372186,1.0940174990781
977.988994497249,1.08526569685317
978.489244622311,1.06385363765365
978.989494747374,1.06186322088299
979.489744872436,1.07777449191633
979.989994997499,1.08994016048124
980.490245122561,1.08738880807521
980.990495247624,1.07876366873569
981.490745372686,1.08622471584267
981.990995497749,1.08991000265138
982.491245622811,1.07838971164544
982.991495747874,1.06575358093474
983.491745872936,1.06141085343512
983.991995997999,1.07164642088908
984.492246123061,1.08714754543634
984.992496248124,1.09717803964727
985.492746373187,1.09292578563723
985.992996498249,1.08233435579093
986.493246623312,1.07333525936116
986.993496748374,1.06741226157695
987.493746873437,1.07310605985424
987.993996998499,1.08281688106867
988.494247123562,1.08601361103366
988.994497248624,1.07693610424626
989.494747373687,1.06425775257376
989.994997498749,1.0665075266812
990.495247623812,1.07968046676338
990.995497748874,1.09238294469977
991.495747873937,1.08829354297096
991.995997999,1.07979506651685
992.496248124062,1.08697263002316
992.996498249125,1.08505459204416
993.496748374187,1.07329906996533
993.99699849925,1.06297906058776
994.497248624312,1.05467359424473
994.997498749375,1.06214067291769
995.497748874437,1.0690649106532
995.9979989995,1.05920933185545
996.498249124562,1.06174862112953
996.998499249625,1.06695989412908
997.498749374687,1.06059056046297
997.99899949975,1.07013852939616
998.499249624812,1.08376986849219
998.999499749875,1.07779258661424
999.499749874937,1.07290701817717
1000,1.08394478390537
